Car 690 2.413733 21.796488 2.496604 4.653381 -0.519648
Car 691 2.380879 14.234326 2.426153 4.959073 0.916080
Car 693 2.410626 0.247953 2.619833 5.462271 0.426174
Car 694 -2.365687 -9.525821 2.410023 4.697440 -2.183931
Car 647 -0.258137 19.570203 2.466797 4.852192 -0.952764
Car 695 2.512859 -5.054300 2.251386 4.181008 0.632239
Car 696 2.458646 -14.886294 2.258822 4.455208 -0.267586
Car 697 -2.424965 -19.915846 2.350194 4.941724 0.071683
Car 689 2.449832 28.596907 2.330014 4.702572 -1.251191
Car 692 -2.459043 2.383637 2.428364 4.694511 0.247475
Car 699 -2.521931 -29.294746 2.245090 4.136137 -2.208467
