Car 1082 -4.253543 17.836209 2.244938 4.315730 -4.808941
Car 1083 -3.705272 12.535656 2.263315 4.042265 174.116922
Car 1085 -3.228364 6.312878 2.384425 4.532631 -6.049246
Car 1086 8.227795 6.596341 2.521374 5.336999 174.374201
Car 1089 4.193527 12.218458 2.391943 4.521024 173.262094
Car 1088 -4.119591 -18.892788 2.751545 5.987820 -81.997328
Car 1090 6.513380 -7.657309 2.549979 4.846891 173.574075
Car 1077 -5.850718 29.395462 2.598977 4.930140 -8.016110
Car 1080 6.532177 22.099016 2.367364 4.863065 173.399400
Car 1081 -4.830602 22.334510 2.182583 5.024719 -8.533297
Car 1079 5.670387 27.822942 2.367804 4.436907 172.509405
