Car 355 -1.387604 -12.582060 2.561116 4.803128 1.564233
Car 356 -0.243880 8.346528 3.155101 7.001118 -0.879675
Car 364 4.479671 15.616448 2.357258 4.920373 -86.030240
Car 366 4.544970 13.263371 2.378304 4.829287 -86.812676
Car 365 4.287689 8.435202 2.534250 4.794490 -91.697937
Car 368 -3.992354 1.766727 2.446748 4.936346 0.067461
Car 369 4.445501 -0.648522 2.414196 4.727995 -91.144211
Car 371 4.771662 5.993811 2.443164 4.928734 -87.510429
Car 370 4.587267 3.655264 2.362458 4.602458 88.614316
Car 372 5.230813 1.566106 2.217292 3.911442 -89.979705
Car 373 5.222699 -3.131721 2.258351 4.273423 -92.388608
Car 374 5.540362 -5.579171 2.410547 4.762323 -88.382017
Car 375 5.456065 -8.179656 2.360978 4.278431 -84.747633
Car 376 5.143222 -10.693019 2.593828 5.167003 96.006421
Car 377 5.321181 -12.762211 2.203975 4.232805 -81.627891
Car 378 4.603058 -14.995108 2.485824 4.901630 100.551574
Car 360 4.275649 22.748561 2.432621 5.289113 -87.161321
Car 362 4.459923 20.352556 2.313968 4.295129 -90.009575
Car 363 4.603448 18.096315 2.338602 4.942848 -87.548710
Car 379 14.338419 -3.092471 2.421225 4.950727 174.531440
Car 380 4.808317 -17.448721 2.463206 5.228150 95.767963
Car 381 5.313118 -20.129205 2.337296 4.931138 97.762220
Car 382 5.595194 -25.935002 2.688688 5.276532 93.241400
Car 383 5.611703 -28.436079 2.642896 5.168802 -87.288663
Car 384 6.085382 -22.799734 2.314202 5.306313 -89.066295
Car 367 4.806916 10.786791 2.368837 4.546709 -90.860300
