Car 627 -3.305100 15.919238 2.523424 4.739124 0.249089
Car 629 3.992602 8.809872 2.510860 5.147421 -179.620740
Car 630 -3.206874 4.310797 2.569306 5.480733 -0.191467
Car 631 3.715887 -4.479324 2.348890 4.788791 0.676343
Car 632 -3.244973 -9.412066 2.600271 5.326049 0.956888
Car 633 3.719968 -9.620883 2.402361 5.049811 0.609814
Car 623 -3.122734 20.535950 2.537355 5.001442 0.951330
Car 636 -8.835352 -3.353806 2.156849 3.929630 89.600345
Car 638 -3.281918 -14.281259 2.354651 4.274868 -0.937108
Car 639 3.681495 -20.219984 2.443784 4.906412 -175.862124
Car 640 -3.208450 -26.462217 2.368496 4.947482 -179.731274
Car 624 4.121685 26.290640 2.393452 4.723734 3.203004
Car 625 4.049369 21.564546 2.383959 4.362121 8.848173
Car 626 3.817704 16.178068 2.446312 5.421468 3.077973
Car 637 -8.552605 -1.110248 2.314748 4.622494 90.510365
Car 635 -8.828966 9.379457 2.237664 4.498803 93.618787
Car 641 3.793964 -27.303191 2.225573 4.149933 1.341159
