Car 640 -12.663023 16.140417 2.368496 4.947482 136.797930
Car 641 -7.267049 20.950464 2.225573 4.149933 -45.382623
Car 647 -2.626802 7.381113 2.466797 4.852192 -32.424964
Car 657 16.819619 0.743052 2.601998 4.734204 -128.226691
Car 645 7.098717 -16.853861 2.580505 5.134879 -123.963884
Car 646 0.702483 -20.638665 2.459569 5.079300 -122.811384
Car 648 -3.464033 -23.166693 2.366348 4.922649 -124.083334
Car 649 -7.203996 -25.667867 2.475636 4.785736 -120.951860
Car 655 -10.626888 18.271588 2.503319 4.650300 -43.213105
Car 639 -11.996029 25.519964 2.443784 4.906412 137.832159
