Car 2 -0.782389 11.614673 2.906382 5.849356 -1.191020
Car 10 13.888363 11.783572 2.589331 5.392134 179.662556
Car 3 13.415569 6.688651 2.623568 5.374746 -175.190912
Car 4 13.556757 2.081616 2.623636 5.173045 -177.865814
Car 5 13.119955 -4.935122 2.934462 6.829767 -174.548450
Car 6 12.405428 -12.084689 2.826072 5.947627 3.892230
Car 7 11.900477 -18.520942 2.644685 5.670566 5.305110
Car 12 3.888224 -12.616554 3.504505 8.833812 2.480991
Car 11 13.261881 27.036116 2.325997 4.612012 -176.725647
Car 21 2.138786 21.807369 2.572838 4.941534 -3.259339
