Car 410 5.076913 10.114374 2.357493 5.092914 93.125704
Car 411 5.068168 7.708650 2.316628 4.910659 93.345458
Car 412 4.941579 5.352866 2.363329 4.833912 91.983450
Car 413 10.356632 -1.837617 3.238519 7.301345 -172.355727
Car 414 5.321643 3.017025 2.544475 4.924147 93.839936
Car 415 5.338467 0.402834 2.431812 4.436301 92.922645
Car 416 5.499617 -2.164320 2.725955 5.194973 92.576026
Car 417 -3.529510 -7.087841 2.430096 4.794458 4.251064
Car 399 -3.684294 29.308727 2.511274 5.177445 -2.679536
Car 400 5.153644 29.223315 2.472722 4.479739 87.573039
Car 401 5.295870 26.768341 2.495547 4.971532 87.205422
Car 402 4.827977 24.381746 2.445639 4.564324 88.689880
Car 404 5.120388 22.178680 2.400478 4.273474 -89.479646
Car 405 5.020261 19.722494 2.652175 4.950517 92.817946
Car 407 5.481271 17.329040 2.466998 4.641460 91.412046
Car 408 5.085992 15.018260 2.488110 4.889539 89.108202
Car 409 5.186129 12.568644 2.431686 4.932890 92.432062
