Car 795 -0.127354 -7.678284 2.480460 4.912614 -1.941844
Car 814 -0.157664 6.403013 2.765413 5.281266 2.566913
Car 816 1.971048 17.500819 2.570953 5.025377 16.540014
Car 819 7.079375 21.607266 2.926410 6.498190 -164.671310
Car 820 3.426312 4.885674 2.471697 5.151392 -178.202708
Car 821 3.402079 -6.377569 2.788219 5.613046 179.662113
Car 822 3.656787 -20.486326 2.440789 4.543196 -179.990663
Car 799 -0.044269 -14.298233 2.496501 5.257452 -0.677758
Car 797 0.337095 -28.037747 3.027616 7.141880 0.145187
Car 808 0.245820 -20.261987 2.453783 5.015134 -0.763500
