Car 546 0.206782 -7.524424 2.702487 5.132290 1.398816
Car 549 -8.219296 -3.814811 2.305356 4.757945 82.815793
Car 558 -2.161005 -9.095984 2.723822 5.456314 -1.561323
Car 559 -0.023986 11.252216 2.569796 5.038259 1.701116
Car 561 3.251301 3.925694 2.650225 4.999799 -179.973482
Car 547 -2.468834 -15.288557 2.475778 4.667500 10.009030
Car 550 -10.799219 -27.954179 3.067537 7.478715 60.075325
Car 552 -10.934829 -23.333080 2.499677 5.239921 73.507507
Car 551 -0.135338 -14.323983 2.369010 4.933984 10.442879
Car 560 0.187821 17.770644 2.661195 5.439123 2.585595
Car 554 -1.557237 -19.660405 2.266345 4.486932 28.587744
