Car 576 0.966946 24.028254 2.705789 5.520750 166.727098
Car 584 5.300883 9.373939 2.633292 4.906806 167.447096
Car 585 7.356784 -16.148891 2.513845 5.000506 168.553172
Car 588 -20.517971 -15.944885 2.508349 5.019377 90.311250
Car 579 13.175493 16.190986 2.438951 4.779554 -90.738041
Car 580 12.908660 18.815122 2.373443 4.518793 -90.315602
Car 581 16.070563 5.156826 2.376857 5.006941 118.465260
Car 582 17.343842 0.141985 2.785747 5.573591 112.736093
Car 583 22.939666 21.510509 2.408414 4.769906 -112.718200
Car 586 -20.376235 -8.847955 2.415834 4.963284 96.255385
