Car 907 -3.801729 22.706120 2.528292 4.744564 -5.933115
Car 920 9.921081 13.971447 2.500064 5.213309 125.197388
Car 921 10.068177 10.512152 2.546050 4.854128 130.423970
Car 922 18.050368 10.162139 2.246925 4.175229 74.774118
Car 926 18.513965 6.013982 2.439133 4.398419 88.640349
Car 924 11.899060 -0.404548 2.451318 4.694633 36.383802
Car 923 19.076146 3.340103 2.460013 4.594455 -87.927833
Car 927 12.739520 -3.500336 2.521460 5.169766 35.125872
Car 906 -4.518511 28.991171 2.481356 5.173947 -6.048605
Car 919 9.274160 17.348952 2.329115 4.684116 124.407196
Car 929 -8.938692 0.165882 2.461235 5.234733 -95.838857
Car 913 8.741107 22.850002 2.459484 4.732788 127.868298
Car 914 8.651614 20.231337 2.228318 4.387951 123.390058
