Car 668 -1.306476 22.832043 2.438598 4.879783 -9.390801
Car 670 -0.322519 17.478905 2.497215 5.044354 -8.885008
Car 671 -2.494563 -11.023068 2.584736 5.249863 -4.668847
Car 673 -2.266276 -16.015231 2.562077 4.682991 -2.402475
Car 672 2.697029 -14.944474 2.512770 4.718191 -2.569309
Car 669 -2.227674 27.564059 2.326734 4.972278 -11.976932
Car 647 -4.104830 22.170302 2.466797 4.852192 -9.964923
Car 674 2.872285 -20.783896 2.577324 4.939944 -1.077272
Car 675 -1.883825 -25.670729 2.525925 5.208517 -1.841353
Car 676 2.998501 -26.707306 2.477123 4.882916 -2.295974
