Car 546 0.206613 -7.524049 2.702487 5.132290 1.399822
Car 549 -8.219412 -3.814284 2.305356 4.757945 82.816799
Car 558 -2.161208 -9.095566 2.723822 5.456314 -1.560317
Car 559 0.032276 15.410720 2.569796 5.038259 1.702122
Car 547 -2.468211 -15.289593 2.475778 4.667500 10.007579
Car 550 -10.798218 -27.955457 3.067537 7.478715 60.073876
Car 552 -10.933930 -23.334371 2.499677 5.239921 73.506059
Car 551 -0.134740 -14.324959 2.369010 4.933984 10.441428
Car 560 0.401089 25.361036 2.661195 5.439123 1.527261
Car 554 -1.556487 -19.661423 2.266345 4.486932 28.586294
