Car 555 3.377705 28.943403 2.343891 4.983529 -179.952330
Car 556 3.444351 9.409552 2.285563 4.763916 178.890999
Car 546 0.180185 -8.612419 2.702487 5.132290 1.372723
Car 547 -2.598585 -16.447949 2.475778 4.667500 10.344334
Car 548 -5.525852 -21.493774 2.494128 5.023186 38.870147
Car 549 -8.221615 -4.885058 2.305356 4.757945 82.790529
Car 550 -10.865015 -29.124809 3.067537 7.478715 60.042732
Car 551 -0.194518 -15.490398 2.369010 4.933984 10.523053
Car 552 -10.987072 -24.345640 2.499677 5.239921 73.590060
Car 554 -1.599697 -20.684273 2.266345 4.486932 28.666820
