Car 398 4.852862 19.989471 2.461406 4.533678 87.966836
Car 399 -3.658467 17.576284 2.511274 5.177445 -2.576847
Car 400 5.175158 17.511683 2.472722 4.479739 87.675429
Car 401 5.323702 15.045645 2.495547 4.971532 87.307801
Car 402 4.843659 12.760233 2.445639 4.564324 88.792306
Car 404 5.143512 10.520422 2.400478 4.273474 -89.377156
Car 405 5.037018 8.080419 2.652175 4.950517 92.920512
Car 407 5.487246 5.608948 2.466998 4.641460 91.514572
Car 408 5.088580 3.285605 2.488110 4.889539 89.210672
Car 409 5.189282 0.901589 2.431686 4.932890 92.534649
Car 410 5.003796 -1.464516 2.357493 5.092914 92.641695
Car 411 5.076050 -3.880040 2.316628 4.910659 92.861458
Car 412 4.883303 -6.197651 2.363329 4.833912 92.771491
Car 413 7.241884 -27.325472 3.238519 7.301345 -162.708637
Car 414 5.186823 -8.640075 2.544475 4.924147 98.045077
Car 415 5.250637 -11.195730 2.431812 4.436301 95.887016
Car 416 5.508308 -13.972352 2.725955 5.194973 94.323688
Car 417 -3.569148 -18.545768 2.430096 4.794458 3.767139
Car 394 5.476428 29.269868 2.356834 4.358713 -84.113309
Car 396 5.007762 24.818151 2.452165 4.857709 -86.242869
Car 397 4.752775 22.580076 2.449816 4.496148 92.663860
Car 395 5.224360 27.279490 2.232809 4.413702 90.894787
Car 418 10.394743 -9.094284 2.295910 4.602385 -176.366967
