Car 301 -2.961149 3.885808 2.392000 4.381714 -3.494150
Car 304 4.099143 6.391872 2.587284 4.909506 -2.408560
Car 305 4.296583 0.162962 2.550386 4.811516 -0.351330
Car 307 4.501106 -4.806226 2.265454 4.114002 3.189413
Car 306 4.438456 -10.010153 2.552733 4.930009 0.191924
Car 308 4.433173 -15.091363 2.643240 5.205126 1.017367
Car 309 4.462187 -24.117512 2.679817 6.374964 0.325702
Car 310 -2.653407 -17.587821 2.591118 5.279086 177.904042
Car 311 -9.268518 -10.283344 2.299198 4.405205 88.335425
Car 293 -2.753115 27.202953 2.575737 5.621989 2.714986
Car 313 -2.591356 -29.610414 2.501963 5.149210 176.499571
