Car 1159 -1.785421 15.094018 2.456841 4.781479 149.844015
Car 1160 -5.986587 7.905638 2.403375 5.271937 149.967085
Car 1161 0.782337 10.524513 2.508027 4.868843 147.817953
Car 1162 2.915823 6.408294 2.377658 4.524916 151.182452
Car 1163 9.217745 -19.149834 2.518023 5.483710 152.651167
Car 1164 -11.687070 -11.403416 2.580441 5.798688 65.284767
Car 1165 -17.384401 -14.017913 2.462112 5.115213 64.873002
Car 1155 -16.437736 26.145816 2.490378 4.887186 148.883154
Car 1158 -11.025008 16.658528 2.354059 4.722298 -30.142512
Car 1157 -13.627593 21.261965 2.284094 4.306632 -28.925754
