Car 905 -5.044389 19.839766 2.349348 4.317012 -7.685941
Car 906 -4.513944 14.375382 2.481356 5.173947 -5.439967
Car 907 -3.918840 8.274116 2.528292 4.744564 -5.275203
Car 913 9.059149 7.897233 2.459484 4.732788 128.462517
Car 914 9.093089 5.167424 2.228318 4.387951 123.983880
Car 919 9.266218 2.528123 2.329115 4.684116 125.000755
Car 920 9.726336 -0.727956 2.500064 5.213309 125.854556
Car 921 9.849968 -4.050996 2.546050 4.854128 131.081402
Car 922 17.793141 -4.400385 2.246925 4.175229 75.431872
Car 923 18.819647 -11.439258 2.460013 4.594455 -90.702460
Car 924 11.791407 -14.782325 2.451318 4.694633 37.140808
Car 904 -5.537095 25.158430 2.433379 4.408692 -1.437195
Car 925 17.502041 1.016337 2.475166 4.670846 83.776351
Car 926 18.246457 -8.779334 2.439133 4.398419 89.260492
Car 911 8.812493 14.093737 2.558871 4.619943 128.101181
Car 912 9.334965 10.913226 2.520398 4.732788 126.909745
Car 928 20.300187 -18.867850 2.214952 4.375974 -42.445390
Car 929 -9.252465 -14.453264 2.461235 5.234733 -95.229738
