Car 585 2.900255 8.913355 2.513845 5.000506 26.418260
Car 586 -6.436484 -10.065843 2.415834 4.963284 22.165700
Car 587 -3.374721 -22.616224 2.786875 5.500053 -160.277277
Car 590 10.631210 17.232377 2.410986 5.072774 94.258989
Car 589 0.142340 17.765763 2.389026 4.842376 95.982495
Car 559 -16.562674 13.194957 2.569796 5.038259 -83.002782
Car 588 0.086073 -12.217939 2.508349 5.019377 22.274041
Car 591 -8.233967 -14.744669 2.424698 4.229058 22.293548
Car 592 -9.735753 -19.517726 2.339386 4.684691 20.884217
Car 593 -12.067051 -25.019632 2.477353 5.392885 -159.609451
Car 584 -20.933321 20.827115 2.633292 4.906806 94.990803
Car 594 -5.190024 -27.554269 2.338608 4.213961 24.232989
