Car 1022 -4.924720 -21.184247 2.722351 5.215405 42.260394
Car 1023 0.894017 20.546094 2.556834 4.920067 4.916686
Car 1026 3.355938 8.000635 2.590515 4.906753 -179.938807
Car 1034 2.479347 -24.216812 2.473623 5.189439 -144.637209
Car 1027 9.860624 3.109334 2.406507 4.808497 88.376461
Car 1028 10.635179 0.389144 2.384996 5.593885 70.563353
Car 1029 11.308751 -2.167602 2.420384 5.004937 -110.003579
Car 1030 13.899233 -6.581835 2.561550 5.590213 53.693574
Car 1035 0.518505 -29.183771 2.246573 4.392640 -98.608777
Car 1031 10.042595 5.433088 2.532583 4.764702 -91.363972
Car 1032 16.950598 -10.749532 2.510591 4.938537 43.897046
