Car 355 4.863349 -8.338238 2.561116 4.803128 -66.686333
Car 356 1.409236 6.488064 3.155101 7.001118 1.001473
Car 382 6.621968 5.678662 2.688688 5.276532 86.870526
Car 383 6.686203 3.134218 2.642896 5.168802 -89.703882
Car 384 7.080715 8.790654 2.314202 5.306313 -90.588220
Car 385 6.859139 0.472261 2.434097 5.129521 -88.870896
Car 387 -3.275620 -26.602966 2.436076 4.686705 -89.725585
Car 389 -2.329075 -29.474388 2.355127 4.745786 -97.784627
Car 390 18.212868 -24.854359 2.254135 4.710161 178.063405
Car 381 6.385475 11.170719 2.337296 4.931138 91.509196
Car 386 16.783529 7.756242 2.737829 5.799408 171.522277
