Car 795 -0.098670 -7.672268 2.480460 4.912614 -2.914083
Car 813 3.572019 7.380619 3.070286 6.145272 -174.892718
Car 814 -0.132718 6.468446 2.765413 5.281266 4.600636
Car 815 3.532934 -8.773316 2.372270 4.555887 179.662873
Car 816 2.347188 18.695220 2.570953 5.025377 17.662622
Car 817 4.278037 -20.206796 2.558104 5.059665 179.291730
Car 799 -0.046157 -14.300475 2.496501 5.257452 -0.666745
Car 797 0.332560 -28.040018 3.027616 7.141880 0.156200
Car 808 0.242782 -20.264274 2.453783 5.015134 -0.752487
Car 812 6.238392 19.975425 2.465126 4.975824 -165.248669
