Car 425 5.386243 24.063207 2.386037 5.046938 179.625484
Car 426 5.079666 18.454877 2.322121 4.839994 -176.947593
Car 427 4.967138 12.867336 2.525322 5.017267 178.285841
Car 430 4.634915 7.146168 2.655086 5.246916 -178.141917
Car 431 3.698785 -6.771036 2.626723 5.191393 -177.075419
Car 432 -3.267147 -3.001687 2.514329 5.041837 1.059597
Car 433 2.577752 -12.491942 2.626571 5.243298 9.501974
Car 424 -6.624586 29.268994 2.434950 4.834490 -91.027595
Car 434 3.035015 -20.141572 2.554152 4.933398 -176.735501
Car 435 2.711041 -25.659205 2.603216 5.193611 -175.960238
Car 429 -6.888059 24.190664 2.292355 4.662374 92.205453
