Car 355 1.069427 -15.858608 2.561116 4.803128 -11.563315
Car 356 8.334629 4.659742 3.155101 7.001118 129.870037
Car 358 4.630693 -0.402000 2.583945 5.383743 -100.376541
Car 360 5.300425 -5.418521 2.432621 5.289113 -92.160987
Car 361 5.303393 -2.730392 2.224324 4.295091 -97.092282
Car 362 5.751798 -7.935466 2.313968 4.295129 -94.063364
Car 363 6.252337 -10.118013 2.338602 4.942848 -89.475486
Car 364 6.517276 -12.483753 2.357258 4.920373 -89.953557
Car 365 7.192492 -19.582357 2.534250 4.794490 -96.468558
Car 366 6.849881 -14.970453 2.378304 4.829287 -90.535876
Car 368 -0.037767 -27.324406 2.446748 4.936346 -7.157895
Car 369 8.640876 -28.586288 2.414196 4.727995 -100.212687
Car 370 8.134492 -24.474318 2.362458 4.602458 -96.333985
