Car 44 0.002348 8.725929 2.484940 4.894949 1.840296
Car 226 -0.536136 -24.678793 3.226672 6.720448 0.785555
Car 227 -11.659697 -16.807160 2.520158 4.875969 -87.932534
Car 228 -10.314733 -20.769378 2.364129 4.745641 -179.494276
Car 229 -18.101176 -20.081473 2.609746 5.527851 -175.470006
Car 231 -20.533373 -19.700682 2.705446 5.461498 -175.533902
Car 232 -25.673280 -19.686201 2.542957 5.375406 -167.019137
Car 235 -27.815791 -18.961214 2.240086 5.082344 -164.924059
Car 230 -12.958392 -20.914403 2.507865 4.752691 -175.541008
Car 233 -15.343241 -20.152370 2.188943 4.416155 179.060966
Car 234 -23.013735 -19.555595 2.293837 4.368731 8.062291
