Car 1062 24.402324 18.964550 2.925402 7.581790 -108.368330
Car 1063 13.599751 11.708893 2.568007 5.099543 -147.226325
Car 1068 9.366447 3.021458 2.615995 4.954511 -162.779485
Car 1061 -3.453204 -5.835527 2.484346 5.093800 2.734379
Car 1067 7.501694 -6.584204 2.499580 4.923102 -176.485064
Car 1065 -3.445329 -17.035153 2.446431 4.834397 0.017617
Car 1069 7.404142 -18.821449 2.351158 4.390927 -177.475703
Car 1023 19.469218 22.189249 2.556834 4.920067 78.439578
Car 1066 -3.132888 -24.115730 2.648395 5.451577 0.126399
Car 1060 -16.894466 20.470111 2.553992 5.297452 -68.064060
