Car 676 2.588837 10.428086 2.477123 4.882916 -0.558474
Car 675 -2.199548 12.090088 2.525925 5.208517 1.079704
Car 673 -1.974711 21.368677 2.562077 4.682991 -0.205596
Car 674 2.811505 16.405888 2.577324 4.939944 -0.014392
Car 677 -2.641203 -3.880263 2.525206 5.198171 -1.165087
Car 678 -2.896790 -18.538267 2.360369 4.447799 -0.358249
Car 672 2.889858 22.663098 2.512770 4.718191 0.469636
Car 671 -1.783300 27.468359 2.584736 5.249863 0.470731
Car 647 0.310643 20.023535 2.466797 4.852192 1.237710
Car 679 -2.905186 -24.202418 2.351573 4.767702 0.395773
Car 681 12.998737 -8.538224 2.311743 4.031598 -88.128120
