Car 2 -0.605421 11.666246 2.906382 5.849356 -1.043310
Car 15 7.035664 13.204861 2.681705 5.950330 177.566367
Car 3 13.477346 6.748645 2.623568 5.374746 -174.438278
Car 4 13.523781 2.012632 2.623636 5.173045 -178.238938
Car 5 13.025420 -4.817651 2.934462 6.829767 -174.087772
Car 6 12.433172 -12.162069 2.826072 5.947627 4.108681
Car 7 11.927410 -18.467154 2.644685 5.670566 4.149727
Car 8 11.114796 -27.173001 2.926247 5.943830 -179.834702
Car 10 13.986691 11.692531 2.589331 5.392134 179.567221
Car 12 -2.666018 21.201804 3.504505 8.833812 -6.020328
