Car 1325 -3.822165 25.422028 2.488490 4.498556 -1.626528
Car 1328 -3.710613 20.650983 2.455885 5.227670 -4.859029
Car 1330 3.592789 18.516441 2.654894 5.072065 179.098268
Car 1329 -3.670227 13.898014 2.616369 5.582392 -0.847417
Car 1333 3.545289 5.084268 2.507637 4.721419 0.494274
Car 1334 -8.970981 8.670925 2.468584 4.829678 88.614571
Car 1336 -3.551700 0.185224 2.832032 5.608284 -0.030447
Car 1337 3.485808 -0.097746 2.510250 5.097755 -1.041438
Car 1339 3.474173 -5.456508 2.506606 5.042568 3.274088
Car 1335 6.558943 12.236964 2.433290 4.620580 86.795278
Car 1340 3.525606 -10.551963 2.394937 4.896445 -176.672562
Car 1342 3.713571 -17.683292 2.327965 4.526008 -0.060006
Car 1341 -3.458848 -4.684101 2.468575 4.420341 -1.538105
Car 1343 -3.451581 -16.811693 2.590929 5.118352 -177.236901
Car 1327 3.392108 26.210259 2.563966 5.603610 2.115246
Car 1331 -8.636270 20.877139 2.351648 5.514666 87.179804
Car 1332 -9.263450 18.877632 2.290981 4.323369 91.394460
Car 1344 -13.070720 -11.756321 2.428713 4.842706 88.671393
Car 1345 -12.545440 -8.881185 2.614936 5.108185 90.145475
Car 1347 -15.225642 -17.731778 2.431029 4.797379 -163.927015
