Car 904 -4.537422 8.803676 2.433379 4.408692 2.370002
Car 905 -4.345645 3.919253 2.349348 4.317012 -1.808390
Car 906 -4.126623 -2.024949 2.481356 5.173947 -0.495582
Car 907 -4.028413 -8.052271 2.528292 4.744564 -1.596763
Car 910 8.607401 6.612348 2.448190 4.481758 138.239058
Car 911 9.224342 -3.238525 2.558871 4.619943 131.863513
Car 912 9.150039 -6.249994 2.520398 4.732788 131.814461
Car 915 16.244198 0.375957 2.389155 4.752833 87.450906
Car 916 16.465999 -1.877329 2.356426 4.683793 86.558088
Car 917 16.785120 -4.301577 2.435863 5.123936 88.454122
Car 918 16.845826 -6.914965 2.351720 4.654238 87.842587
Car 913 8.754590 -9.164378 2.459484 4.732788 128.098748
Car 914 8.906807 -12.089169 2.228318 4.387951 127.668644
Car 919 8.743477 -14.796768 2.329115 4.684116 128.809723
Car 920 9.051527 -18.120531 2.500064 5.213309 129.663862
Car 921 8.934606 -21.413995 2.546050 4.854128 134.890881
