Car 355 -1.714440 -13.811879 2.561116 4.803128 2.894542
Car 356 0.476278 9.945596 3.155101 7.001118 22.161177
Car 358 5.071649 10.255500 2.583945 5.383743 -85.534728
Car 360 4.925172 5.163027 2.432621 5.289113 -84.853894
Car 361 5.216261 7.585804 2.224324 4.295091 -86.750742
Car 362 4.852029 2.676465 2.313968 4.295129 -86.659599
Car 363 4.930281 0.528111 2.338602 4.942848 -85.213702
Car 364 4.713379 -1.885468 2.357258 4.920373 -83.961880
Car 366 4.503911 -4.318415 2.378304 4.829287 -82.997046
Car 367 4.717100 -6.784599 2.368837 4.546709 -90.064848
Car 365 3.977741 -9.073707 2.534250 4.794490 -87.249815
Car 368 -4.776210 -15.336214 2.446748 4.936346 3.903560
Car 369 3.616767 -18.081123 2.414196 4.727995 -89.133908
Car 370 3.906135 -13.953911 2.362458 4.602458 -85.257147
Car 371 4.329604 -11.708276 2.443164 4.928734 -84.575276
