Car 12 -3.484820 14.630518 3.504505 8.833812 -1.800932
Car 24 7.704317 16.305301 2.673276 5.174316 175.316219
Car 25 7.941435 9.849615 2.451961 5.552949 -1.937967
Car 26 8.655401 -2.935912 2.264938 4.674540 -1.537893
Car 28 8.722614 -9.409957 2.471295 5.824149 177.142605
Car 33 -9.231738 1.244005 2.198245 4.212724 -4.811630
Car 34 -9.474600 -3.496924 2.387447 4.375950 -48.788809
Car 35 -9.812610 -7.517630 2.261204 4.313418 144.851072
Car 36 -9.672386 -10.747451 2.404494 4.905887 -56.636522
Car 37 -9.007534 -14.294003 2.257904 4.614538 -57.670472
Car 38 -9.242844 -17.181027 2.366470 4.400379 -59.276942
Car 39 -9.196219 -20.372809 2.144205 4.206293 -56.718207
Car 40 -9.424682 -23.331453 2.347752 4.529285 -56.592045
Car 31 -15.503260 1.594987 2.275906 4.522585 166.045077
