Car 904 -4.876562 16.860260 2.433379 4.408692 0.683742
Car 905 -4.497705 11.695469 2.349348 4.317012 -5.556036
Car 906 -4.144933 6.271148 2.481356 5.173947 -3.309633
Car 907 -3.881879 0.365793 2.528292 4.744564 -3.144641
Car 910 8.167069 15.326566 2.448190 4.481758 136.558103
Car 911 9.171066 5.569599 2.558871 4.619943 130.182712
Car 914 9.005532 -3.466932 2.228318 4.387951 125.988311
Car 915 16.164392 9.342573 2.389155 4.752833 85.770169
Car 916 16.465507 6.974768 2.356426 4.683793 84.877330
Car 918 16.976874 1.906767 2.351720 4.654238 86.161849
Car 919 9.171792 -6.079728 2.329115 4.684116 127.126914
Car 920 9.581015 -9.399236 2.500064 5.213309 127.981032
Car 921 9.556177 -12.699274 2.546050 4.854128 133.208316
Car 923 18.143962 -20.376545 2.460013 4.594455 -88.581502
Car 924 10.923900 -23.447351 2.451318 4.694633 41.840453
Car 926 17.661735 -17.771874 2.439133 4.398419 91.374704
Car 928 19.463565 -27.839980 2.214952 4.375974 -40.311141
Car 912 9.160727 2.450666 2.520398 4.732788 130.335653
Car 913 8.812320 -0.552734 2.459484 4.732788 129.238457
Car 922 17.299510 -13.309529 2.246925 4.175229 77.550995
Car 925 17.268162 -8.034644 2.475166 4.670846 85.892001
Car 929 -10.040461 -22.489030 2.461235 5.234733 -93.120494
