Car 290 -2.804083 26.263778 2.715440 5.472997 3.224052
Car 293 -2.845997 19.345077 2.575737 5.621989 2.570182
Car 294 4.527923 26.514466 2.429819 4.757367 0.402116
Car 301 -2.998603 -4.137724 2.392000 4.381714 -3.639546
Car 304 3.957768 -1.145389 2.587284 4.909506 -2.244015
Car 305 4.246580 -7.409319 2.550386 4.811516 0.043819
Car 306 4.411938 -17.752975 2.552733 4.930009 0.043651
Car 302 23.172236 23.996162 2.192753 4.242172 -84.707363
Car 303 23.193478 26.669065 2.212003 4.089237 -77.335554
Car 307 4.422269 -12.665159 2.265454 4.114002 3.043765
Car 308 4.330558 -22.796945 2.643240 5.205126 0.871684
Car 310 -2.642940 -25.455423 2.591118 5.279086 177.758724
Car 311 -9.279477 -18.054036 2.299198 4.405205 88.187610
Car 299 13.602537 25.008265 2.208763 4.119466 -77.132548
