Car 2 -0.737892 11.636347 2.906382 5.849356 -6.369143
Car 10 13.915528 11.753616 2.589331 5.392134 -179.656976
Car 3 13.463960 6.797042 2.623568 5.374746 -175.156281
Car 4 13.532557 2.067515 2.623636 5.173045 -178.200544
Car 5 13.049424 -4.863948 2.934462 6.829767 -173.963381
Car 6 12.249978 -12.103730 2.826072 5.947627 4.637770
Car 7 11.899921 -18.508505 2.644685 5.670566 4.406627
Car 21 3.543068 -17.661518 2.572838 4.941534 -1.075984
Car 11 13.387765 26.989070 2.325997 4.612012 -176.464201
Car 8 10.951662 -27.007524 2.926247 5.943830 -175.884819
