Car 2 -0.703604 11.616040 2.906382 5.849356 -1.191485
Car 10 13.888263 11.783645 2.589331 5.392134 179.662091
Car 3 13.415465 6.688595 2.623568 5.374746 -175.191377
Car 4 13.556737 2.081685 2.623636 5.173045 -177.866279
Car 5 13.119995 -4.935058 2.934462 6.829767 -174.548915
Car 6 12.405526 -12.084631 2.826072 5.947627 3.891765
Car 7 11.900617 -18.520883 2.644685 5.670566 5.304645
Car 8 10.981017 -27.208461 2.926247 5.943830 -179.717677
Car 12 3.585350 -25.250309 3.504505 8.833812 1.130608
Car 21 3.077848 7.490365 2.572838 4.941534 -3.258408
Car 11 13.262322 27.035964 2.325997 4.612012 -176.724716
