Car 1121 3.584086 17.084066 2.510938 4.920578 0.587984
Car 1122 -3.885211 15.370626 2.432441 4.967326 -0.890238
Car 1124 3.705886 11.046427 2.434040 4.815709 176.059962
Car 1125 3.609707 4.231512 2.420116 5.246667 179.231936
Car 1126 -3.914266 9.535807 2.330394 4.544666 179.267334
Car 1127 3.478886 -5.656062 2.753363 6.040592 0.693169
Car 1128 -3.827848 -9.348476 2.592485 5.526956 179.627335
Car 1129 3.702729 -11.038458 2.460654 4.801230 177.988062
Car 1119 3.722640 27.713689 2.295672 4.645189 -179.590759
Car 1120 3.747217 22.667265 2.326130 4.463335 -178.747244
