Car 1159 -1.362618 14.932505 2.456841 4.781479 151.618469
Car 1160 -5.782159 7.873433 2.403375 5.271937 151.741593
Car 1161 1.065285 10.279394 2.508027 4.868843 149.592433
Car 1162 3.069181 6.104579 2.377658 4.524916 152.956791
Car 1163 8.604646 -19.631918 2.518023 5.483710 154.425118
Car 1164 -12.058185 -11.256497 2.580441 5.798688 67.059202
Car 1165 -17.839446 -13.695793 2.462112 5.115213 66.647437
Car 1155 -15.657751 26.415219 2.490378 4.887186 150.657644
Car 1158 -10.540650 16.765370 2.354059 4.722298 -28.368024
Car 1157 -12.999640 21.447070 2.284094 4.306632 -27.151270
