Car 1149 4.045854 13.615013 2.712667 5.378160 -0.465739
Car 1150 -3.516376 15.436774 2.357410 4.554628 -2.197785
Car 1151 -3.423405 9.546445 2.916103 6.551229 -179.421454
Car 1152 -3.511569 0.090149 2.534129 5.435360 -0.828913
Car 1153 -3.650840 -6.662696 2.426204 4.709211 -2.891523
Car 1154 3.984231 -4.955195 2.476428 4.653723 0.137142
Car 1155 -3.486052 -12.594811 2.490378 4.887186 -177.831120
Car 1156 4.024980 -10.883801 2.593385 5.144399 178.844217
Car 1157 -3.515721 -18.252028 2.284094 4.306632 0.250392
Car 1158 -3.509311 -23.586320 2.354059 4.722298 -0.049543
Car 1159 3.917997 -29.224337 2.456841 4.781479 178.549556
