Car 2 -0.782285 11.614354 2.906382 5.849356 -1.190458
Car 10 13.888532 11.783297 2.589331 5.392134 179.663117
Car 3 13.418742 6.724340 2.623568 5.374746 -175.190351
Car 4 13.556832 2.081342 2.623636 5.173045 -177.865253
Car 5 13.119962 -4.935396 2.934462 6.829767 -174.547889
Car 6 12.405365 -12.084956 2.826072 5.947627 3.892791
Car 7 11.900351 -18.521198 2.644685 5.670566 5.305671
Car 8 10.980429 -27.209190 2.926247 5.943830 -179.716651
Car 11 13.265103 27.038124 2.325997 4.612012 -176.724855
Car 12 -2.666965 21.199980 3.504505 8.833812 -6.020210
