Car 355 -1.695179 -14.159720 2.561116 4.803128 1.584385
Car 356 0.117739 8.499646 3.155101 7.001118 5.512251
Car 358 4.905161 13.252028 2.583945 5.383743 -85.438922
Car 360 4.837405 8.260751 2.432621 5.289113 -86.094793
Car 362 4.823534 5.735176 2.313968 4.295129 -89.118607
Car 363 4.963860 3.559688 2.338602 4.942848 -86.519200
Car 364 4.736996 1.062784 2.357258 4.920373 -83.070828
Car 366 4.539276 -1.204357 2.378304 4.829287 -86.857965
Car 367 4.734799 -3.654696 2.368837 4.546709 -89.969300
Car 365 4.161992 -6.038125 2.534250 4.794490 -87.489023
Car 368 -4.532584 -12.425163 2.446748 4.936346 3.997418
Car 369 3.771895 -15.081613 2.414196 4.727995 -89.038382
Car 371 4.439626 -8.663415 2.443164 4.928734 -85.161617
Car 370 4.020387 -11.100014 2.362458 4.602458 104.431486
Car 361 5.137507 10.725238 2.224324 4.295091 -87.337475
Car 372 4.681259 -12.975325 2.217292 3.911442 -88.753327
