Car 44 -0.000236 15.091807 2.484940 4.894949 1.859428
Car 227 -11.463559 -0.653285 2.520158 4.875969 -88.169423
Car 228 -10.472897 -4.540949 2.364129 4.745641 -177.201159
Car 230 -13.020228 -4.296220 2.507865 4.752691 -179.873254
Car 233 -15.410992 -4.105717 2.188943 4.416155 179.684786
Car 229 -18.207468 -3.671609 2.609746 5.527851 -176.253930
Car 231 -20.773238 -3.044578 2.705446 5.461498 -175.016495
Car 232 -25.638310 -3.298213 2.542957 5.375406 -170.986587
Car 234 -23.080914 -2.937914 2.293837 4.368731 8.685593
Car 226 -0.982095 -26.337636 3.226672 6.720448 3.732494
Car 235 -27.945925 -2.522635 2.240086 5.082344 -164.301336
