Car 355 5.435094 -6.707365 2.561116 4.803128 -76.463014
Car 356 1.994142 6.236670 3.155101 7.001118 9.842130
Car 382 7.485290 7.233640 2.688688 5.276532 95.707532
Car 383 7.150055 4.711542 2.642896 5.168802 -80.866742
Car 384 8.408219 10.215465 2.314202 5.306313 -81.751209
Car 385 6.904499 2.013735 2.434097 5.129521 -80.033638
Car 387 -7.300146 -23.164864 2.436076 4.686705 -80.890002
Car 389 -6.755209 -26.167476 2.355127 4.745786 -88.936755
Car 390 14.250126 -24.762541 2.254135 4.710161 -173.107010
Car 381 8.091400 12.741251 2.337296 4.931138 100.350503
