Car 44 0.064966 21.137521 2.484940 4.894949 1.650869
Car 83 7.578337 -0.003067 3.018592 8.538422 -178.199528
Car 98 -16.114486 -19.968728 2.236530 4.339138 84.027428
Car 99 -16.310427 -22.873128 2.468291 4.668218 80.918921
Car 86 -9.122485 -2.169851 2.431303 4.845150 -0.351017
Car 87 -9.018957 -7.131515 2.189406 4.291981 -0.350852
Car 88 -9.360019 2.518576 2.274299 4.368737 47.348234
Car 89 -17.368397 1.588581 2.263235 4.240373 94.515366
Car 90 -16.278708 -5.319347 2.604711 4.769257 112.029923
Car 93 -16.276955 -7.463844 2.271311 4.506161 112.949240
Car 96 -15.916236 -14.776069 2.297213 4.153566 85.870101
Car 97 -8.951799 -17.868653 2.211601 4.072234 -178.778769
