Car 1283 -3.645590 26.214264 2.368898 4.804879 2.085881
Car 1284 3.227786 25.808911 2.406069 5.007592 -2.571488
Car 1290 3.651460 15.179758 2.740101 5.643675 178.423440
Car 1291 -3.646000 20.809861 2.335356 4.440528 1.757850
Car 1292 -3.396938 15.415893 2.413698 4.723988 0.737815
Car 1293 -3.571983 10.167342 2.558149 5.411021 178.754822
Car 1294 3.654238 9.640846 2.337007 4.395079 0.671029
Car 1295 3.592859 5.280385 2.378538 4.673774 1.095684
Car 1296 3.832399 -0.589894 2.563560 5.138226 -0.886441
Car 1297 -3.509272 -0.784409 2.413169 4.900146 -1.810996
Car 1298 3.593209 -11.391075 2.740110 5.800786 1.993746
Car 1308 -3.421488 -5.963331 2.467625 5.218305 -1.193696
Car 1309 -3.343077 -11.763310 2.438327 5.083933 0.282211
Car 1310 -11.436721 4.880460 2.484872 4.811721 89.270709
Car 1311 -3.370327 -25.774264 2.435854 4.972899 -1.784174
