Car 355 -4.902411 8.398369 2.561116 4.803128 92.698514
Car 356 26.024072 10.996840 3.155101 7.001118 -96.640194
Car 385 4.497202 0.294756 2.434097 5.129521 78.245904
Car 386 -3.505130 -9.168680 2.737829 5.799408 -17.557790
Car 383 5.447149 -2.216292 2.642896 5.168802 77.566210
Car 382 6.172582 -4.536284 2.688688 5.276532 -99.938652
Car 391 6.278138 -7.853182 2.325108 4.924018 78.415258
Car 392 7.122200 -10.017869 2.186642 4.464555 -99.271380
Car 393 8.030478 -12.887278 2.321202 4.535959 -99.980126
Car 394 8.453610 -15.156251 2.356834 4.358713 -94.801388
Car 395 8.641503 -17.527714 2.232809 4.413702 86.422075
Car 396 8.914741 -19.666908 2.452165 4.857709 -93.483778
Car 390 -11.632070 23.074381 2.254135 4.710161 -13.338901
Car 387 9.668342 29.108188 2.436076 4.686705 79.191627
Car 397 9.245389 -22.199685 2.449816 4.496148 84.427196
Car 398 10.104239 -24.594202 2.461406 4.533678 85.073501
Car 399 1.880345 -28.073766 2.511274 5.177445 -16.125603
Car 400 10.861924 -27.103552 2.472722 4.479739 78.248358
Car 401 11.815705 -29.245618 2.495547 4.971532 79.066435
