Car 274 -2.460490 24.549048 2.283032 4.590420 3.576066
Car 275 -2.876796 18.891311 2.496588 4.792415 -173.296691
Car 276 -3.259826 13.038892 2.479491 4.666399 0.519669
Car 277 -3.355962 6.980390 2.385746 4.537955 -2.184356
Car 278 -3.326084 2.389964 2.398078 4.802337 -1.669743
Car 280 -3.168136 -4.106898 2.404476 4.859232 -0.287814
Car 281 -3.267574 -9.842148 2.382901 4.380683 -2.325757
Car 282 -3.068197 -14.882037 2.532186 5.234501 177.576888
Car 283 -2.850287 -20.897671 2.342406 4.807016 -1.219723
Car 284 3.834951 -7.082638 2.580685 5.161265 1.019472
Car 273 -2.116330 28.938339 2.203329 4.174894 3.340859
Car 285 4.137803 -14.734295 2.640591 5.358321 178.778142
Car 286 4.151003 -22.718574 2.494853 4.871039 1.253848
Car 287 4.333941 -28.693987 2.575652 5.453852 -1.221840
