Car 301 -2.989678 -2.118974 2.392000 4.381714 -3.651567
Car 304 3.998078 0.694337 2.587284 4.909506 -2.566088
Car 305 4.276712 -5.552557 2.550386 4.811516 -0.508814
Car 307 4.447077 -10.710452 2.265454 4.114002 3.031960
Car 306 4.449256 -15.822185 2.552733 4.930009 0.034409
Car 308 4.365887 -20.873377 2.643240 5.205126 0.859878
Car 310 -2.627144 -23.490235 2.591118 5.279086 177.746794
Car 311 -9.264754 -16.128428 2.299198 4.405205 88.177904
Car 290 -2.800823 28.228470 2.715440 5.472997 3.211031
Car 293 -2.842441 21.296837 2.575737 5.621989 2.557183
Car 294 4.532595 28.443048 2.429819 4.757367 0.389527
Car 299 13.605709 26.980151 2.208763 4.119466 -77.143768
