Car 1 3.699615 -14.062874 2.834095 5.580886 -0.371442
Car 14 8.192917 -17.039049 2.890541 6.161839 -177.942988
Car 2 -0.791617 11.575545 2.906382 5.849356 -1.538524
Car 10 13.981122 11.731745 2.589331 5.392134 -178.927004
Car 3 13.383071 6.629325 2.623568 5.374746 -175.151968
Car 4 13.411635 2.106398 2.623636 5.173045 -177.930949
Car 5 13.070667 -4.861647 2.934462 6.829767 -174.550928
Car 6 12.364916 -12.245348 2.826072 5.947627 4.373842
Car 11 13.265537 27.040547 2.325997 4.612012 -176.725997
Car 8 10.981339 -27.339574 2.926247 5.943830 -176.647120
Car 7 11.927699 -18.466926 2.644685 5.670566 4.148704
Car 12 -2.666416 21.201696 3.504505 8.833812 -6.021352
Car 13 24.716237 17.346829 2.175463 4.211966 -88.018921
