Car 773 -3.020433 4.738786 2.516578 5.146691 -2.095956
Car 772 -2.971518 10.314333 2.586465 5.416937 -178.026016
Car 771 -2.888022 16.957648 2.348656 4.807058 0.223097
Car 774 -2.924953 -15.418888 2.392073 4.989091 -0.891401
Car 770 -2.845814 24.595127 2.798662 5.942355 -0.653158
Car 775 12.389847 -2.785449 2.644666 5.004611 -85.093832
Car 776 11.848151 2.440635 2.285284 4.080713 -86.554843
Car 777 4.588352 -11.185156 2.195639 3.904469 -179.901808
Car 778 4.294564 -16.554496 2.306850 4.496094 -177.002748
Car 779 18.036766 1.749943 2.513533 4.984899 -84.129191
Car 780 4.030721 -22.564424 2.346829 4.737245 0.219660
Car 781 4.124377 -27.747954 2.460852 4.691826 2.154585
Car 783 -3.089847 -26.009129 2.391253 5.053458 -0.681839
