Car 647 -0.183754 17.962863 2.466797 4.852192 -0.840005
Car 698 2.392054 21.589803 2.471384 4.784328 0.185300
Car 700 -2.295318 12.723265 2.385022 4.667324 0.594947
Car 701 2.331999 9.969022 2.409525 4.718374 -1.366744
Car 702 -2.404940 4.494961 2.508209 4.812451 0.386832
Car 703 2.456916 4.944346 2.264520 4.618860 1.635235
Car 704 2.317958 -1.488376 2.424242 4.558275 1.588908
Car 705 -2.402990 -5.556385 2.418116 4.113710 -0.403636
Car 706 2.464121 -11.271516 2.430573 4.255037 0.142474
Car 699 -2.620108 23.330906 2.245090 4.136137 1.241878
