Car 2 -0.782223 11.615010 2.906382 5.849356 -1.190921
Car 10 13.888389 11.783500 2.589331 5.392134 179.662655
Car 3 13.415541 6.688455 2.623568 5.374746 -175.190814
Car 4 13.556766 2.081545 2.623636 5.173045 -177.865715
Car 5 13.119952 -4.935193 2.934462 6.829767 -174.548352
Car 6 12.405412 -12.084759 2.826072 5.947627 3.892328
Car 7 11.900379 -18.521206 2.644685 5.670566 5.305209
Car 8 10.980752 -27.208592 2.926247 5.943830 -179.717113
Car 17 3.344783 -10.757356 2.763575 5.364150 -0.745552
Car 12 -2.668369 21.198538 3.504505 8.833812 -6.021508
Car 11 13.263612 27.036742 2.325997 4.612012 -176.726153
