Car 546 0.210195 -7.525682 2.702487 5.132290 1.372803
Car 549 -8.218364 -3.847582 2.305356 4.757945 82.789789
Car 558 -2.341914 -14.177399 2.723822 5.456314 3.546208
Car 559 -0.174295 8.542066 2.569796 5.038259 1.675105
Car 547 -8.597552 -22.836557 2.475778 4.667500 61.715596
Car 550 -10.789366 -27.839000 3.067537 7.478715 60.079073
Car 551 -0.102160 -14.128872 2.369010 4.933984 10.446332
Car 560 0.058772 15.892880 2.661195 5.439123 0.768989
Car 554 -1.624917 -19.631629 2.266345 4.486932 28.591343
Car 548 -18.349966 -23.564596 2.494128 5.023186 100.359182
Car 553 -5.316060 -23.546855 2.454663 4.466349 45.828237
