Car 639 -0.072996 22.629235 2.443784 4.906412 164.395539
Car 640 -4.859391 14.644509 2.368496 4.947482 164.912006
Car 641 2.108217 16.241509 2.225573 4.149933 -17.660072
Car 650 7.341570 -13.861016 2.345006 4.681503 -100.432619
Car 652 17.376020 -5.225896 2.372153 4.914585 78.782713
Car 647 -3.093109 20.385064 2.466797 4.852192 -18.206296
Car 645 -2.783851 -23.873114 2.580505 5.134879 -97.404243
Car 646 -10.251743 -24.205668 2.459569 5.079300 -94.501260
Car 648 -15.458069 -24.512580 2.366348 4.922649 -92.484448
Car 649 -19.797071 -25.080809 2.475636 4.785736 -95.573551
