Car 496 -4.685089 21.171281 2.606818 5.273824 177.340128
Car 497 3.753911 14.486244 2.531779 4.994978 178.590273
Car 499 -4.157536 5.519121 2.724602 5.262676 179.286734
Car 500 -4.584289 11.749474 2.400916 4.984866 178.186712
Car 501 3.949536 8.766450 2.679479 5.234773 178.453794
Car 502 -4.031186 -7.055014 2.522880 4.672916 177.994853
Car 503 3.865865 2.833850 2.682315 5.781179 179.168348
Car 504 -3.714396 -14.421121 2.401937 4.880105 177.434160
Car 505 -3.708955 -19.671144 2.491587 4.797379 178.580805
Car 506 4.148383 -5.932812 2.371072 4.593160 177.199744
Car 507 4.223862 -11.685427 2.499223 4.610272 179.670026
Car 508 4.374109 -18.135906 2.577066 5.265261 179.670019
Car 495 -4.864707 28.779199 2.646460 5.137516 0.225468
Car 509 4.667342 -24.208621 2.476679 5.041989 175.642337
Car 510 4.702316 -29.109625 2.607817 4.728413 178.475045
Car 512 -3.417560 -25.462606 2.528754 5.336449 177.923641
