Car 355 -2.303439 21.163582 2.561116 4.803128 103.264484
Car 385 5.150301 11.357240 2.434097 5.129521 84.365163
Car 386 -4.724938 4.578782 2.737829 5.799408 -5.299879
Car 383 5.538843 8.920508 2.642896 5.168802 83.685649
Car 382 5.781737 6.276755 2.688688 5.276532 -87.335196
Car 391 5.237619 2.898867 2.325108 4.924018 84.534969
Car 392 5.531817 0.572335 2.186642 4.464555 -90.545502
Car 393 5.810060 -2.319617 2.321202 4.535959 -93.149935
Car 394 5.722501 -4.607463 2.356834 4.358713 -83.887346
Car 395 5.466481 -6.971989 2.232809 4.413702 92.286081
Car 396 5.313377 -9.087070 2.452165 4.857709 -87.307817
Car 397 5.031733 -11.585529 2.449816 4.496148 96.892916
Car 398 5.243281 -14.210314 2.461406 4.533678 98.693052
Car 399 -3.471808 -16.061811 2.511274 5.177445 -3.660237
Car 400 5.489281 -16.489421 2.472722 4.479739 90.711320
Car 401 6.100585 -19.097092 2.495547 4.971532 91.529023
Car 402 5.169634 -21.418463 2.445639 4.564324 94.714506
Car 404 5.751651 -23.587555 2.400478 4.273474 -83.718721
Car 405 5.299129 -25.916274 2.652175 4.950517 98.552536
Car 403 12.009147 -19.341749 2.363505 4.401079 -179.789044
