Car 2 -0.809755 11.589478 2.906382 5.849356 -2.884828
Car 1 3.668772 -3.709546 2.834095 5.580886 -1.176433
Car 13 15.904364 17.802793 2.175463 4.211966 -78.180979
Car 10 13.946856 11.669387 2.589331 5.392134 -179.394346
Car 3 13.410207 6.679579 2.623568 5.374746 -175.096473
Car 4 13.554594 1.902298 2.623636 5.173045 -178.007954
Car 7 11.974032 -18.767922 2.644685 5.670566 4.596976
Car 8 10.975993 -27.211506 2.926247 5.943830 -175.071791
Car 6 12.484568 -12.264761 2.826072 5.947627 4.352756
Car 0 4.086689 -28.351031 2.628676 4.974674 -0.701346
Car 5 12.996260 -4.875387 2.934462 6.829767 -174.131512
Car 11 13.265695 27.040396 2.325997 4.612012 -176.725721
Car 12 -2.666286 21.201585 3.504505 8.833812 -6.021076
