Car 1077 -4.734585 22.527030 2.598977 4.930140 -5.255774
Car 1080 7.303000 14.557947 2.367364 4.863065 176.160166
Car 1081 -4.033015 15.160219 2.182583 5.024719 -5.773014
Car 1082 -3.792726 10.661010 2.244938 4.315730 -4.176305
Car 1083 -3.440819 5.499971 2.263315 4.042265 176.709804
Car 1085 -3.216610 -0.904051 2.384425 4.532631 -4.326948
Car 1086 8.123473 -1.093519 2.521374 5.336999 176.867501
Car 1087 3.915202 14.081372 2.586021 4.788955 175.687207
Car 1089 4.999819 -5.602709 2.391943 4.521024 176.012137
Car 1088 -6.095283 -25.867034 2.751545 5.987820 -79.595087
Car 1079 6.720771 20.201889 2.367804 4.436907 175.269558
Car 1090 6.394870 -23.710209 2.549979 4.846891 176.334869
