Car 1202 -0.898764 12.592597 2.699050 5.191700 -9.257105
Car 1244 8.740687 19.566549 2.372885 4.647720 -10.029468
Car 1245 11.637120 21.140078 2.679237 5.095418 172.825781
Car 1254 4.146426 -4.110558 2.435376 4.871754 173.975781
Car 1249 4.207718 -27.664832 3.236349 7.715590 -5.533658
Car 1252 0.471515 21.664440 2.455470 5.158656 169.984828
Car 1256 -12.084499 4.010053 2.306063 4.531333 138.654765
Car 1257 -15.093821 3.540988 2.353120 4.555075 -42.729657
Car 1253 -4.216190 29.028393 2.686463 5.823665 -11.722134
Car 1246 14.600466 27.972196 2.494018 6.774803 81.231917
