Car 1330 3.539088 22.455282 2.654894 5.072065 178.890776
Car 1329 -3.706603 17.765693 2.616369 5.582392 -1.054878
Car 1333 3.538486 9.031072 2.507637 4.721419 0.286794
Car 1336 -3.540834 4.119919 2.832032 5.608284 -0.237922
Car 1337 3.525377 3.820430 2.510250 5.097755 -0.942177
Car 1339 3.490526 -1.607740 2.506606 5.042568 2.668739
Car 1340 3.567593 -6.594430 2.394937 4.896445 -176.218053
Car 1342 3.843289 -13.868848 2.327965 4.526008 -0.208739
Car 1343 -3.387402 -12.983016 2.590929 5.118352 -177.444319
Car 1344 -13.015437 -7.840419 2.428713 4.842706 88.463811
Car 1325 -3.900386 29.344518 2.488490 4.498556 -1.834055
Car 1328 -3.782158 24.648007 2.455885 5.227670 -4.434848
Car 1335 6.531300 16.187718 2.433290 4.620580 86.591613
Car 1341 -3.427725 -0.796432 2.468575 4.420341 -1.745727
Car 1332 -9.319874 22.853870 2.290981 4.323369 91.187789
Car 1345 -12.502111 -4.962621 2.614936 5.108185 89.937897
Car 1347 -15.140359 -13.837466 2.431029 4.797379 -164.134817
