Car 355 1.985324 -17.199858 2.561116 4.803128 -13.731510
Car 356 11.401144 -1.205812 3.155101 7.001118 140.399980
Car 357 12.508386 3.080733 2.388916 4.980295 171.053995
Car 359 6.729822 18.202933 2.479925 4.945247 173.698048
Car 358 4.756902 -3.918161 2.583945 5.383743 -102.359289
Car 360 6.014255 -8.662700 2.432621 5.289113 -104.264392
Car 362 6.612309 -11.350090 2.313968 4.295129 -97.489206
Car 363 7.306578 -13.502352 2.338602 4.942848 -94.331055
Car 364 7.772197 -15.851641 2.357258 4.920373 -94.809141
Car 365 9.027189 -22.804439 2.534250 4.794490 -101.324503
Car 366 8.324639 -18.376142 2.378304 4.829287 -95.394123
Car 361 5.724305 -6.211366 2.224324 4.295091 -101.948231
