Car 2 -0.782430 11.614785 2.906382 5.849356 -1.191165
Car 10 13.888312 11.783666 2.589331 5.392134 179.662411
Car 3 13.415484 6.688618 2.623568 5.374746 -175.191058
Car 4 13.556727 2.081708 2.623636 5.173045 -177.865960
Car 5 13.119938 -4.935035 2.934462 6.829767 -174.548596
Car 6 12.405428 -12.084604 2.826072 5.947627 3.892084
Car 7 11.900500 -18.520853 2.644685 5.670566 5.304965
Car 8 10.980792 -27.208565 2.926247 5.943830 -179.717357
Car 12 -0.296606 18.398110 3.504505 8.833812 -30.860641
Car 20 -9.850503 5.129082 2.668627 5.367014 79.936161
Car 11 13.262081 27.036577 2.325997 4.612012 -176.725804
