Car 355 6.083017 -7.860774 2.561116 4.803128 -38.844957
Car 356 2.052822 5.597875 3.155101 7.001118 54.222257
Car 382 11.344570 7.075383 2.688688 5.276532 125.677380
Car 383 9.624110 4.965664 2.642896 5.168802 -51.779517
Car 385 7.898832 2.723759 2.434097 5.129521 -48.879734
Car 387 -17.555124 -11.153683 2.436076 4.686705 -50.227010
Car 386 20.377159 2.023315 2.737829 5.799408 -146.155441
Car 389 -18.585405 -13.959114 2.355127 4.745786 -56.926486
Car 390 0.011224 -24.023096 2.254135 4.710161 -141.102077
Car 384 13.556906 8.977857 2.314202 5.306313 -51.283093
Car 381 14.708952 11.257054 2.337296 4.931138 128.604406
Car 380 16.119817 13.652670 2.463206 5.228150 127.738946
Car 378 17.616752 15.679973 2.485824 4.901630 132.074813
