Car 627 -3.271479 26.467004 2.523424 4.739124 0.200028
Car 629 4.055313 19.405902 2.510860 5.147421 -179.667936
Car 630 -3.207866 14.790056 2.569306 5.480733 -0.593319
Car 631 3.818727 6.012323 2.348890 4.788791 0.631221
Car 632 -3.175143 1.236534 2.600271 5.326049 0.912331
Car 633 3.743412 0.775872 2.402361 5.049811 0.565288
Car 638 -3.217445 -3.866507 2.354651 4.274868 -0.980355
Car 639 3.767118 -9.687334 2.443784 4.906412 -175.907326
Car 640 -3.137110 -15.933925 2.368496 4.947482 -179.774895
Car 641 3.825086 -16.718099 2.225573 4.149933 1.320226
Car 642 -12.822166 -10.751024 2.367141 4.713494 87.035627
Car 626 3.829804 26.778730 2.446312 5.421468 3.058978
Car 634 -8.132610 21.980904 2.358273 5.219298 93.255907
Car 635 -8.720332 19.737292 2.237664 4.498803 91.732404
Car 637 -8.523265 9.689044 2.314748 4.622494 90.468100
Car 643 -15.580546 -15.597966 2.295798 4.172126 92.099044
Car 644 -12.084338 -8.056567 2.450536 4.470527 90.643566
