Car 814 2.497701 12.220258 2.765413 5.281266 13.702380
Car 795 13.435580 -12.040749 2.480460 4.912614 -70.338895
Car 839 9.152854 22.515787 2.502024 5.078451 -168.922271
Car 840 6.261484 8.385030 3.316401 6.835012 179.421834
Car 854 19.604937 -10.555031 2.581775 5.171088 118.472700
Car 841 6.497434 3.168208 2.493287 3.566484 166.877416
Car 844 14.869732 -21.854562 2.689840 5.268191 176.588379
Car 845 -27.662280 -3.312969 2.336979 4.974180 100.071945
Car 847 9.521603 -22.899577 2.391802 4.854679 163.737453
Car 848 7.165020 -23.505181 2.393400 4.817498 158.145531
Car 849 19.858853 -22.252529 2.507521 4.982797 -172.809593
Car 850 17.387761 -21.857448 2.391802 4.854679 5.471565
