Car 2 -0.782455 11.614590 2.906382 5.849356 -1.191199
Car 10 13.888323 11.783588 2.589331 5.392134 179.662377
Car 3 13.415499 6.688541 2.623568 5.374746 -175.191091
Car 4 13.556746 2.081632 2.623636 5.173045 -177.865993
Car 5 13.119963 -4.935107 2.934462 6.829767 -174.548629
Car 6 12.405458 -12.084676 2.826072 5.947627 3.892051
Car 7 11.900530 -18.520932 2.644685 5.670566 5.304931
Car 8 10.980798 -27.208720 2.926247 5.943830 -179.717391
Car 20 2.187209 21.959477 2.668627 5.367014 -7.659206
Car 11 13.263630 27.036032 2.325997 4.612012 -176.724182
Car 12 -2.668628 21.198386 3.504505 8.833812 -6.019537
