Car 2 -0.318851 11.853167 2.906382 5.849356 -4.305877
Car 10 14.317079 11.541734 2.589331 5.392134 -177.593698
Car 3 13.694731 6.510201 2.623568 5.374746 -173.091296
Car 4 13.594248 1.780436 2.623636 5.173045 -176.135629
Car 5 12.865068 -5.116668 2.934462 6.829767 -171.899641
Car 6 11.811603 -12.269778 2.826072 5.947627 6.701815
Car 7 11.228116 -18.659978 2.644685 5.670566 6.470975
Car 8 9.969004 -27.181597 2.926247 5.943830 -173.820191
Car 21 2.971111 -25.788578 2.572838 4.941534 1.004382
Car 11 14.345071 26.691802 2.325997 4.612012 -174.399387
