Car 15 6.578184 27.949981 2.681705 5.950330 177.103256
Car 2 -0.782774 11.613513 2.906382 5.849356 -1.190918
Car 10 13.888393 11.783497 2.589331 5.392134 179.662658
Car 3 13.415545 6.688451 2.623568 5.374746 -175.190811
Car 4 13.556712 2.081384 2.623636 5.173045 -177.865712
Car 5 13.119955 -4.935196 2.934462 6.829767 -174.548348
Car 6 12.405415 -12.084761 2.826072 5.947627 3.892331
Car 7 11.900454 -18.521014 2.644685 5.670566 5.305212
Car 8 10.981487 -27.206607 2.926247 5.943830 -179.717110
Car 11 13.265606 27.040525 2.325997 4.612012 -176.725833
Car 12 -2.666440 21.201832 3.504505 8.833812 -6.021189
