Car 1283 -3.640545 2.400703 2.368898 4.804879 2.451599
Car 1284 3.244666 1.984475 2.406069 5.007592 -2.205651
Car 1290 3.517461 -8.919727 2.740101 5.643675 -1.745659
Car 1291 -3.740414 -3.352062 2.335356 4.440528 -0.130933
Car 1292 -3.476064 -8.215914 2.413698 4.723988 1.103518
Car 1293 -3.646611 -13.577367 2.558149 5.411021 179.337950
Car 1294 3.614158 -14.130767 2.337007 4.395079 3.402536
Car 1295 3.525774 -18.491345 2.378538 4.673774 1.283380
Car 1296 3.777452 -24.519661 2.563560 5.138226 0.485945
Car 1297 -3.711007 -24.422143 2.413169 4.900146 -1.503492
Car 1299 12.536450 -8.159339 2.446735 4.944948 164.998552
Car 1300 15.586153 -8.335351 2.327648 4.652500 -14.080975
Car 1301 18.061628 -7.809688 2.011119 3.765894 161.449171
Car 1302 20.572447 -7.725835 2.020049 3.879095 151.843196
Car 1303 22.983466 -7.567863 2.070565 3.614923 157.411950
