Car 44 -0.098129 21.138929 2.484940 4.894949 2.232461
Car 83 7.516787 10.462536 3.018592 8.538422 -179.407736
Car 94 -15.980533 1.077277 2.338919 4.432664 104.501973
Car 96 -15.835633 -4.148816 2.297213 4.153566 -94.206234
Car 86 -9.087340 8.752645 2.431303 4.845150 -0.425275
Car 87 -8.985984 3.727954 2.189406 4.291981 -0.425293
Car 88 -9.353975 13.428797 2.274299 4.368737 47.271131
Car 90 -16.270555 5.544371 2.604711 4.769257 111.953769
Car 93 -16.242488 3.377610 2.271311 4.506161 112.873553
Car 97 -8.902013 -7.309387 2.211601 4.072234 -178.854160
Car 98 -16.012465 -9.369082 2.236530 4.339138 83.951042
Car 99 -16.142486 -12.520017 2.468291 4.668218 80.842350
Car 100 -9.207656 -12.566702 2.201631 4.629153 179.432491
