Car 585 0.047287 18.256036 2.513845 5.000506 1.228458
Car 587 3.778428 12.732528 2.786875 5.500053 178.845962
Car 592 -3.287171 13.095898 2.339386 4.684691 0.455045
Car 593 -3.477158 7.886750 2.477353 5.392885 -179.710052
Car 594 3.770797 7.308709 2.338608 4.213961 3.564616
Car 605 3.627542 3.000472 2.263204 4.670924 2.033194
Car 606 3.863174 -2.987297 2.512605 5.125231 0.561540
Car 607 -3.432606 -2.876129 2.416424 4.721798 -1.460772
Car 608 -3.452455 -8.390623 2.360221 5.119146 -1.746779
Car 609 -3.356372 -14.112295 2.370879 5.055512 -0.840397
Car 610 3.401439 -11.052264 2.423712 4.632498 -178.736978
Car 611 -3.366473 -22.818723 2.601082 5.583330 -1.018213
Car 586 -3.479209 23.823683 2.415834 4.963284 0.423562
Car 588 3.547270 23.366049 2.508349 5.019377 -0.966610
Car 591 -3.521969 18.279115 2.424698 4.229058 1.791712
Car 613 -3.419059 -28.315649 2.465520 5.090675 -0.837112
Car 612 -11.290287 2.901125 2.396703 4.648378 93.300973
