Car 513 4.623609 23.987318 2.640715 5.379752 179.573628
Car 514 4.652062 18.058550 2.556059 5.144187 1.871820
Car 516 4.520706 11.983643 2.556059 5.169370 1.858840
Car 517 4.789816 5.872699 2.723858 5.071493 177.212671
Car 518 4.944812 -0.237322 2.654861 5.257452 179.759248
Car 519 -3.377460 14.131775 2.427963 5.215682 -178.826916
Car 520 -3.475402 8.946116 2.447930 4.716090 -178.384476
Car 521 -3.421161 3.383698 2.411020 4.977752 0.496112
Car 522 -3.498530 -3.980395 2.572933 5.082710 178.720653
Car 523 -3.286405 -9.475086 2.588114 4.654171 -177.080484
Car 515 -3.697180 19.662132 2.605390 5.134550 177.850389
