Car 690 2.537354 18.105172 2.496604 4.653381 -0.124437
Car 691 2.454000 10.525387 2.426153 4.959073 1.311428
Car 693 2.364928 -3.496803 2.619833 5.462271 0.821498
Car 694 -2.462167 -13.179429 2.410023 4.697440 -1.787469
Car 647 -0.151561 19.459061 2.466797 4.852192 -0.557579
Car 695 2.451953 -8.797151 2.251386 4.181008 1.027568
Car 696 2.319818 -18.584400 2.258822 4.455208 0.127616
Car 697 -2.589086 -23.586688 2.350194 4.941724 0.468305
Car 687 -2.234161 28.863517 2.482760 4.315389 -1.077037
Car 689 2.616000 24.906675 2.330014 4.702572 -0.854959
Car 692 -2.472762 -1.385044 2.428364 4.694511 0.644615
