Car 26 9.681070 23.535452 2.264938 4.674540 -0.146447
Car 28 9.388416 17.232307 2.471295 5.824149 179.478768
Car 32 9.628646 -11.434555 2.808199 7.361680 0.448853
Car 34 -8.605789 24.087909 2.387447 4.375950 -45.598188
Car 35 -9.083721 20.101666 2.261204 4.313418 149.917536
Car 36 -9.118743 16.786861 2.404494 4.905887 -53.446481
Car 37 -8.582351 13.271063 2.257904 4.614538 -54.480466
Car 38 -8.928548 10.531516 2.366470 4.400379 -56.088358
Car 39 -8.728500 7.042745 2.144205 4.206293 -53.529749
Car 40 -9.712182 4.721656 2.347752 4.529285 -53.403599
Car 41 -9.583167 -1.785796 2.433556 4.505356 -75.847240
Car 42 -9.604363 1.142852 2.213678 4.266074 127.528836
Car 43 -8.780572 -4.893813 2.484886 4.461620 -68.797438
