Car 639 -0.260225 23.142924 2.443784 4.906412 164.142562
Car 640 -4.977518 15.027738 2.368496 4.947482 164.659027
Car 641 1.943842 16.744347 2.225573 4.149933 -17.913046
Car 647 -1.093580 9.447073 2.466797 4.852192 -10.304794
Car 653 -22.037463 -12.765865 2.570778 5.734013 78.499482
Car 654 5.956955 -6.811285 2.504089 5.431842 78.196876
Car 656 -0.975749 -15.529289 2.582642 5.231501 -100.556375
Car 655 -4.245437 22.366890 2.503319 4.650300 -17.104951
Car 646 -10.111332 -23.852589 2.459569 5.079300 -96.120987
Car 648 -15.176334 -24.317588 2.366348 4.922649 -94.065106
Car 649 -19.470576 -24.793234 2.475636 4.785736 -96.815700
