Car 1325 -3.922128 20.208026 2.488490 4.498556 -1.912304
Car 1328 -3.664074 15.306619 2.455885 5.227670 -9.682393
Car 1330 3.523729 13.379006 2.654894 5.072065 179.391138
Car 1332 -9.347337 13.694922 2.290981 4.323369 91.098354
Car 1329 -3.694427 8.764620 2.616369 5.582392 -0.406028
Car 1333 3.446983 0.130508 2.507637 4.721419 0.651224
Car 1334 -9.038090 3.525006 2.468584 4.829678 88.318808
Car 1336 -3.571423 -5.034431 2.832032 5.608284 -0.380342
Car 1337 3.474013 -5.061371 2.510250 5.097755 -1.708538
Car 1338 -9.257407 1.372051 2.193271 4.215895 88.341440
Car 1339 3.492178 -10.639782 2.506606 5.042568 2.982027
Car 1335 6.520292 7.103445 2.433290 4.620580 86.503172
Car 1340 3.614254 -15.653285 2.394937 4.896445 -176.964970
Car 1342 3.829342 -22.654021 2.327965 4.526008 -0.352977
Car 1341 -3.491862 -9.813411 2.468575 4.420341 -1.973462
Car 1343 -3.374477 -21.997224 2.590929 5.118352 -177.254458
Car 1324 3.348141 26.335806 2.426169 4.352884 1.462865
Car 1327 3.286802 20.964377 2.563966 5.603610 1.829827
Car 1321 -3.701595 24.780745 2.545098 5.032806 -0.064682
