Car 690 2.471874 19.321495 2.496604 4.653381 -0.342667
Car 691 2.416567 11.759790 2.426153 4.959073 1.093078
Car 693 2.380133 -2.286592 2.619833 5.462271 0.602781
Car 694 -2.412447 -11.977484 2.410023 4.697440 -2.005931
Car 647 -0.239873 19.482868 2.466797 4.852192 -0.775782
Car 695 2.485831 -7.571281 2.251386 4.181008 0.808938
Car 696 2.401001 -17.364101 2.258822 4.455208 -0.090906
Car 697 -2.500977 -22.379749 2.350194 4.941724 0.249788
Car 689 2.519700 26.132786 2.330014 4.702572 -1.071729
Car 692 -2.469508 -0.036942 2.428364 4.694511 0.426894
