Car 640 -6.743507 16.737676 2.368496 4.947482 157.725810
Car 641 -0.042406 19.200405 2.225573 4.149933 -24.452808
Car 647 -1.267948 7.983662 2.466797 4.852192 -14.609850
Car 657 2.991779 -12.025919 2.601998 4.734204 -105.897269
Car 646 -7.612397 -22.426522 2.459569 5.079300 -101.860742
Car 648 -12.374548 -23.302799 2.366348 4.922649 -103.134020
Car 649 -16.948723 -24.285310 2.475636 4.785736 -100.000524
Car 655 -4.752850 19.432761 2.503319 4.650300 -22.919969
Car 639 -2.769643 25.158005 2.443784 4.906412 158.781635
Car 645 -0.281551 -21.252981 2.580505 5.134879 -103.021908
