Car 44 1.332746 19.594412 2.484940 4.894949 -3.515252
Car 63 10.550700 25.111560 2.632121 5.525639 175.362141
Car 55 18.887392 3.904744 2.780579 4.768665 -97.531336
Car 56 18.918272 0.225664 2.412610 4.483358 -96.870336
Car 57 20.319775 -6.651163 2.670895 4.765689 -95.936724
Car 59 20.568356 -13.746022 2.630356 4.451235 -95.060972
Car 60 21.169301 -16.658021 2.507923 5.083173 -100.360118
Car 61 21.719472 -20.160204 2.464343 4.193495 -95.980294
Car 62 22.210341 -27.977201 3.186136 6.104540 -98.090508
Car 64 12.080579 -26.779750 2.390345 4.729587 178.339335
Car 58 19.642402 -10.312749 2.521105 4.623795 -99.827590
