Car 786 -3.154665 -13.283364 2.405356 4.787526 -0.047277
Car 784 -3.303959 -6.032419 2.545813 5.355492 179.578720
Car 782 -3.432242 -1.088933 2.355980 4.477198 -179.858964
Car 774 -3.203515 14.214797 2.392073 4.989091 2.237480
Car 785 3.894256 -3.175362 2.482852 5.255473 2.287602
Car 778 4.031421 13.212863 2.306850 4.496094 -177.505894
Car 781 3.871632 2.532807 2.460852 4.691826 3.564663
Car 780 3.858513 7.324221 2.346829 4.737245 0.729539
Car 783 -3.438015 4.452390 2.391253 5.053458 -0.389364
Car 777 4.423437 19.435243 2.195639 3.904469 -179.266387
Car 787 -3.153186 -18.358532 2.369738 4.728707 0.277791
Car 788 -3.203788 -24.400703 2.461909 5.507203 -0.328460
