Car 355 -1.621049 -14.488852 2.561116 4.803128 1.333781
Car 356 -0.192283 8.467082 3.155101 7.001118 0.983199
Car 360 4.634244 12.949120 2.432621 5.289113 -86.456628
Car 362 4.671714 10.600441 2.313968 4.295129 -89.304740
Car 363 4.838920 8.309758 2.338602 4.942848 -86.844001
Car 364 4.734761 5.763147 2.357258 4.920373 -85.273418
Car 366 4.657767 3.378306 2.378304 4.829287 -87.044072
Car 367 4.909827 0.877711 2.368837 4.546709 -90.155415
Car 365 4.266392 -1.361780 2.534250 4.794490 -89.905121
Car 368 -4.199989 -7.946801 2.446748 4.936346 2.753601
Car 369 4.195082 -10.455406 2.414196 4.727995 -89.224502
Car 371 4.684063 -3.781812 2.443164 4.928734 -85.347711
Car 370 4.426639 -6.225287 2.362458 4.602458 95.419926
Car 372 4.990759 -8.235516 2.217292 3.911442 -90.211113
Car 358 4.541067 18.006860 2.583945 5.383743 -86.895388
Car 361 4.841952 15.508766 2.224324 4.295091 -88.794223
Car 375 5.038808 -18.063320 2.360978 4.278431 -83.780586
Car 376 4.650293 -20.579490 2.593828 5.167003 98.613809
Car 378 4.119125 -24.967263 2.485824 4.901630 101.854804
Car 374 5.213310 -15.497593 2.410547 4.762323 -87.052043
Car 377 4.879107 -22.773267 2.203975 4.232805 -80.324879
