Car 2 -0.782373 11.614528 2.906382 5.849356 -1.190870
Car 10 13.888402 11.783441 2.589331 5.392134 179.662706
Car 3 13.415549 6.688396 2.623568 5.374746 -175.190763
Car 4 13.556769 2.081486 2.623636 5.173045 -177.865664
Car 5 13.119949 -4.935250 2.934462 6.829767 -174.548301
Car 6 12.405402 -12.084815 2.826072 5.947627 3.892379
Car 19 3.471153 -8.090937 2.955814 5.703587 1.103586
Car 11 13.263479 27.035584 2.325997 4.612012 -176.724648
Car 12 -2.668507 21.197809 3.504505 8.833812 -6.020002
Car 7 11.900435 -18.521068 2.644685 5.670566 5.305260
