Car 786 -3.227650 -18.731472 2.405356 4.787526 0.035567
Car 784 -3.341151 -11.375138 2.545813 5.355492 179.661825
Car 782 -3.446628 -6.514755 2.355980 4.477198 -179.775806
Car 774 -3.181877 8.893474 2.392073 4.989091 2.320874
Car 785 3.890744 -8.529915 2.482852 5.255473 2.371290
Car 778 4.012824 7.815724 2.306850 4.496094 -177.422537
Car 781 3.835812 -3.114759 2.460852 4.691826 3.648244
Car 780 3.829503 1.915956 2.346829 4.737245 0.812931
Car 783 -3.478987 -1.081912 2.391253 5.053458 -0.305975
Car 773 -3.177376 29.176711 2.516578 5.146691 -1.415393
Car 777 4.447437 13.963249 2.195639 3.904469 -179.183440
Car 787 -3.179489 -23.888598 2.369738 4.728707 0.366294
