Car 773 -3.043699 0.230784 2.516578 5.146691 -4.965626
Car 772 -3.041610 5.709386 2.586465 5.416937 -177.926476
Car 771 -2.898161 12.313911 2.348656 4.807058 2.554085
Car 774 -2.959396 -20.035805 2.392073 4.989091 -2.313658
Car 770 -2.793464 20.086177 2.798662 5.942355 -0.075554
Car 775 12.482497 -7.367955 2.644666 5.004611 -84.537719
Car 776 11.869001 -2.217316 2.285284 4.080713 -84.621068
Car 777 4.563414 -15.778707 2.195639 3.904469 179.798535
Car 778 4.220578 -21.203662 2.306850 4.496094 179.798290
Car 769 -2.512229 26.383163 2.469343 4.705590 -0.824292
Car 779 18.004690 -2.845866 2.513533 4.984899 -84.240100
Car 780 4.050299 -27.204306 2.346829 4.737245 0.102410
