Car 321 -2.461112 27.742628 2.488370 4.602139 -177.421168
Car 322 4.681914 24.968385 2.566348 4.873839 -0.017956
Car 324 4.511072 19.713659 2.431282 4.901389 0.724650
Car 325 -2.741972 16.045736 2.428368 4.844387 -175.956234
Car 326 4.312592 14.129835 2.579207 5.030037 1.904412
Car 327 4.195536 6.565216 2.760518 5.731702 178.962277
Car 328 -2.965408 8.595530 2.248886 4.281652 -0.677649
Car 329 -3.173744 -0.748245 2.753244 5.559905 -179.072747
Car 330 -3.209062 -6.392307 2.862534 5.616306 -0.658165
Car 331 -10.139181 3.478361 2.314500 4.117842 87.645061
