Car 282 -2.576280 18.297543 2.532186 5.234501 -177.368969
Car 283 -2.932282 12.053013 2.342406 4.807016 4.414573
Car 286 3.949589 9.824672 2.494853 4.871039 3.910121
Car 287 3.744694 4.021979 2.575652 5.453852 1.954246
Car 288 -3.403189 -6.601435 2.729916 5.439777 -2.896965
Car 289 -3.323973 -11.977556 2.545030 4.926900 -3.215417
Car 290 -2.937373 -18.454466 2.715440 5.472997 -4.965189
Car 291 3.446272 -2.259294 2.782329 5.420161 -1.372449
Car 292 4.034881 -11.649534 2.572315 5.104374 -3.396031
Car 293 -2.071834 -25.127078 2.575737 5.621989 -6.605499
Car 294 4.220071 -16.792860 2.429819 4.757367 -3.967837
Car 280 -1.858257 29.132659 2.404476 4.859232 2.687115
Car 281 -2.428394 23.693794 2.382901 4.380683 3.353424
Car 284 4.882944 25.307604 2.580685 5.161265 2.968560
Car 285 4.524871 17.654992 2.640591 5.358321 -178.245303
