Car 355 -1.083594 -11.440361 2.561116 4.803128 0.721965
Car 356 -0.018933 7.546218 3.155101 7.001118 -0.533454
Car 365 4.267056 16.956693 2.534250 4.794490 -91.990905
Car 368 -4.032322 10.020908 2.446748 4.936346 0.256119
Car 369 4.487600 7.781562 2.414196 4.727995 -91.157585
Car 371 4.720779 14.590408 2.443164 4.928734 -89.638437
Car 370 4.545349 12.197677 2.362458 4.602458 88.023818
Car 373 5.319688 5.293988 2.258351 4.273423 -92.681590
Car 374 5.643648 2.921328 2.410547 4.762323 -91.148425
Car 375 5.543282 0.348959 2.360978 4.278431 -86.276479
Car 376 5.287875 -2.015787 2.593828 5.167003 90.544643
Car 377 5.559863 -4.125190 2.203975 4.232805 -89.719597
Car 378 4.897531 -6.408861 2.485824 4.901630 94.956265
Car 380 5.035632 -8.900946 2.463206 5.228150 94.929022
Car 381 5.583088 -11.612094 2.337296 4.931138 96.923180
Car 382 5.959019 -17.306928 2.688688 5.276532 92.402608
Car 383 6.010227 -19.914310 2.642896 5.168802 -88.127425
Car 379 14.346439 5.272332 2.421225 4.950727 173.694139
Car 384 6.410267 -14.138510 2.314202 5.306313 -89.905075
Car 385 6.544488 -22.631887 2.434097 5.129521 -86.045663
