Car 26 8.777667 9.516351 2.264938 4.674540 -3.156238
Car 28 8.826394 3.259651 2.471295 5.824149 176.577848
Car 32 10.542887 -25.782257 2.808199 7.361680 -2.450236
Car 25 8.224389 22.217499 2.451961 5.552949 -1.883011
Car 12 -3.262649 27.144421 3.504505 8.833812 -1.505759
Car 24 7.941232 28.867731 2.673276 5.174316 175.612218
Car 33 -9.100180 14.132716 2.198245 4.212724 -4.514404
Car 34 -9.401970 9.344352 2.387447 4.375950 -48.494868
Car 35 -9.539389 5.114227 2.261204 4.313418 147.020116
Car 36 -9.660508 2.134692 2.404494 4.905887 -56.342943
Car 37 -8.745754 -1.806072 2.257904 4.614538 -57.376787
Car 38 -9.221114 -4.346069 2.366470 4.400379 -58.984752
Car 39 -9.124404 -7.563338 2.144205 4.206293 -56.426114
Car 40 -9.444489 -10.414691 2.347752 4.529285 -56.299973
Car 41 -9.129221 -17.121618 2.433556 4.505356 -78.740882
Car 42 -9.298458 -14.197795 2.213678 4.266074 124.631525
Car 43 -8.167556 -20.175892 2.484886 4.461620 -71.695194
Car 29 -16.924129 20.148223 2.306360 4.128307 78.988903
Car 31 -15.276105 14.137884 2.275906 4.522585 166.341055
