Car 606 3.813889 24.170628 2.512605 5.125231 0.424522
Car 607 -3.569441 24.457798 2.416424 4.721798 -1.597020
Car 608 -3.452192 18.784689 2.360221 5.119146 -1.882959
Car 609 -3.341131 12.858311 2.370879 5.055512 0.622015
Car 610 3.359436 16.199346 2.423712 4.632498 -178.946577
Car 611 -3.310436 4.589705 2.601082 5.583330 -1.443870
Car 613 -3.317339 -0.989616 2.465520 5.090675 -1.389244
Car 614 -3.218581 -6.196020 2.465793 4.751741 179.691495
Car 615 16.529838 2.991365 2.458834 4.620300 -91.928593
Car 616 16.914797 -3.397043 2.436079 4.757336 -90.229852
Car 617 22.305943 -3.306270 2.399816 5.040518 -93.034280
Car 585 -0.278674 26.179018 2.513845 5.000506 0.967852
Car 618 -9.029846 -13.390127 2.293181 4.329943 88.637943
Car 619 -9.847733 -10.968779 2.624441 5.241429 -88.759542
Car 620 -2.994064 -18.233638 2.401424 5.014886 -178.701059
Car 621 -3.024175 -23.862047 2.400025 4.838015 179.184284
Car 622 4.230622 -23.440825 2.423621 5.021136 0.557132
Car 624 4.275157 -28.890503 2.393452 4.723734 1.089071
Car 628 -8.381032 -29.918905 2.262303 4.210553 82.877021
