Car 321 -2.677641 22.724680 2.488370 4.602139 -177.873566
Car 322 4.513953 19.907671 2.566348 4.873839 -0.466850
Car 324 4.384607 14.619698 2.431282 4.901389 0.275867
Car 325 -2.847186 10.996492 2.428368 4.844387 -176.868450
Car 326 4.215894 9.128587 2.579207 5.030037 1.655274
Car 327 4.073827 2.161609 2.760518 5.731702 179.615692
Car 328 -3.004904 3.734085 2.248886 4.281652 -1.589556
Car 329 -3.138962 -5.807053 2.753244 5.559905 -179.984897
Car 330 -3.253539 -11.493961 2.862534 5.616306 -1.570423
Car 331 -10.197268 -1.783128 2.314500 4.117842 87.215479
