Car 1022 -16.391144 -17.513852 2.722351 5.215405 58.958233
Car 1023 -4.118546 17.939472 2.556834 4.920067 -21.084351
Car 1034 -0.002222 15.170509 2.473623 5.189439 158.065634
Car 1027 4.319405 22.721695 2.406507 4.808497 64.831926
Car 1028 6.253364 20.510057 2.384996 5.593885 51.886878
Car 1029 7.295955 18.186471 2.420384 5.004937 -128.323687
Car 1030 11.256059 14.906025 2.561550 5.590213 34.710397
Car 1031 3.427233 25.078055 2.532583 4.764702 -112.319637
Car 1032 15.497570 12.174105 2.510591 4.938537 23.245439
Car 1036 4.812852 -7.821180 2.413364 5.099963 -140.156435
Car 1037 -4.297578 -14.639115 2.807083 5.621207 -118.616920
Car 1035 28.529348 1.693557 2.246573 4.392640 -113.837427
Car 1033 13.380386 13.293478 2.331983 4.632260 28.549836
