Car 355 6.470154 -6.153789 2.561116 4.803128 -66.630877
Car 356 2.385996 5.832708 3.155101 7.001118 27.074784
Car 382 9.315617 8.136354 2.688688 5.276532 108.500158
Car 383 8.262945 5.595449 2.642896 5.168802 -69.790866
Car 384 10.855614 10.554906 2.314202 5.306313 -68.663161
Car 385 7.384200 2.944006 2.434097 5.129521 -65.606981
Car 387 -12.863221 -17.825355 2.436076 4.686705 -67.059892
Car 381 11.281226 13.093184 2.337296 4.931138 111.224356
Car 386 19.472672 6.047276 2.737829 5.799408 -165.026596
Car 380 12.056496 15.825750 2.463206 5.228150 110.358475
Car 378 12.746459 18.194062 2.485824 4.901630 114.694350
Car 389 -12.957263 -20.877442 2.355127 4.745786 -74.308170
Car 390 7.770028 -24.804004 2.254135 4.710161 -158.483000
