Car 1312 -4.070490 21.320992 2.500008 4.657291 -177.417379
Car 1313 -4.042006 8.605931 2.554457 5.419360 -1.290150
Car 1314 3.169642 3.686841 2.537583 5.311616 0.086678
Car 1321 -3.980776 -7.112670 2.545098 5.032806 -1.810593
Car 1322 3.197389 -1.232752 2.520821 5.047737 1.562938
Car 1323 -4.207052 3.320567 2.539594 4.925910 -2.532855
Car 1324 3.170622 -5.859339 2.426169 4.352884 8.407881
Car 1325 -4.138295 -11.920168 2.488490 4.498556 -0.283506
Car 1326 -9.558839 -2.258797 2.363792 4.402403 84.263745
Car 1327 3.057073 -11.157427 2.563966 5.603610 1.951509
Car 1328 -1.463047 -21.532936 2.455885 5.227670 -13.244059
Car 1329 -3.965219 -23.563552 2.616369 5.582392 -0.370060
Car 1311 -4.173854 26.454447 2.435854 4.972899 -0.402473
Car 1317 -10.241763 14.354797 2.351419 4.839364 88.411059
Car 1330 3.312187 -18.721209 2.654894 5.072065 -179.556365
Car 1334 -9.293633 -28.908255 2.468584 4.829678 88.745291
