Car 1153 -3.616799 22.829114 2.426204 4.709211 -1.569383
Car 1155 -3.472378 16.838487 2.490378 4.887186 -179.252404
Car 1156 4.068060 18.557022 2.593385 5.144399 178.557936
Car 1157 -3.471080 11.182541 2.284094 4.306632 -0.315899
Car 1158 -3.376266 6.057722 2.354059 4.722298 -0.626329
Car 1159 3.994067 0.286007 2.456841 4.781479 178.985591
Car 1161 4.039722 -4.863385 2.508027 4.868843 177.301664
Car 1162 3.963310 -9.589381 2.377658 4.524916 -179.718688
Car 1160 -3.136329 -3.938287 2.403375 5.271937 178.424409
Car 1154 4.021496 24.426802 2.476428 4.653723 -0.115931
