Car 277 -3.074125 17.021653 2.385746 4.537955 -1.152740
Car 278 -3.176998 12.240410 2.398078 4.802337 -0.638027
Car 280 -3.093364 6.316939 2.404476 4.859232 0.744053
Car 281 -3.368059 -0.144744 2.382901 4.380683 -0.900499
Car 282 -3.252742 -5.024267 2.532186 5.234501 178.608131
Car 283 -3.126165 -10.986321 2.342406 4.807016 -0.188421
Car 284 3.895549 2.592982 2.580685 5.161265 0.649573
Car 285 3.975123 -4.953872 2.640591 5.358321 179.811808
Car 286 3.834337 -12.865778 2.494853 4.871039 2.287491
Car 287 3.921435 -18.880016 2.575652 5.453852 -0.188189
Car 275 -2.426015 28.914685 2.496588 4.792415 -172.262668
Car 276 -2.883963 23.143082 2.479491 4.666399 1.553563
Car 291 4.220919 -25.065196 2.782329 5.420161 -4.679930
