Car 1061 -3.400195 2.562024 2.484346 5.093800 3.165416
Car 1067 7.964415 5.941577 2.499580 4.923102 -174.657136
Car 1065 -3.397538 -9.266144 2.446431 4.834397 -0.812677
Car 1069 7.595211 -5.125534 2.351158 4.390927 -179.361487
Car 1060 -17.203284 28.294450 2.553992 5.297452 -66.989590
Car 1072 7.352610 -19.064492 2.605648 5.750301 179.638065
Car 1066 -3.016707 -16.237999 2.648395 5.451577 -0.340469
Car 1070 -3.026355 -27.420504 2.573942 4.946841 -1.428128
Car 1063 17.024798 23.881500 2.568007 5.099543 -131.924908
Car 1023 13.420799 28.637969 2.556834 4.920067 70.113789
Car 1068 11.346320 15.898683 2.615995 4.954511 -156.157699
