Car 1312 -4.916238 26.095704 2.500008 4.657291 175.501281
Car 1313 -4.450772 13.407942 2.554457 5.419360 -2.635264
Car 1314 2.985418 8.777307 2.537583 5.311616 -2.228094
Car 1321 -3.795832 -2.375058 2.545098 5.032806 -3.042513
Car 1322 3.158068 3.941563 2.520821 5.047737 0.373302
Car 1323 -4.334913 7.890166 2.539594 4.925910 -4.481408
Car 1324 3.311060 -0.843998 2.426169 4.352884 7.699908
Car 1325 -3.780995 -7.072775 2.488490 4.498556 -2.639609
Car 1327 3.307171 -6.097483 2.563966 5.603610 -0.235348
Car 1328 -1.255671 -14.387259 2.455885 5.227670 -37.700306
Car 1329 -3.080042 -18.839277 2.616369 5.582392 -2.004951
Car 1330 3.857977 -13.537898 2.654894 5.072065 178.604621
Car 1326 -9.545185 2.506797 2.363792 4.402403 83.347736
Car 1333 4.222492 -26.971499 2.507637 4.721419 -0.901883
Car 1317 -10.736283 18.825095 2.351419 4.839364 86.571067
Car 1331 -8.518018 -11.679110 2.351648 5.514666 91.485771
Car 1332 -8.948154 -13.927236 2.290981 4.323369 90.416756
Car 1334 -8.409076 -24.161063 2.468584 4.829678 86.906477
Car 1335 7.082839 -19.906000 2.433290 4.620580 83.711342
