Car 44 1.602675 20.342189 2.484940 4.894949 -2.961001
Car 55 18.977633 7.912509 2.780579 4.768665 -96.972342
Car 56 18.970272 4.236427 2.412610 4.483358 -96.311326
Car 57 20.298072 -2.608588 2.670895 4.765689 -95.377718
Car 59 20.472516 -9.671186 2.630356 4.451235 -96.613417
Car 60 21.056447 -12.610436 2.507923 5.083173 -99.801032
Car 61 21.510674 -16.151170 2.464343 4.193495 -95.421288
Car 62 21.988433 -23.973409 3.186136 6.104540 -97.531463
Car 64 11.866712 -18.067660 2.390345 4.729587 179.754505
Car 58 19.599332 -6.297634 2.521105 4.623795 -99.272280
