Car 546 0.206597 -7.524087 2.702487 5.132290 1.400286
Car 549 -8.219396 -3.814254 2.305356 4.757945 82.817263
Car 558 -2.161236 -9.095585 2.723822 5.456314 -1.559853
Car 559 -0.033769 13.301507 2.569796 5.038259 1.702586
Car 547 -2.468305 -15.289589 2.475778 4.667500 10.007428
Car 550 -10.798295 -27.955468 3.067537 7.478715 60.073725
Car 552 -10.934023 -23.334380 2.499677 5.239921 73.505908
Car 551 -0.134836 -14.324949 2.369010 4.933984 10.441277
Car 560 0.208664 22.154759 2.661195 5.439123 0.277549
Car 554 -1.556574 -19.661416 2.266345 4.486932 28.586143
