Car 1161 -6.792178 12.293711 2.508027 4.868843 108.343838
Car 1162 -2.522590 10.507482 2.377658 4.524916 110.929036
Car 1164 -2.450568 -12.550247 2.580441 5.798688 24.408506
Car 1165 -5.223137 -18.150757 2.462112 5.115213 26.441233
Car 1166 15.480396 1.510415 2.455938 4.702832 110.334159
Car 1159 -11.681032 14.098116 2.456841 4.781479 109.871237
Car 1160 -10.333517 5.834536 2.403375 5.271937 111.080806
Car 1163 18.711454 -5.123278 2.518023 5.483710 109.944049
Car 1156 -28.826183 20.697928 2.593385 5.144399 109.381372
Car 1158 -19.685013 9.300328 2.354059 4.722298 -69.510624
Car 1157 -24.711075 11.321962 2.284094 4.306632 -68.294170
