Car 2 -0.781897 11.615023 2.906382 5.849356 -1.189645
Car 10 13.888858 11.783655 2.589331 5.392134 179.663931
Car 3 13.415899 6.688619 2.623568 5.374746 -175.189538
Car 4 13.556963 2.081529 2.623636 5.173045 -177.864440
Car 5 13.120067 -4.935029 2.934462 6.829767 -174.547076
Car 6 12.405371 -12.084579 2.826072 5.947627 3.893604
Car 8 10.980412 -27.208242 2.926247 5.943830 -179.715837
Car 16 3.414648 -8.638954 2.847877 5.625341 -1.381616
Car 11 13.264652 27.039300 2.325997 4.612012 -176.726334
Car 12 -2.667259 21.200643 3.504505 8.833812 -6.021688
Car 7 11.900254 -18.520813 2.644685 5.670566 5.306485
