Car 355 -3.169577 -6.124260 2.561116 4.803128 24.945863
Car 356 4.474122 15.656046 3.155101 7.001118 -168.217812
Car 385 7.535517 -1.774342 2.434097 5.129521 12.776631
Car 386 12.621705 -13.086844 2.737829 5.799408 -82.296020
Car 390 -19.736427 -7.185782 2.254135 4.710161 -78.665427
Car 387 -16.478260 14.737431 2.436076 4.686705 13.857263
Car 388 -26.851406 -6.124669 2.927126 5.385648 -80.313172
Car 389 -19.308666 14.420056 2.355127 4.745786 5.867396
Car 383 10.365409 -2.193860 2.642896 5.168802 16.944891
Car 382 12.756983 -2.494097 2.688688 5.276532 -162.212128
Car 391 15.871903 -3.838395 2.325108 4.924018 19.238147
Car 392 18.284103 -3.884854 2.186642 4.464555 -159.185974
