Car 44 -0.332851 14.849924 2.484940 4.894949 -0.509968
Car 178 2.747350 15.703315 2.374719 4.743531 178.079175
Car 179 3.165009 10.165493 2.431678 4.168643 179.484700
Car 181 3.135882 -5.902627 2.797485 5.701709 -177.511507
Car 180 3.151434 1.007804 2.938258 6.503689 178.907823
Car 186 2.641359 -12.885203 2.620011 4.833693 -178.379072
Car 187 1.777113 -24.221241 2.373935 4.484418 -174.949019
Car 175 2.844581 23.448723 2.752832 5.571471 -172.222936
Car 185 7.016057 27.634383 2.732169 5.760023 -152.920372
Car 182 11.247549 12.931170 2.461258 4.541911 -97.104246
