Car 639 0.757200 21.127429 2.443784 4.906412 168.048194
Car 640 -4.340633 13.336273 2.368496 4.947482 169.851098
Car 641 2.598477 14.663740 2.225573 4.149933 -14.378993
Car 650 -5.679816 -17.407452 2.345006 4.681503 -96.913289
Car 638 -7.311638 25.444557 2.354651 4.274868 -11.796048
Car 647 -4.129626 25.266714 2.466797 4.852192 -14.571602
Car 645 -3.768140 -25.287549 2.580505 5.134879 -95.221730
Car 648 -16.457844 -25.442600 2.366348 4.922649 -90.301949
Car 649 -20.815403 -25.844940 2.475636 4.785736 -93.391101
Car 646 -11.243679 -25.334585 2.459569 5.079300 -92.318740
