Car 44 -0.064146 7.051545 2.484940 4.894949 1.883755
Car 226 -0.472462 -19.392858 3.226672 6.720448 2.726585
Car 227 -11.604433 -11.203734 2.520158 4.875969 -88.145205
Car 228 -10.369954 -15.140420 2.364129 4.745641 -177.176671
Car 229 -18.067249 -14.428388 2.609746 5.527851 -176.981022
Car 231 -20.531924 -13.868140 2.705446 5.461498 -175.387325
Car 232 -25.621958 -13.689133 2.542957 5.375406 -166.872628
Car 235 -27.820174 -13.206107 2.240086 5.082344 -164.777561
Car 230 -12.895588 -15.092806 2.507865 4.752691 -177.265836
Car 233 -15.348865 -14.557461 2.188943 4.416155 179.207760
Car 234 -23.004805 -13.713224 2.293837 4.368731 8.209248
