Car 1324 2.833557 15.791610 2.426169 4.352884 0.243461
Car 1325 -4.204062 9.616632 2.488490 4.498556 -1.776307
Car 1327 2.886856 10.351642 2.563966 5.603610 0.610362
Car 1328 -3.912169 4.547984 2.455885 5.227670 -11.842455
Car 1330 3.277681 2.828521 2.654894 5.072065 178.506966
Car 1332 -9.502754 2.954762 2.290981 4.323369 89.280790
Car 1329 -3.876426 -2.427043 2.616369 5.582392 -2.006938
Car 1333 3.506336 -10.346880 2.507637 4.721419 -1.125253
Car 1334 -9.025550 -7.514233 2.468584 4.829678 87.774056
Car 1336 -3.462191 -15.639045 2.832032 5.608284 -0.808932
Car 1321 -4.187916 14.123807 2.545098 5.032806 -1.283762
Car 1337 3.658094 -15.605705 2.510250 5.097755 -1.572265
Car 1331 -9.070190 5.030972 2.351648 5.514666 85.675097
Car 1338 -9.277675 -9.580446 2.193271 4.215895 87.713958
Car 1339 3.768776 -21.135388 2.506606 5.042568 2.121584
Car 1335 6.371802 -3.324143 2.433290 4.620580 84.736110
Car 1322 2.858553 20.537393 2.520821 5.047737 1.314306
Car 1323 -4.639600 24.644638 2.539594 4.925910 -4.595367
Car 1314 2.783510 25.353532 2.537583 5.311616 2.259999
Car 1340 3.971142 -26.124714 2.394937 4.896445 -178.173581
Car 1341 -3.250154 -20.380951 2.468575 4.420341 -3.183664
