Car 546 0.206622 -7.524113 2.702487 5.132290 1.400278
Car 549 -8.219386 -3.814281 2.305356 4.757945 82.817255
Car 558 -2.159748 -9.149445 2.723822 5.456314 -1.559861
Car 559 -0.158497 8.939809 2.569796 5.038259 1.702579
Car 547 -2.913659 -16.530477 2.475778 4.667500 13.331924
Car 548 -7.440151 -21.963969 2.494128 5.023186 53.809615
Car 550 -10.800585 -27.952902 3.067537 7.478715 60.077873
Car 552 -17.136637 -23.326753 2.499677 5.239921 98.139566
Car 551 -0.136017 -14.323210 2.369010 4.933984 10.445429
Car 560 0.188576 17.771412 2.661195 5.439123 2.588144
Car 554 -1.689501 -19.760126 2.266345 4.486932 28.590293
