Car 386 -4.567532 15.320872 2.737829 5.799408 -3.038322
Car 382 6.101239 16.861310 2.688688 5.276532 -87.758973
Car 391 5.370849 13.547146 2.325108 4.924018 84.111114
Car 392 5.650901 11.030922 2.186642 4.464555 -89.866235
Car 393 5.806635 8.202084 2.321202 4.535959 -91.347734
Car 394 5.621121 5.893201 2.356834 4.358713 -86.157287
Car 395 5.284671 3.561442 2.232809 4.413702 92.117983
Car 396 5.000294 1.419780 2.452165 4.857709 -86.440812
Car 397 4.708836 -0.848403 2.449816 4.496148 98.657952
Car 398 4.853174 -3.465262 2.461406 4.533678 94.430769
Car 399 -3.971739 -5.297675 2.511274 5.177445 -1.594267
Car 403 11.821012 1.185237 2.363505 4.401079 -176.959150
Car 400 4.985060 -5.858156 2.472722 4.479739 92.789957
Car 401 5.524754 -8.478198 2.495547 4.971532 92.794235
Car 402 4.501827 -10.765421 2.445639 4.564324 96.792928
Car 404 5.007770 -12.938258 2.400478 4.273474 -81.640427
Car 405 4.452862 -15.253853 2.652175 4.950517 100.630618
Car 385 5.621698 21.996013 2.434097 5.129521 86.439464
Car 383 5.937137 19.519222 2.642896 5.168802 85.760006
Car 408 4.514049 -20.053885 2.488110 4.889539 92.413006
Car 407 4.976395 -17.788403 2.466998 4.641460 92.845839
Car 410 4.496645 -24.732378 2.357493 5.092914 93.972915
