Car 546 0.206688 -7.524052 2.702487 5.132290 1.400538
Car 549 -8.219405 -3.814220 2.305356 4.757945 82.817010
Car 558 -2.161165 -9.095538 2.723822 5.456314 -1.559723
Car 559 0.041213 14.451499 2.569796 5.038259 1.702223
Car 547 -2.468245 -15.289545 2.475778 4.667500 10.007680
Car 550 -10.798283 -27.955393 3.067537 7.478715 60.073977
Car 552 -10.933989 -23.334307 2.499677 5.239921 73.506160
Car 551 -0.134772 -14.324915 2.369010 4.933984 10.441529
Car 560 0.230291 23.435569 2.661195 5.439123 0.385259
Car 554 -1.556531 -19.661377 2.266345 4.486932 28.586395
