Car 786 -3.130073 -1.082556 2.405356 4.787526 -0.594896
Car 784 -3.251647 6.738200 2.545813 5.355492 179.031378
Car 782 -3.363806 11.464951 2.355980 4.477198 179.594242
Car 787 -3.247900 -6.039725 2.369738 4.728707 -0.329765
Car 785 3.998282 9.066987 2.482852 5.255473 1.741270
Car 781 4.000317 14.889381 2.460852 4.691826 3.018383
Car 789 -3.036818 -18.426544 2.610833 4.914498 0.180759
Car 783 -3.401427 16.798350 2.391253 5.053458 -0.935955
Car 788 -3.217019 -12.014750 2.461909 5.507203 -0.935873
Car 778 4.171074 25.687771 2.306850 4.496094 -177.169606
Car 780 3.932936 19.586609 2.346829 4.737245 1.064862
Car 790 -2.916664 -29.359814 2.328377 4.995947 -1.971077
Car 791 -2.972513 -25.130433 2.289378 4.595680 -3.090533
