Car 44 0.006589 7.544819 2.484940 4.894949 1.810014
Car 226 -0.447196 -21.537599 3.226672 6.720448 2.652891
Car 227 -11.597971 -13.528349 2.520158 4.875969 -88.219522
Car 228 -10.358416 -17.463341 2.364129 4.745641 -177.250687
Car 229 -18.056046 -16.761875 2.609746 5.527851 -177.055042
Car 231 -20.521486 -16.204607 2.705446 5.461498 -175.461346
Car 232 -25.611837 -16.032263 2.542957 5.375406 -166.946661
Car 235 -27.810564 -15.552174 2.240086 5.082344 -164.851596
Car 230 -12.884008 -17.419060 2.507865 4.752691 -177.340101
Car 233 -15.337483 -16.887126 2.188943 4.416155 179.133528
Car 234 -22.994099 -16.053115 2.293837 4.368731 8.134933
