Car 773 -3.000468 6.204015 2.516578 5.146691 -2.003739
Car 772 -2.948039 11.848458 2.586465 5.416937 -177.934157
Car 771 -2.852864 18.460346 2.348656 4.807058 0.314986
Car 774 -2.944842 -13.883147 2.392073 4.989091 -0.798510
Car 770 -2.795552 26.102333 2.798662 5.942355 -0.561254
Car 775 12.406623 -1.270545 2.644666 5.004611 -85.001355
Car 776 11.893200 3.969520 2.285284 4.080713 -86.462478
Car 777 4.577174 -9.652402 2.195639 3.904469 -179.809485
Car 778 4.271766 -15.024726 2.306850 4.496094 -176.910361
Car 779 18.058404 3.252258 2.513533 4.984899 -84.036840
Car 780 4.000806 -21.016637 2.346829 4.737245 0.312081
Car 781 4.084592 -26.210708 2.460852 4.691826 2.247044
Car 782 -3.092144 -29.354641 2.355980 4.477198 -177.597407
Car 783 -3.128146 -24.461343 2.391253 5.053458 -0.588979
