Car 321 -2.918446 15.379622 2.488370 4.602139 -178.414327
Car 322 4.333604 12.557749 2.566348 4.873839 -1.007771
Car 324 4.256706 7.241176 2.431282 4.901389 -0.264947
Car 325 -2.959800 3.670738 2.428368 4.844387 -177.409262
Car 326 4.135934 1.865053 2.579207 5.030037 2.640368
Car 327 4.035183 -5.291652 2.760518 5.731702 179.074835
Car 328 -3.044479 -3.837686 2.248886 4.281652 -2.131409
Car 329 -3.072769 -13.122942 2.753244 5.559905 179.473572
Car 330 -3.126283 -18.868471 2.862534 5.616306 -2.112036
Car 320 4.570716 24.470629 2.479253 5.365078 3.328897
Car 331 -10.210042 -9.314077 2.314500 4.117842 86.670729
