Car 1062 18.158836 17.430966 2.925402 7.581790 -129.142460
Car 1063 10.563168 6.473208 2.568007 5.099543 -164.772125
Car 1068 8.959118 -2.933122 2.615995 4.954511 -178.711370
Car 1061 -1.589158 -10.951575 2.484346 5.093800 -8.982110
Car 1067 9.815863 -12.506513 2.499580 4.923102 170.339707
Car 1065 0.547560 -21.924582 2.446431 4.834397 -11.693428
Car 1069 12.200627 -24.846412 2.351158 4.390927 171.430472
Car 1023 18.901696 22.413250 2.556834 4.920067 66.207987
Car 1066 2.491751 -28.705015 2.648395 5.451577 -11.583174
Car 1060 -19.919773 12.363640 2.553992 5.297452 -79.767735
