Car 546 0.206687 -7.524068 2.702487 5.132290 1.399334
Car 549 -8.219373 -3.814379 2.305356 4.757945 82.816311
Car 558 -2.161120 -9.095606 2.723822 5.456314 -1.560805
Car 559 -0.025124 11.211624 2.569796 5.038259 1.701634
Car 561 3.613934 -25.913363 2.650225 4.999799 -177.806108
Car 547 -2.468405 -15.288728 2.475778 4.667500 10.007833
Car 550 -10.798486 -27.954530 3.067537 7.478715 60.074130
Car 552 -10.934181 -23.333432 2.499677 5.239921 73.506312
Car 551 -0.134928 -14.324105 2.369010 4.933984 10.441683
Car 560 0.228843 18.685157 2.661195 5.439123 2.584400
Car 554 -1.556705 -19.660557 2.266345 4.486932 28.586549
