Car 314 4.201583 17.768719 2.480724 4.983088 1.528588
Car 316 -3.153950 7.030126 2.278624 4.444495 -0.745939
Car 317 -3.172219 12.469618 2.319073 4.118106 -1.864886
Car 318 4.009592 11.476532 2.457838 4.928327 -179.265667
Car 319 4.218576 6.235951 2.395558 4.918542 1.542084
Car 320 4.014359 0.928874 2.479253 5.365078 1.081503
Car 321 -3.176725 -8.615023 2.488370 4.602139 178.759709
Car 322 4.198942 -10.873326 2.566348 4.873839 -3.703168
Car 323 -9.610577 -4.205771 2.169006 4.704703 -88.199163
Car 324 4.255877 -16.064195 2.431282 4.901389 -0.223042
Car 325 -2.717014 -19.799921 2.428368 4.844387 178.968945
Car 315 -2.749833 19.924317 2.499398 4.938650 -0.489121
Car 326 4.407400 -21.423450 2.579207 5.030037 0.773499
Car 327 4.650959 -28.811109 2.760518 5.731702 176.256782
Car 328 -2.469098 -27.670492 2.248886 4.281652 -3.204204
