Car 1159 -10.189174 14.685832 2.456841 4.781479 116.225713
Car 1160 -9.762881 6.322217 2.403375 5.271937 117.442010
Car 1161 -5.499232 12.324345 2.508027 4.868843 115.043572
Car 1162 -1.453196 10.071320 2.377658 4.524916 116.693319
Car 1163 17.882877 -7.773057 2.518023 5.483710 116.280659
Car 1164 -3.949154 -12.808188 2.580441 5.798688 30.724811
Car 1165 -7.298033 -18.034031 2.462112 5.115213 32.757325
Car 1166 15.813551 -0.970085 2.455938 4.702832 117.109594
Car 1156 -26.502333 23.196335 2.593385 5.144399 115.750089
Car 1155 -28.430879 15.957520 2.490378 4.887186 115.884082
Car 1158 -18.728797 10.966295 2.354059 4.722298 -63.142743
Car 1157 -23.405336 13.432630 2.284094 4.306632 -61.927394
