Car 44 0.000104 8.510924 2.484940 4.894949 1.830007
Car 226 -0.523177 -23.937064 3.226672 6.720448 0.775073
Car 227 -11.649903 -16.045192 2.520158 4.875969 -87.943152
Car 228 -10.304744 -19.981830 2.364129 4.745641 -179.504841
Car 229 -18.090232 -19.294754 2.609746 5.527851 -175.480541
Car 231 -20.523290 -18.915046 2.705446 5.461498 -175.544217
Car 232 -25.663271 -18.901564 2.542957 5.375406 -167.029514
Car 235 -27.805849 -18.176977 2.240086 5.082344 -164.934449
Car 230 -12.948196 -20.127333 2.507865 4.752691 -175.551316
Car 233 -15.333026 -19.365730 2.188943 4.416155 179.050701
Car 234 -23.003381 -18.770385 2.293837 4.368731 8.051947
