Car 1103 2.891606 19.242458 2.511166 5.417990 1.241448
Car 1104 -3.462844 22.804951 2.313047 4.413517 -0.490261
Car 1105 -3.413180 14.138287 2.513236 4.589340 -1.341204
Car 1106 3.118828 6.411428 2.605756 5.382891 0.633744
Car 1107 -3.202428 7.330715 2.456679 5.385229 1.709308
Car 1108 -3.331628 1.740485 2.365549 4.623273 0.279075
Car 1109 3.074845 -5.144864 2.522326 4.993848 1.103679
Car 1110 -3.417374 -8.228329 2.265246 4.749625 -179.337827
Car 1111 3.442242 -17.309610 2.436297 4.669967 1.293281
Car 1112 3.379807 -11.524654 2.395804 5.290825 1.778573
Car 1113 3.447954 -29.256884 2.573566 4.887115 2.577151
Car 1101 3.057880 25.959167 2.427575 4.951940 -1.902052
Car 1102 -3.402455 27.910511 2.439849 4.885450 1.302838
