Car 1322 4.081594 15.619407 2.520821 5.047737 5.563596
Car 1323 -3.098841 20.261511 2.539594 4.925910 -0.345758
Car 1324 3.736036 10.712977 2.426169 4.352884 8.833352
Car 1327 3.362654 5.488771 2.563966 5.603610 4.929867
Car 1328 -3.758306 0.024447 2.455885 5.227670 -11.638062
Car 1330 3.149892 -1.970897 2.654894 5.072065 -177.551427
Car 1332 -9.580018 -1.110467 2.290981 4.323369 94.238936
Car 1329 -4.235338 -6.436391 2.616369 5.582392 2.288994
Car 1333 2.425140 -15.256982 2.507637 4.721419 3.375485
Car 1336 -4.891574 -19.885022 2.832032 5.608284 3.544003
Car 1321 -3.405966 9.828035 2.545098 5.032806 2.451111
Car 1314 4.363622 20.415956 2.537583 5.311616 6.509240
Car 1337 2.186751 -20.457788 2.510250 5.097755 2.567104
Car 1325 -3.770955 5.221731 2.488490 4.498556 4.412874
Car 1331 -8.966765 1.221753 2.351648 5.514666 96.473244
Car 1313 -2.606181 25.911175 2.554457 5.419360 5.675054
Car 1339 1.900973 -26.016168 2.506606 5.042568 6.372325
Car 1335 5.809632 -8.473956 2.433290 4.620580 88.987350
Car 1341 -5.072407 -24.922398 2.468575 4.420341 1.066728
Car 1334 -9.973545 -11.462284 2.468584 4.829678 92.967326
