Car 1322 3.563376 17.493169 2.520821 5.047737 3.641577
Car 1323 -3.766530 21.890913 2.539594 4.925910 -2.267129
Car 1324 3.345434 12.731926 2.426169 4.352884 2.571273
Car 1327 3.180439 7.343497 2.563966 5.603610 2.938170
Car 1328 -3.822710 1.759614 2.455885 5.227670 -10.954396
Car 1330 3.242835 -0.200693 2.654894 5.072065 -179.320464
Car 1332 -9.502036 0.421667 2.290981 4.323369 91.608061
Car 1329 -4.022598 -4.881506 2.616369 5.582392 0.320880
Car 1333 2.947515 -13.397921 2.507637 4.721419 1.451685
Car 1334 -9.451729 -10.070594 2.468584 4.829678 90.101424
Car 1336 -4.221714 -18.369034 2.832032 5.608284 1.518914
Car 1321 -3.737305 11.417882 2.545098 5.032806 1.044108
Car 1314 3.685077 22.311197 2.537583 5.311616 4.587578
Car 1337 2.882940 -18.682041 2.510250 5.097755 0.643299
Car 1325 -3.938070 6.838642 2.488490 4.498556 0.551517
Car 1331 -8.988722 2.487706 2.351648 5.514666 88.002442
Car 1313 -3.463591 27.577301 2.554457 5.419360 3.751597
Car 1339 2.784485 -24.168711 2.506606 5.042568 4.449250
Car 1335 6.101783 -6.505639 2.433290 4.620580 87.063814
Car 1340 2.798264 -29.355107 2.394937 4.896445 -175.846008
Car 1341 -4.192989 -23.111076 2.468575 4.420341 -0.855503
Car 1338 -9.787431 -12.127666 2.193271 4.215895 90.041330
