Car 1322 4.866957 11.730512 2.520821 5.047737 9.040584
Car 1323 -2.023308 16.795239 2.539594 4.925910 3.131420
Car 1324 4.227581 6.860195 2.426169 4.352884 12.707659
Car 1327 3.539700 1.702193 2.563966 5.603610 8.406944
Car 1328 -3.835866 -3.583085 2.455885 5.227670 -10.949201
Car 1330 2.882462 -5.637889 2.654894 5.072065 -174.074216
Car 1332 -9.818760 -4.119945 2.290981 4.323369 97.713571
Car 1329 -4.768500 -9.727693 2.616369 5.582392 5.765888
Car 1333 1.294194 -18.958409 2.507637 4.721419 6.852663
Car 1336 -6.273657 -23.141554 2.832032 5.608284 7.020816
Car 1321 -2.962853 6.381206 2.545098 5.032806 5.928187
Car 1314 5.440682 16.509710 2.537583 5.311616 9.986191
Car 1337 0.738402 -24.075516 2.510250 5.097755 6.044317
Car 1325 -3.610014 1.792617 2.488490 4.498556 7.889050
Car 1331 -9.039640 -1.883945 2.351648 5.514666 99.948806
Car 1313 -1.193435 22.374426 2.554457 5.419360 9.150567
Car 1341 -6.737112 -28.215828 2.468575 4.420341 4.541797
Car 1326 -7.898673 12.329572 2.363792 4.402403 92.098188
Car 1334 -10.853641 -14.338181 2.468584 4.829678 96.441976
