Car 2 -0.891116 11.568817 2.906382 5.849356 -4.776707
Car 1 3.238807 7.648562 2.834095 5.580886 -5.446692
Car 0 3.957373 -8.559336 2.628676 4.974674 1.263114
Car 10 13.925575 11.657579 2.589331 5.392134 179.662356
Car 3 13.394516 6.744600 2.623568 5.374746 -176.003012
Car 4 13.603055 2.012611 2.623636 5.173045 -178.222454
Car 5 12.996280 -4.875512 2.934462 6.829767 -174.131438
Car 6 12.404540 -12.303051 2.826072 5.947627 4.033224
Car 8 11.052681 -27.177176 2.926247 5.943830 -179.207935
Car 12 -2.666251 21.201470 3.504505 8.833812 -6.021002
Car 7 11.897725 -18.599416 2.644685 5.670566 5.534621
Car 13 6.424207 22.020537 2.175463 4.211966 -41.272437
