Car 620 -3.106721 21.341571 2.401424 5.014886 -178.328542
Car 621 -3.137056 15.710193 2.400025 4.838015 -179.064419
Car 622 4.039394 15.813492 2.423621 5.021136 0.930155
Car 623 -3.220626 4.968043 2.537355 5.001442 -0.038338
Car 624 4.018149 10.841089 2.393452 4.723734 3.008237
Car 625 3.953910 6.092391 2.383959 4.362121 8.624821
Car 626 3.661719 0.775437 2.446312 5.421468 2.816737
Car 627 -3.358847 0.484355 2.523424 4.739124 0.264468
Car 629 3.859210 -6.602839 2.510860 5.147421 -177.998605
Car 630 -3.309368 -11.386111 2.569306 5.480733 0.661412
Car 631 3.726712 -20.037517 2.348890 4.788791 0.546567
Car 632 -3.336480 -24.799916 2.600271 5.326049 0.976776
Car 633 3.603112 -25.232369 2.402361 5.049811 0.629713
Car 634 -8.213480 -4.104495 2.358273 5.219298 93.175423
Car 635 -8.903325 -6.329060 2.237664 4.498803 93.499390
Car 638 -3.320924 -29.954667 2.354651 4.274868 -1.039297
Car 618 -8.964625 26.662562 2.293181 4.329943 90.404991
Car 628 -8.736641 10.268189 2.262303 4.210553 84.648901
Car 637 -8.609155 -16.614176 2.314748 4.622494 90.383412
