Car 355 -1.101750 -11.575728 2.561116 4.803128 0.470663
Car 356 -0.036856 7.599062 3.155101 7.001118 -0.518427
Car 365 4.267697 16.383217 2.534250 4.794490 -91.976080
Car 368 -4.043163 9.441099 2.446748 4.936346 0.271084
Car 369 4.486416 7.209504 2.414196 4.727995 -91.142761
Car 371 4.721789 14.006701 2.443164 4.928734 -89.623619
Car 370 4.544855 11.625836 2.362458 4.602458 88.038643
Car 373 5.317734 4.709835 2.258351 4.273423 -92.666758
Car 374 5.643251 2.340436 2.410547 4.762323 -90.447806
Car 375 5.543613 -0.204723 2.360978 4.278431 -86.487773
Car 376 5.285447 -2.592354 2.593828 5.167003 90.559489
Car 377 5.556692 -4.714147 2.203975 4.232805 -89.704747
Car 378 4.895009 -6.993843 2.485824 4.901630 94.971090
Car 380 5.032627 -9.485341 2.463206 5.228150 94.943845
Car 381 5.580723 -12.189992 2.337296 4.931138 96.937998
Car 382 5.952567 -17.900264 2.688688 5.276532 92.417447
Car 383 6.003673 -20.488457 2.642896 5.168802 -88.112583
Car 379 14.343799 4.684655 2.421225 4.950727 173.709010
Car 384 6.403486 -14.722207 2.314202 5.306313 -89.890335
