Car 1325 -3.868775 21.528099 2.488490 4.498556 -1.749349
Car 1328 -3.627541 16.663296 2.455885 5.227670 -9.519503
Car 1330 3.557241 14.668108 2.654894 5.072065 179.554236
Car 1332 -9.307684 15.013125 2.290981 4.323369 91.260296
Car 1329 -3.674711 10.056046 2.616369 5.582392 -0.243411
Car 1333 3.444343 1.355591 2.507637 4.721419 0.814850
Car 1334 -9.018743 4.833668 2.468584 4.829678 88.480897
Car 1336 -3.593072 -3.713540 2.832032 5.608284 -0.218287
Car 1337 3.461655 -3.834359 2.510250 5.097755 -1.544863
Car 1338 -9.257461 2.708468 2.193271 4.215895 88.503592
Car 1339 3.469891 -9.340281 2.506606 5.042568 3.145565
Car 1335 6.538986 8.384346 2.433290 4.620580 86.664691
Car 1340 3.567655 -14.373949 2.394937 4.896445 -176.801472
Car 1342 3.764592 -21.406753 2.327965 4.526008 -0.189407
Car 1341 -3.507756 -8.511991 2.468575 4.420341 -1.811385
Car 1343 -3.431832 -20.691326 2.590929 5.118352 -177.092820
Car 1324 3.419872 27.640366 2.426169 4.352884 1.625012
Car 1327 3.342732 22.261891 2.563966 5.603610 1.991980
Car 1321 -3.634003 26.095112 2.545098 5.032806 0.097481
