Car 44 -0.032494 7.409809 2.484940 4.894949 1.822830
Car 226 -0.440603 -20.099321 3.226672 6.720448 2.665758
Car 227 -11.711502 -10.406589 2.520158 4.875969 -88.206463
Car 228 -10.365309 -14.287039 2.364129 4.745641 -177.237739
Car 229 -18.064274 -13.603380 2.609746 5.527851 -176.364930
Car 230 -12.907692 -14.207360 2.507865 4.752691 -177.209285
Car 235 -27.895989 -12.538906 2.240086 5.082344 -164.721353
Car 231 -20.722928 -13.006696 2.705446 5.461498 -175.436663
Car 232 -25.586361 -13.296772 2.542957 5.375406 -171.406800
Car 233 -15.361161 -13.671089 2.188943 4.416155 179.263785
Car 234 -23.031427 -12.917823 2.293837 4.368731 8.265518
