Car 1166 -1.032437 18.329695 2.455938 4.702832 -9.462805
Car 1172 21.010222 5.129998 2.867011 6.015109 -18.112773
Car 1175 -22.086995 -6.422693 2.594937 5.801307 -17.935792
Car 1174 17.644178 4.442455 2.187572 4.369842 -18.646611
Car 1173 -14.647544 -0.399355 2.516088 5.096764 -108.480628
Car 1190 -15.902686 -25.820558 2.475409 4.989402 -107.130817
Car 1179 14.034046 -29.164161 2.555143 5.072568 156.874179
Car 1167 -2.491796 27.605791 3.028129 5.707796 -7.860951
Car 1187 17.857914 -28.022740 2.554735 4.649230 157.055039
Car 1188 22.259663 -26.591875 2.509024 4.539562 -23.428866
Car 1189 26.909727 -24.713948 2.660412 4.737233 -20.656612
