Car 398 4.861766 21.642354 2.461406 4.533678 87.977937
Car 399 -3.649343 19.222439 2.511274 5.177445 -2.566271
Car 400 5.183027 19.180558 2.472722 4.479739 87.686526
Car 401 5.331626 16.712910 2.495547 4.971532 87.318893
Car 402 4.851249 14.404918 2.445639 4.564324 88.803412
Car 404 5.149055 12.167515 2.400478 4.273474 -89.366040
Car 405 5.040388 9.724370 2.652175 4.950517 92.931621
Car 407 5.491302 7.267364 2.466998 4.641460 91.525661
Car 408 5.093515 4.942286 2.488110 4.889539 89.221698
Car 409 5.191403 2.544499 2.431686 4.932890 92.545666
Car 410 5.004261 0.155641 2.357493 5.092914 92.652662
Car 411 5.076161 -2.260114 2.316628 4.910659 92.872377
Car 412 4.883580 -4.569355 2.363329 4.833912 92.782398
Car 413 7.749072 -23.986929 3.238519 7.301345 -163.579977
Car 414 5.184027 -6.992210 2.544475 4.924147 98.055984
Car 415 5.250847 -9.531581 2.431812 4.436301 95.656011
Car 416 5.508582 -12.324591 2.725955 5.194973 93.947950
Car 417 -3.569381 -16.907662 2.430096 4.794458 3.777144
Car 396 5.015667 26.445197 2.452165 4.857709 -86.233225
Car 397 4.761437 24.208941 2.449816 4.496148 92.673470
Car 395 5.228432 28.914081 2.232809 4.413702 90.904346
Car 418 10.466157 -5.272939 2.295910 4.602385 -177.657494
