Car 1149 4.111687 18.481125 2.712667 5.378160 -0.527514
Car 1151 -3.448447 14.596300 2.916103 6.551229 -177.248699
Car 1152 -3.499188 5.140375 2.534129 5.435360 -0.228583
Car 1153 -3.586307 -1.638427 2.426204 4.709211 -1.310854
Car 1154 4.077572 -0.177904 2.476428 4.653723 0.075214
Car 1155 -3.456444 -7.821361 2.490378 4.887186 -177.893675
Car 1156 3.995985 -6.010680 2.593385 5.144399 179.942976
Car 1157 -3.544575 -13.368773 2.284094 4.306632 0.425532
Car 1158 -3.553621 -18.640093 2.354059 4.722298 0.125589
Car 1159 3.857576 -24.304032 2.456841 4.781479 178.725789
Car 1160 -3.409489 -28.484814 2.403375 5.271937 178.181534
Car 1150 -3.434609 20.394545 2.357410 4.554628 -2.024178
Car 1161 3.894877 -29.658070 2.508027 4.868843 178.683357
