Car 312 4.696249 25.871928 3.047431 5.574637 -179.966712
Car 314 4.118954 13.769078 2.480724 4.983088 1.242523
Car 316 -3.187809 3.035206 2.278624 4.444495 -1.031677
Car 317 -3.231369 8.338410 2.319073 4.118106 -2.150609
Car 318 3.958646 7.473270 2.457838 4.928327 -179.218871
Car 319 4.196406 2.205697 2.395558 4.918542 1.255683
Car 320 4.006084 -3.021061 2.479253 5.365078 1.028046
Car 321 -3.195575 -12.483736 2.488370 4.602139 178.473580
Car 322 4.246396 -14.911862 2.566348 4.873839 -4.567471
Car 323 -9.582956 -8.342964 2.169006 4.704703 -88.483956
Car 324 4.335912 -20.104931 2.431282 4.901389 -0.510335
Car 325 -2.618400 -23.811055 2.428368 4.844387 178.682842
Car 315 -2.847195 15.923878 2.499398 4.938650 -0.774347
Car 326 4.504775 -25.450097 2.579207 5.030037 0.484353
