Car 282 -2.229303 22.129602 2.532186 5.234501 -176.408184
Car 283 -2.707506 15.838178 2.342406 4.807016 5.375599
Car 286 4.143264 13.546120 2.494853 4.871039 4.871523
Car 287 3.839174 7.756017 2.575652 5.453852 2.915833
Car 288 -3.441123 -2.958082 2.729916 5.439777 -1.936828
Car 289 -3.491229 -8.243212 2.545030 4.926900 -2.254003
Car 290 -3.210702 -14.732678 2.715440 5.472997 -4.003432
Car 291 3.437861 1.296185 2.782329 5.420161 -0.410404
Car 292 3.913988 -8.027842 2.572315 5.104374 -2.872082
Car 293 -2.461224 -21.352709 2.575737 5.621989 -5.644097
Car 294 3.972539 -13.092234 2.429819 4.757367 -3.004486
Car 298 24.085796 -6.435864 2.218129 4.499696 97.184065
Car 281 -2.012482 27.493035 2.382901 4.380683 4.298800
Car 284 5.322906 28.966499 2.580685 5.161265 3.914155
Car 285 4.838503 21.317048 2.640591 5.358321 -177.299677
Car 295 13.171395 -5.999854 2.550244 4.771378 88.390500
Car 296 12.609152 -8.850485 2.433314 4.852487 89.438367
Car 297 12.614110 -11.237889 2.295099 4.615401 89.104717
Car 299 13.037064 -13.563491 2.208763 4.119466 -85.589819
