Car 2 -0.782237 11.614781 2.906382 5.849356 -1.190577
Car 10 13.888477 11.783503 2.589331 5.392134 179.662998
Car 3 13.415599 6.688460 2.623568 5.374746 -175.190470
Car 4 13.556800 2.081549 2.623636 5.173045 -177.865372
Car 5 13.119950 -4.935186 2.934462 6.829767 -174.548008
Car 6 12.405369 -12.084748 2.826072 5.947627 3.892672
Car 7 11.900361 -18.520996 2.644685 5.670566 5.305553
Car 8 10.980813 -27.208023 2.926247 5.943830 -179.716769
Car 16 3.039612 7.948656 2.847877 5.625341 -2.532493
Car 11 13.265061 27.039269 2.325997 4.612012 -176.725641
Car 12 -2.666891 21.200760 3.504505 8.833812 -6.020996
