Car 1065 -2.991853 15.126046 2.446431 4.834397 3.847460
Car 1072 8.050784 20.052602 2.605648 5.750301 -174.439391
Car 1066 -3.125196 8.316135 2.648395 5.451577 4.968269
Car 1070 -4.062047 -3.016716 2.573942 4.946841 1.950131
Car 1074 6.348966 1.463613 2.507904 4.863964 -173.370238
Car 1073 -4.229800 -7.735437 2.574730 4.955986 2.718139
Car 1075 6.536694 -19.703698 2.528548 5.358964 -176.970736
Car 1078 3.010978 -26.542067 2.398090 4.947532 -173.660435
Car 1076 -4.631381 -15.100823 2.534311 5.977802 -176.112240
Car 1077 -5.058639 -21.942541 2.598977 4.930140 2.522296
Car 1061 -2.142302 26.288570 2.484346 5.093800 6.540625
Car 1079 5.930910 -25.427849 2.367804 4.436907 -176.573300
Car 1081 -5.435625 -29.456128 2.182583 5.024719 0.197044
