Car 288 -3.101042 14.403453 2.729916 5.439777 3.490785
Car 289 -3.465047 8.614895 2.545030 4.926900 1.864995
Car 290 -3.614328 2.575277 2.715440 5.472997 0.066975
Car 291 4.109113 17.742221 2.782329 5.420161 2.304373
Car 292 3.859069 8.718363 2.572315 5.104374 0.952665
Car 293 -3.313765 -4.345325 2.575737 5.621989 -2.506101
Car 294 3.741453 3.333284 2.429819 4.757367 -0.016049
Car 299 12.611873 2.505941 2.208763 4.119466 -80.313091
Car 300 22.200883 -0.594739 1.878365 3.519419 -90.360320
Car 301 -1.907760 -27.648049 2.392000 4.381714 -7.750653
Car 287 4.823640 24.411862 2.575652 5.453852 6.679670
Car 304 4.873742 -24.350999 2.587284 4.909506 -5.828248
Car 302 22.437437 1.590174 2.192753 4.242172 -88.498082
Car 303 22.465148 4.313298 2.212003 4.089237 -81.126538
Car 295 13.219572 10.121221 2.550244 4.771378 98.344007
Car 296 12.839282 7.096618 2.433314 4.852487 90.010394
Car 297 12.365434 5.036714 2.295099 4.615401 92.896290
