Car 693 2.594382 13.540189 2.619833 5.462271 -0.716222
Car 694 -2.345263 3.838405 2.410023 4.697440 0.000120
Car 647 0.352035 19.856862 2.466797 4.852192 -0.833723
Car 695 2.642061 8.461615 2.251386 4.181008 0.751291
Car 696 2.370826 -1.442910 2.258822 4.455208 -0.148550
Car 697 -2.550987 -6.570303 2.350194 4.941724 0.192017
Car 692 -2.269760 15.701743 2.428364 4.694511 0.730111
Car 698 2.194869 -17.365830 2.471384 4.784328 1.879705
Car 699 -2.778515 -15.724874 2.245090 4.136137 2.228912
Car 700 -2.692356 -26.239674 2.385022 4.667324 -0.232680
Car 701 2.099521 -28.850049 2.409525 4.718374 1.800771
