Car 2 -0.782405 11.614646 2.906382 5.849356 -1.191595
Car 10 13.888266 11.783498 2.589331 5.392134 179.661981
Car 3 13.417547 6.713045 2.623568 5.374746 -175.191488
Car 4 13.556760 2.081539 2.623636 5.173045 -177.866389
Car 5 13.120032 -4.935203 2.934462 6.829767 -174.549025
Car 6 12.405577 -12.084778 2.826072 5.947627 3.891654
Car 7 11.900687 -18.521036 2.644685 5.670566 5.304535
Car 8 10.981112 -27.208572 2.926247 5.943830 -179.717787
Car 19 3.623333 -18.798503 2.955814 5.703587 0.002302
Car 11 13.263137 27.036027 2.325997 4.612012 -176.725173
Car 12 -2.668939 21.198053 3.504505 8.833812 -6.020528
