Car 693 2.563787 20.459627 2.619833 5.462271 -0.889103
Car 694 -2.348489 10.520835 2.410023 4.697440 -0.172922
Car 647 -0.112238 19.449304 2.466797 4.852192 -1.006619
Car 695 2.597371 15.357051 2.251386 4.181008 0.578319
Car 696 2.383506 5.406598 2.258822 4.455208 -0.321452
Car 697 -2.562456 0.546575 2.350194 4.941724 0.018724
Car 692 -2.311401 22.664492 2.428364 4.694511 0.557070
Car 698 2.265618 -10.357245 2.471384 4.784328 1.707393
Car 699 -2.732004 -8.763684 2.245090 4.136137 2.056715
Car 700 -2.605003 -19.211332 2.385022 4.667324 -0.412471
Car 701 2.187615 -21.814461 2.409525 4.718374 1.630349
Car 702 -2.727645 -27.220393 2.508209 4.812451 1.117553
