Car 1202 0.180236 14.289647 2.699050 5.191700 -2.230548
Car 1274 3.015573 27.457193 2.479242 5.370248 177.070724
Car 1276 25.451220 7.203216 2.442123 5.019409 98.973021
Car 1281 25.886229 13.596241 2.501256 5.257153 -97.481570
Car 1284 -22.793857 -16.794444 2.406069 5.007592 98.536841
Car 1275 15.362776 9.816391 2.456694 5.079724 -82.699698
Car 1278 16.322177 -1.386743 2.320210 4.897208 128.495154
Car 1279 16.731609 -6.576990 2.435852 5.075653 121.749569
Car 1280 16.704360 -9.979092 2.563817 4.813769 124.406379
Car 1282 15.539891 12.512494 2.462162 5.026018 -82.725558
Car 1285 16.706150 -17.148281 2.381735 4.344452 115.187969
Car 1286 18.281730 -25.460246 2.499209 5.127977 114.859142
Car 1287 17.999091 -28.246765 2.593809 4.815375 114.065009
