Car 1121 3.617095 18.843652 2.510938 4.920578 0.650502
Car 1122 -3.867639 17.140691 2.432441 4.967326 -0.827907
Car 1124 3.734630 12.813393 2.434040 4.815709 176.121884
Car 1125 3.628735 5.976321 2.420116 5.246667 179.294574
Car 1126 -3.902549 11.282933 2.330394 4.544666 179.329690
Car 1127 3.488173 -3.868313 2.753363 6.040592 0.755953
Car 1128 -3.821983 -7.608830 2.592485 5.526956 179.688118
Car 1129 3.705585 -9.282839 2.460654 4.801230 178.050449
Car 1119 3.765812 29.459316 2.295672 4.645189 -179.524642
Car 1120 3.784599 24.411588 2.326130 4.463335 -178.680969
