Car 2 -0.890985 11.568783 2.906382 5.849356 -4.776322
Car 1 3.292135 6.429613 2.834095 5.580886 -4.754745
Car 0 3.968639 -10.629267 2.628676 4.974674 1.402046
Car 10 13.925694 11.657452 2.589331 5.392134 179.662742
Car 3 13.394603 6.744476 2.623568 5.374746 -176.002627
Car 4 13.603113 2.012485 2.623636 5.173045 -178.222068
Car 5 12.996296 -4.875635 2.934462 6.829767 -174.131052
Car 6 12.404506 -12.303170 2.826072 5.947627 4.033609
Car 7 11.897642 -18.599530 2.644685 5.670566 5.535007
Car 8 11.052541 -27.177283 2.926247 5.943830 -179.207550
Car 12 -2.666046 21.201445 3.504505 8.833812 -6.020616
Car 13 7.433446 21.138373 2.175463 4.211966 -45.161799
