Car 1114 3.842270 14.835584 2.393916 5.162653 0.802024
Car 1115 -3.211990 20.696134 2.401598 4.411260 1.534222
Car 1117 -3.258911 15.948534 2.423599 4.750076 -0.576677
Car 1118 -3.366451 10.832336 2.359696 4.645434 0.921761
Car 1119 3.796567 4.858524 2.295672 4.645189 -179.304553
Car 1120 3.742159 -0.281174 2.326130 4.463335 -178.071690
Car 1121 3.554421 -5.909555 2.510938 4.920578 3.002679
Car 1122 -3.917057 -7.518563 2.432441 4.967326 -0.873804
Car 1124 3.587349 -11.847374 2.434040 4.815709 177.547261
Car 1125 3.358208 -18.483632 2.420116 5.246667 -179.512250
Car 1126 -4.041260 -13.372334 2.330394 4.544666 179.486074
Car 1127 3.095051 -28.699680 2.753363 6.040592 1.566796
