Car 510 4.519566 14.515739 2.607817 4.728413 179.653803
Car 511 4.513607 8.606881 2.299426 5.023632 177.339163
Car 512 -3.604684 18.701171 2.528754 5.336449 -178.863849
Car 513 4.720618 1.741375 2.640715 5.379752 179.655817
Car 514 4.591139 -4.467788 2.556059 5.144187 1.954217
Car 516 4.369206 -10.158919 2.556059 5.169370 1.941250
Car 517 4.503244 -16.160504 2.723858 5.071493 177.294798
Car 518 4.838179 -22.455759 2.654861 5.257452 176.806810
Car 519 -3.452612 -8.330563 2.427963 5.215682 -178.744559
Car 520 -3.551145 -13.180211 2.447930 4.716090 -178.302049
Car 521 -3.580994 -18.561971 2.411020 4.977752 0.578474
Car 505 -3.606151 24.511617 2.491587 4.797379 -179.735418
Car 508 4.474202 25.736529 2.577066 5.265261 178.781566
Car 509 4.506104 19.899637 2.476679 5.041989 177.017356
Car 522 -3.727962 -25.964759 2.572933 5.082710 179.329184
Car 515 -3.669724 -2.920194 2.605390 5.134550 178.460720
