Car 496 -4.565383 24.871405 2.606818 5.273824 177.579737
Car 497 3.841091 18.210367 2.531779 4.994978 178.830154
Car 499 -4.105785 9.142679 2.724602 5.262676 179.526003
Car 500 -4.505671 15.432106 2.400916 4.984866 178.426202
Car 501 4.012580 12.446853 2.679479 5.234773 178.693703
Car 502 -4.057253 -3.386021 2.522880 4.672916 178.234125
Car 503 3.904326 6.491368 2.682315 5.781179 179.408345
Car 504 -3.745602 -10.682649 2.401937 4.880105 177.673570
Car 505 -3.764290 -15.926290 2.491587 4.797379 178.820198
Car 506 4.147436 -2.202386 2.371072 4.593160 177.440617
Car 507 4.197404 -7.951987 2.499223 4.610272 179.910481
Car 508 4.320439 -14.459655 2.577066 5.265261 179.910470
Car 509 4.590909 -20.489183 2.476679 5.041989 175.883172
Car 510 4.607008 -25.384868 2.607817 4.728413 178.716416
Car 512 -3.496408 -21.700179 2.528754 5.336449 178.164023
