Car 2 -0.697626 11.616454 2.906382 5.849356 -1.191107
Car 10 13.888435 11.783802 2.589331 5.392134 179.662469
Car 3 13.420807 6.750671 2.623568 5.374746 -175.191000
Car 4 13.556825 2.081845 2.623636 5.173045 -177.865902
Car 5 13.120005 -4.934896 2.934462 6.829767 -174.548538
Car 6 12.405483 -12.084464 2.826072 5.947627 3.892142
Car 7 11.951041 -18.525401 2.644685 5.670566 5.305023
Car 19 2.864621 15.911984 2.955814 5.703587 -4.963320
Car 11 13.261757 27.037547 2.325997 4.612012 -176.728759
Car 12 -2.669834 21.198534 3.504505 8.833812 -6.024114
Car 8 10.980874 -27.208373 2.926247 5.943830 -179.717299
