Car 787 -2.987926 14.663653 2.369738 4.728707 3.736210
Car 784 -2.366729 27.301382 2.545813 5.355492 -177.451939
Car 791 -3.917602 -4.312912 2.289378 4.595680 2.381474
Car 788 -3.301027 8.884655 2.461909 5.507203 3.138037
Car 792 -4.160726 -14.095930 2.397757 4.719834 0.576760
Car 790 -3.963004 -8.571870 2.328377 4.995947 -0.023954
Car 789 -3.437501 1.971755 2.610833 4.914498 0.468463
Car 793 -4.354620 -19.533129 2.494283 5.023186 179.457639
Car 786 -2.673045 19.663175 2.405356 4.787526 3.403006
Car 794 -4.511154 -25.402865 2.511959 5.283595 -179.641280
Car 785 5.033814 29.264732 2.482852 5.255473 0.518758
