Car 627 -3.268579 25.173607 2.523424 4.739124 0.205511
Car 629 4.057483 18.104724 2.510860 5.147421 -179.662453
Car 630 -3.206631 13.500470 2.569306 5.480733 -0.587832
Car 631 3.799630 4.704896 2.348890 4.788791 0.636709
Car 632 -3.176412 -0.261908 2.600271 5.326049 0.917757
Car 633 3.728649 -0.414426 2.402361 5.049811 0.570791
Car 638 -3.218459 -5.102198 2.354651 4.274868 -0.974924
Car 639 3.745845 -10.949482 2.443784 4.906412 -175.901843
Car 640 -3.137748 -17.216756 2.368496 4.947482 -179.769459
Car 641 3.824422 -17.970040 2.225573 4.149933 1.325729
Car 623 -3.102170 29.721666 2.537355 5.001442 0.936211
Car 626 3.832674 25.479619 2.446312 5.421468 3.064751
Car 637 -8.522267 8.400626 2.314748 4.622494 90.473090
Car 634 -8.130343 20.685992 2.358273 5.219298 93.260908
Car 635 -8.716823 18.466065 2.237664 4.498803 91.737596
Car 642 -12.824312 -12.039517 2.367141 4.713494 87.040804
Car 643 -15.580461 -16.888162 2.295798 4.172126 92.104245
Car 644 -12.084374 -9.363054 2.450536 4.470527 90.647737
