Car 2 -0.782358 11.614746 2.906382 5.849356 -1.191078
Car 10 13.888389 11.783614 2.589331 5.392134 179.662498
Car 3 13.415623 6.688756 2.623568 5.374746 -175.190971
Car 4 13.556789 2.081656 2.623636 5.173045 -177.865872
Car 5 13.119988 -4.935088 2.934462 6.829767 -174.548508
Car 6 12.405466 -12.084656 2.826072 5.947627 3.892171
Car 7 11.900531 -18.520902 2.644685 5.670566 5.305052
Car 8 10.980840 -27.208527 2.926247 5.943830 -179.717270
Car 12 2.400727 13.457244 3.504505 8.833812 -25.486312
Car 11 13.262004 27.036464 2.325997 4.612012 -176.725718
