Car 546 0.148204 -6.980033 2.702487 5.132290 1.399656
Car 549 -8.230865 -3.161309 2.305356 4.757945 82.816633
Car 559 -0.162100 7.577358 2.569796 5.038259 2.113627
Car 550 -10.925814 -27.378164 3.067537 7.478715 58.238641
Car 553 -5.476611 -23.396926 2.454663 4.466349 46.244043
Car 563 3.523631 13.293105 2.516686 5.483291 -179.904846
Car 551 -0.147509 -13.771673 2.369010 4.933984 10.863427
Car 564 2.188248 -28.690006 2.465546 5.178205 -164.772973
Car 560 0.184565 15.979127 2.661195 5.439123 1.186214
Car 554 -1.823569 -19.628734 2.266345 4.486932 29.008104
