Car 44 -0.137089 12.211707 2.484940 4.894949 0.367539
Car 226 -0.505908 -22.176605 3.226672 6.720448 4.444601
Car 250 4.442384 26.198705 2.736867 5.193353 -179.200153
Car 251 4.613910 20.472919 2.633628 4.900211 179.516731
Car 252 3.524385 12.670865 2.727798 5.096907 179.159233
Car 253 3.598281 7.510113 2.418938 4.676617 178.855979
Car 254 3.298191 -0.956937 2.547417 4.795357 179.856603
Car 255 3.342912 -7.565943 2.712471 5.850363 179.515655
Car 256 3.935113 -15.791689 3.377639 8.015256 -178.197119
Car 259 12.560270 -17.843169 2.954353 5.506260 -89.687401
