Car 410 4.817702 17.121747 2.357493 5.092914 91.872616
Car 411 4.863891 14.790873 2.316628 4.910659 92.092367
Car 412 4.785997 12.309116 2.363329 4.833912 92.002376
Car 413 10.915669 13.934528 3.238519 7.301345 -177.842393
Car 414 5.213660 10.004285 2.544475 4.924147 92.586533
Car 415 5.291946 7.443099 2.431812 4.436301 91.669161
Car 416 5.510746 4.914255 2.725955 5.194973 89.973222
Car 417 -3.394232 0.005722 2.430096 4.794458 2.993913
Car 404 4.613124 29.121048 2.400478 4.273474 -90.734442
Car 405 4.581205 26.677277 2.652175 4.950517 91.563170
Car 408 4.739213 21.981218 2.488110 4.889539 87.853219
