Car 795 -0.127206 -7.678028 2.480460 4.912614 -1.942714
Car 817 5.605258 15.976432 2.558104 5.059665 -162.807231
Car 814 -0.166031 6.457942 2.765413 5.281266 2.566043
Car 816 1.970546 17.500431 2.570953 5.025377 16.539143
Car 818 3.316861 -1.076613 2.604609 5.005498 177.734352
Car 819 3.854200 -20.302898 2.926410 6.498190 178.239288
Car 815 8.576766 28.087379 2.372270 4.555887 -165.446493
Car 799 -0.045258 -14.299543 2.496501 5.257452 -0.671344
Car 797 0.334557 -28.039089 3.027616 7.141880 0.151601
Car 808 0.244161 -20.263325 2.453783 5.015134 -0.757086
