Car 44 1.650153 9.200818 2.484940 4.894949 23.122000
Car 137 17.281231 -4.035198 2.897573 6.566671 -155.783674
Car 141 16.614394 -14.337664 2.959883 7.845195 147.835634
Car 138 12.731923 -4.445133 2.557151 5.292411 -174.310879
Car 172 24.349049 11.910936 2.594074 6.005883 114.965291
Car 169 12.047632 -10.130943 2.372107 4.598027 168.212810
Car 168 -10.799659 -16.068717 2.361671 4.595435 108.424675
Car 173 7.067123 23.173791 2.481985 5.598516 113.120655
Car 171 12.920849 -14.966918 2.498243 5.256964 144.670547
Car 175 17.744752 -20.923710 2.752832 5.571471 132.331147
