Car 627 -3.253491 27.747845 2.523424 4.739124 0.232366
Car 629 4.069237 20.688255 2.510860 5.147421 -179.635651
Car 630 -3.195935 16.070676 2.569306 5.480733 -0.560978
Car 631 3.842675 7.306969 2.348890 4.788791 0.663467
Car 632 -3.170032 2.633872 2.600271 5.326049 0.944792
Car 633 3.760572 1.960619 2.402361 5.049811 0.597445
Car 638 -3.216313 -2.596616 2.354651 4.274868 -0.947694
Car 639 3.783922 -8.436900 2.443784 4.906412 -175.875161
Car 640 -3.143961 -14.647273 2.368496 4.947482 -179.742115
Car 641 3.816690 -15.477732 2.225573 4.149933 1.352384
Car 642 -12.824292 -9.455403 2.367141 4.713494 87.421392
Car 626 3.847477 28.066566 2.446312 5.421468 3.090750
Car 634 -8.117853 23.272283 2.358273 5.219298 93.287990
Car 635 -8.707332 21.009038 2.237664 4.498803 91.764511
Car 643 -15.588676 -14.328887 2.295798 4.172126 92.130879
Car 644 -12.085896 -6.750609 2.450536 4.470527 90.676271
