Car 44 -0.012745 7.417773 2.484940 4.894949 1.811399
Car 226 -0.448610 -21.014253 3.226672 6.720448 2.654319
Car 227 -11.597842 -13.003646 2.520158 4.875969 -88.217937
Car 228 -10.358350 -16.938728 2.364129 4.745641 -177.249222
Car 229 -18.056471 -16.236698 2.609746 5.527851 -177.053582
Car 231 -20.521588 -15.679352 2.705446 5.461498 -175.459888
Car 232 -25.611899 -15.506866 2.542957 5.375406 -166.945208
Car 235 -27.810662 -15.026637 2.240086 5.082344 -164.850146
Car 230 -12.883954 -16.894307 2.507865 4.752691 -177.338694
Car 233 -15.337624 -16.362038 2.188943 4.416155 179.134930
Car 234 -22.994396 -15.527541 2.293837 4.368731 8.136358
