Car 814 -0.994962 14.000244 2.765413 5.281266 2.233286
Car 795 -1.625213 -22.010961 2.480460 4.912614 8.977394
Car 849 -7.259689 1.125054 2.507521 4.982797 -106.148196
Car 850 -8.030578 3.733346 2.391802 4.854679 70.199770
Car 857 3.749900 14.040635 2.561445 5.311653 -169.933194
Car 858 3.095346 -4.744798 2.519526 4.961969 -176.721984
Car 851 -6.937156 -1.864210 2.519862 5.016331 -90.151225
Car 844 -9.092765 6.109990 2.689840 5.268191 -117.066054
Car 855 7.617134 21.862512 2.480793 4.646050 -144.688665
Car 856 0.910081 24.807976 2.532380 5.089389 37.609854
Car 848 -13.398276 12.543693 2.393400 4.817498 -134.839115
