Car 814 -0.976951 14.251992 2.765413 5.281266 -4.067296
Car 795 -1.470862 -20.647817 2.480460 4.912614 7.119229
Car 858 3.254200 2.116275 2.519526 4.961969 -179.113012
Car 849 -7.248363 4.931200 2.507521 4.982797 -107.386547
Car 850 -8.026215 7.361577 2.391802 4.854679 69.495854
Car 844 -9.357751 9.750085 2.689840 5.268191 -118.008600
Car 857 4.616493 21.830412 2.561445 5.311653 -159.281324
Car 855 10.151162 28.340614 2.480793 4.646050 -129.640154
Car 856 -0.731288 25.564848 2.532380 5.089389 20.832228
Car 848 -13.477145 16.258215 2.393400 4.817498 -135.794408
Car 851 -6.890076 1.821002 2.519862 5.016331 -91.093773
