Car 274 -3.140682 12.032629 2.283032 4.590420 1.397568
Car 275 -3.321377 6.553222 2.496588 4.792415 -175.474717
Car 276 -3.520093 0.761348 2.479491 4.666399 -1.660441
Car 277 -3.468473 -5.567571 2.385746 4.537955 -6.725669
Car 278 -3.188713 -10.068260 2.398078 4.802337 -4.675977
Car 280 -2.801613 -16.383070 2.404476 4.859232 -2.422667
Car 281 -2.697455 -22.185858 2.382901 4.380683 -4.395169
Car 282 -2.221657 -27.190670 2.532186 5.234501 177.637371
Car 284 4.338155 -19.239131 2.580685 5.161265 -1.156803
Car 271 -2.413289 27.781527 2.545904 4.684192 4.541891
Car 272 -2.750760 21.534942 2.423146 4.508968 2.216122
Car 273 -3.014126 16.431519 2.203329 4.174894 1.166398
Car 285 4.961900 -26.921132 2.640591 5.358321 176.603606
