Car 502 -3.938772 18.736088 2.522880 4.672916 179.645036
Car 503 4.312828 28.329841 2.682315 5.781179 -179.204598
Car 505 -3.784286 5.905353 2.491587 4.797379 179.873424
Car 507 4.332348 13.737578 2.499223 4.610272 179.461084
Car 508 4.253280 6.981006 2.577066 5.265261 178.389947
Car 509 4.407766 1.318746 2.476679 5.041989 176.625990
Car 510 4.317592 -3.685640 2.607817 4.728413 179.459020
Car 511 4.424059 -10.136712 2.299426 5.023632 177.144756
Car 512 -3.715941 0.295873 2.528754 5.336449 -179.056957
Car 513 4.589904 -16.510939 2.640715 5.379752 179.461140
Car 514 4.527555 -22.788532 2.556059 5.144187 1.759263
Car 504 -3.679171 11.645525 2.401937 4.880105 -177.853967
Car 515 -3.740835 -21.432078 2.605390 5.134550 -2.422885
Car 506 4.439508 19.694774 2.371072 4.593160 177.625706
Car 516 4.398714 -28.582462 2.556059 5.169370 1.549545
Car 519 -3.447231 -26.781381 2.427963 5.215682 -179.131677
