Car 585 -0.226077 13.476485 2.513845 5.000506 -1.751178
Car 586 -3.634255 6.538904 2.415834 4.963284 -0.297050
Car 587 3.636387 -4.727923 2.786875 5.500053 178.994712
Car 559 -7.566594 25.110579 2.569796 5.038259 -74.952431
Car 588 3.288688 6.051412 2.508349 5.019377 -1.687782
Car 603 12.498858 -3.741328 2.410555 4.591592 166.805643
Car 595 15.606560 -3.833656 2.211036 4.124539 -19.150174
Car 591 -3.627676 0.917686 2.424698 4.229058 0.424367
Car 592 -3.389406 -4.414273 2.339386 4.684691 -0.139859
Car 593 -3.578967 -9.605431 2.477353 5.392885 179.695209
Car 594 3.678856 -9.937524 2.338608 4.213961 3.558817
Car 605 3.556137 -14.302748 2.263204 4.670924 1.434727
Car 606 3.789853 -20.416087 2.512605 5.125231 1.127224
Car 607 -3.504887 -20.193055 2.416424 4.721798 -2.082848
Car 608 -3.326370 -25.561214 2.360221 5.119146 -2.368864
Car 610 3.514872 -28.425725 2.423712 4.632498 -179.359270
Car 597 13.790675 3.768412 2.298477 4.430074 10.091963
Car 598 16.393487 3.934415 2.360192 4.357331 -10.644214
Car 599 19.053029 4.312088 2.462367 4.688690 -15.631123
Car 600 18.116947 -3.533157 2.055848 3.701138 161.640899
Car 601 20.831470 -3.332330 1.988937 3.736222 139.521252
Car 602 23.369609 -3.169880 2.129558 3.727960 156.719576
