Car 629 3.905870 25.581032 2.510860 5.147421 -179.444385
Car 630 -3.186539 20.965149 2.569306 5.480733 -0.560871
Car 631 3.829268 12.186787 2.348890 4.788791 0.816936
Car 632 -3.157862 7.231227 2.600271 5.326049 1.163600
Car 633 3.787162 6.879777 2.402361 5.049811 0.180892
Car 638 -3.187837 2.498574 2.354651 4.274868 -0.730103
Car 639 3.792008 -3.447362 2.443784 4.906412 -175.873006
Car 640 -3.177406 -9.663281 2.368496 4.947482 -177.329388
Car 641 3.821469 -10.507959 2.225573 4.149933 1.354650
Car 642 -12.812775 -4.456182 2.367141 4.713494 89.684902
Car 644 -12.079440 -1.729097 2.450536 4.470527 90.680153
Car 643 -15.588518 -9.513128 2.295798 4.172126 92.117530
