Car 1065 -3.328396 20.365637 2.446431 4.834397 2.713879
Car 1072 7.850133 28.364957 2.605648 5.750301 -174.779541
Car 1066 -3.335369 13.487829 2.648395 5.451577 3.833990
Car 1070 -4.007246 2.466509 2.573942 4.946841 0.042246
Car 1074 6.882568 12.619282 2.507904 4.863964 -175.095004
Car 1073 -4.094518 -2.636647 2.574730 4.955986 1.583666
Car 1075 6.925955 -14.392772 2.528548 5.358964 -178.099762
Car 1078 4.065380 -14.798246 2.398090 4.947532 -174.406491
Car 1076 -4.357820 -9.938554 2.534311 5.977802 -177.246765
Car 1077 -4.659285 -16.778349 2.598977 4.930140 1.387481
Car 1081 -4.873461 -24.227830 2.182583 5.024719 -0.940398
Car 1082 -5.092150 -28.626187 2.244938 4.315730 1.405376
