Car 2 -0.790600 11.731316 2.906382 5.849356 -0.969309
Car 14 8.130268 -1.856293 2.890541 6.161839 178.580491
Car 15 7.717674 -17.419398 2.681705 5.950330 -179.167818
Car 1 4.063391 -25.364264 2.834095 5.580886 -1.008663
Car 5 12.964971 -4.703834 2.934462 6.829767 -174.229106
Car 6 12.361734 -12.254794 2.826072 5.947627 4.433239
Car 4 13.579588 2.027308 2.623636 5.173045 -176.789609
Car 10 13.986678 11.692394 2.589331 5.392134 179.566868
Car 3 13.383257 6.628932 2.623568 5.374746 -175.151298
Car 11 13.265966 27.040155 2.325997 4.612012 -176.725326
Car 7 11.927588 -18.467302 2.644685 5.670566 4.149374
Car 12 -2.666083 21.201511 3.504505 8.833812 -6.020681
