Car 44 -0.145594 21.198366 2.484940 4.894949 2.123034
Car 83 7.510761 12.627588 3.018592 8.538422 -179.517239
Car 94 -15.949376 3.142982 2.338919 4.432664 104.392449
Car 86 -9.092234 10.839107 2.431303 4.845150 -0.534306
Car 87 -8.987901 5.817498 2.189406 4.291981 -0.534271
Car 88 -9.372866 15.520121 2.274299 4.368737 47.162027
Car 90 -16.293586 7.642977 2.604711 4.769257 111.844283
Car 93 -16.242565 5.464842 2.271311 4.506161 112.764056
Car 97 -8.874470 -5.102556 2.211601 4.072234 -178.963097
Car 98 -15.979484 -7.187275 2.236530 4.339138 83.841559
Car 99 -16.098558 -10.359205 2.468291 4.668218 80.732671
Car 100 -9.169307 -10.360593 2.201631 4.629153 179.323637
