Car 514 3.987884 26.132999 2.556059 5.144187 -2.162661
Car 517 4.406971 13.970987 2.723858 5.071493 174.197413
Car 518 4.886363 7.747654 2.654861 5.257452 177.152376
Car 521 -3.661659 11.186208 2.411020 4.977752 -2.729101
Car 522 -3.444166 4.033228 2.572933 5.082710 177.247032
Car 523 -3.097823 -1.763749 2.588114 4.654171 -178.302778
Car 516 4.077067 20.056447 2.556059 5.169370 0.213603
Car 519 -3.873492 22.028066 2.427963 5.215682 179.527908
Car 520 -3.824422 16.779855 2.447930 4.716090 179.970123
Car 515 -4.347371 27.611331 2.605390 5.134550 176.206817
