Car 391 5.080337 30.248965 2.325108 4.924018 84.149048
Car 394 5.431714 22.735860 2.356834 4.358713 -84.274050
Car 396 4.946740 18.301832 2.452165 4.857709 -86.403415
Car 397 4.693295 16.056534 2.449816 4.496148 92.503420
Car 398 4.921629 13.324024 2.461406 4.533678 87.913925
Car 399 -3.762073 11.031412 2.511274 5.177445 -2.631455
Car 400 5.200948 10.972583 2.472722 4.479739 87.622713
Car 401 5.717010 8.417006 2.495547 4.971532 87.255136
Car 402 4.758514 6.203748 2.445639 4.564324 88.739535
Car 404 5.409274 4.009961 2.400478 4.273474 -89.429933
Car 405 4.916006 1.537524 2.652175 4.950517 92.867504
Car 407 5.367088 -0.870067 2.466998 4.641460 91.461669
Car 408 4.961688 -3.179721 2.488110 4.889539 88.732322
Car 409 5.079673 -5.583403 2.431686 4.932890 91.712486
Car 410 5.044590 -7.945033 2.357493 5.092914 92.588623
Car 411 4.962183 -10.334556 2.316628 4.910659 92.808346
Car 412 4.819513 -12.759247 2.363329 4.833912 92.718378
Car 392 5.374152 27.872657 2.186642 4.464555 -92.494484
Car 393 5.544679 25.122533 2.321202 4.535959 -94.958340
Car 395 5.165965 20.457838 2.232809 4.413702 90.733708
Car 414 5.211165 -15.314705 2.544475 4.924147 97.888034
Car 415 5.276708 -17.906032 2.431812 4.436301 95.729952
Car 416 5.553261 -20.504154 2.725955 5.194973 94.166612
Car 417 -3.514098 -25.179670 2.430096 4.794458 3.608633
