Car 1149 4.182299 27.892848 2.712667 5.378160 -0.461296
Car 1151 -3.399677 24.006348 2.916103 6.551229 -177.182566
Car 1152 -3.445576 14.385657 2.534129 5.435360 -0.162404
Car 1153 -3.554152 7.619628 2.426204 4.709211 -2.127619
Car 1154 4.122672 9.277693 2.476428 4.653723 0.141477
Car 1155 -3.430732 1.610100 2.490378 4.887186 -177.826999
Car 1156 4.035295 3.287651 2.593385 5.144399 -179.990715
Car 1157 -3.522135 -4.007115 2.284094 4.306632 0.569643
Car 1158 -3.480713 -9.174129 2.354059 4.722298 0.334441
Car 1159 3.853223 -14.831105 2.456841 4.781479 178.792207
Car 1160 -3.301344 -19.169168 2.403375 5.271937 178.420738
Car 1161 3.906678 -20.068619 2.508027 4.868843 178.751783
Car 1162 3.739573 -24.902490 2.377658 4.524916 -178.890732
