Car 795 -0.127184 -7.677578 2.480460 4.912614 -1.940889
Car 817 3.710480 -8.755688 2.558104 5.059665 177.127575
Car 813 6.655120 20.703997 3.070286 6.145272 -165.165820
Car 814 -0.140246 6.369747 2.765413 5.281266 2.567868
Car 815 3.624566 4.064786 2.372270 4.555887 -176.974776
Car 816 1.994236 17.642715 2.570953 5.025377 15.598195
Car 818 4.153742 -23.821265 2.604609 5.005498 179.663068
Car 799 -0.046110 -14.299887 2.496501 5.257452 -0.666628
Car 797 0.332592 -28.039437 3.027616 7.141880 0.156317
Car 808 0.242821 -20.263688 2.453783 5.015134 -0.752370
