Car 814 3.149013 10.502289 2.765413 5.281266 54.683077
Car 795 -0.356149 -24.835536 2.480460 4.912614 7.954851
Car 854 8.253412 5.424826 2.581775 5.171088 -141.585163
Car 849 -7.090531 -14.674072 2.507521 4.982797 -104.663038
Car 855 3.411558 -11.709955 2.480793 4.646050 -174.535767
Car 850 -7.835888 -12.260396 2.391802 4.854679 73.616903
Car 844 -8.828076 -9.971227 2.689840 5.268191 -113.706235
Car 856 14.281812 14.524832 2.532380 5.089389 80.398913
Car 857 2.697316 -23.349306 2.561445 5.311653 -174.994635
Car 851 -6.822938 -17.673263 2.519862 5.016331 -93.049599
Car 847 -11.262613 -5.261876 2.391802 4.854679 -128.133324
Car 848 -13.078048 -3.539240 2.393400 4.817498 -133.723731
Car 841 28.589780 12.633243 2.493287 3.566484 -100.258359
Car 852 -7.072841 -20.224833 2.871589 5.226365 91.569403
