Car 647 1.338352 20.939830 2.466797 4.852192 -9.019462
Car 705 -1.364538 29.328891 2.418116 4.113710 1.637002
Car 706 3.218268 23.544348 2.430573 4.255037 -4.605447
Car 707 3.393563 2.886759 2.376588 4.668838 0.693327
Car 708 3.427713 -1.843715 2.348671 4.167685 1.152131
Car 709 3.516551 -9.458054 2.888812 6.033219 -0.637279
Car 710 -1.170688 -16.407108 2.436684 4.275148 -3.438789
Car 711 -5.753573 -2.952166 2.368533 4.686695 87.664596
Car 712 -5.717075 -5.259476 2.262103 4.372894 87.069096
Car 713 -5.304811 -7.366206 2.344769 4.273128 88.188790
Car 714 3.693819 -14.992527 2.399468 4.596982 0.431825
