Car 496 -4.703823 19.372492 2.606818 5.273824 177.304465
Car 497 3.741128 12.664709 2.531779 4.994978 178.554817
Car 499 -4.164841 3.730820 2.724602 5.262676 179.251160
Car 500 -4.596176 9.949112 2.400916 4.984866 178.151074
Car 501 3.940427 6.952140 2.679479 5.234773 178.418316
Car 502 -4.019378 -8.837107 2.522880 4.672916 177.959733
Car 503 3.859485 1.046720 2.682315 5.781179 179.132923
Car 504 -3.710955 -16.237875 2.401937 4.880105 177.399049
Car 505 -3.701080 -21.490451 2.491587 4.797379 178.545643
Car 506 4.146290 -7.716650 2.371072 4.593160 177.164428
Car 507 4.227621 -13.476927 2.499223 4.610272 179.634735
Car 508 4.381916 -19.933756 2.577066 5.265261 179.634638
Car 495 -4.884386 26.973672 2.646460 5.137516 0.190094
Car 509 4.679121 -26.018300 2.476679 5.041989 175.607240
Car 512 -3.406031 -27.282887 2.528754 5.336449 177.887951
