Car 786 -3.205370 -17.322785 2.405356 4.787526 -0.000617
Car 784 -3.331947 -9.980604 2.545813 5.355492 179.625188
Car 782 -3.451141 -5.216399 2.355980 4.477198 -179.812293
Car 774 -3.183876 10.257053 2.392073 4.989091 2.285210
Car 785 3.897040 -7.130703 2.482852 5.255473 2.337450
Car 778 4.030393 9.252689 2.306850 4.496094 -177.457577
Car 781 3.861863 -1.696784 2.460852 4.691826 3.614256
Car 780 3.853211 3.337590 2.346829 4.737245 0.778281
Car 783 -3.499951 0.491170 2.391253 5.053458 -0.342218
Car 777 4.443564 15.398138 2.195639 3.904469 -179.218300
Car 787 -3.160127 -22.453527 2.369738 4.728707 0.328340
Car 788 -3.215605 -28.495546 2.461909 5.507203 -0.277906
