Car 773 -3.119443 -6.019674 2.516578 5.146691 -4.912452
Car 772 -3.101073 -0.400725 2.586465 5.416937 -178.242045
Car 771 -2.968215 6.342200 2.348656 4.807058 2.239334
Car 774 -2.911625 -26.139860 2.392073 4.989091 -2.638162
Car 770 -2.956390 14.131485 2.798662 5.942355 -0.393119
Car 775 12.522069 -13.400991 2.644666 5.004611 -84.833390
Car 777 4.634268 -21.835412 2.195639 3.904469 179.484206
Car 778 4.302437 -27.303333 2.306850 4.496094 -178.957473
Car 769 -2.663763 20.185008 2.469343 4.705590 -1.124617
Car 776 11.896055 -8.216390 2.285284 4.080713 -86.073946
