Car 2 -0.782704 11.614653 2.906382 5.849356 -1.191665
Car 10 13.888138 11.783783 2.589331 5.392134 179.661911
Car 3 13.415350 6.688731 2.623568 5.374746 -175.191557
Car 4 13.556622 2.081820 2.623636 5.173045 -177.866459
Car 5 13.119870 -4.934930 2.934462 6.829767 -174.549095
Car 6 12.405418 -12.084505 2.826072 5.947627 3.891585
Car 7 11.900574 -18.520753 2.644685 5.670566 5.304465
Car 19 3.480989 -14.519638 2.955814 5.703587 1.102792
Car 8 10.978956 -27.209869 2.926247 5.943830 -179.713982
Car 11 13.263015 27.035917 2.325997 4.612012 -176.725442
Car 12 -2.669016 21.197891 3.504505 8.833812 -6.020797
