Car 2 -0.782321 11.614778 2.906382 5.849356 -1.190718
Car 10 13.888376 11.783543 2.589331 5.392134 179.662858
Car 3 13.415512 6.688499 2.623568 5.374746 -175.190611
Car 4 13.556729 2.081589 2.623636 5.173045 -177.865512
Car 5 13.119904 -4.935148 2.934462 6.829767 -174.548148
Car 6 12.405342 -12.084711 2.826072 5.947627 3.892531
Car 7 11.900341 -18.520961 2.644685 5.670566 5.305412
Car 8 10.980568 -27.208666 2.926247 5.943830 -179.716910
Car 12 0.919168 16.574349 3.504505 8.833812 -32.704623
Car 20 -12.055814 4.736556 2.668627 5.367014 79.936608
Car 11 13.262258 27.036459 2.325997 4.612012 -176.725357
