Car 1202 0.229633 22.088959 2.699050 5.191700 0.214362
Car 1227 -14.815725 -0.162780 2.344094 4.585162 94.506852
Car 1228 -14.731352 -10.107272 2.278422 4.104561 81.810397
Car 1238 -14.826424 -13.086176 2.411112 4.359051 78.406028
Car 1239 -14.753721 -4.902668 2.276627 4.272705 78.715468
Car 1229 -7.919611 7.786597 2.130638 4.071992 2.488589
Car 1230 -7.916361 3.017054 2.164205 3.906659 2.710033
Car 1232 -8.140772 12.384118 2.090262 4.280287 46.214785
Car 1233 -7.728110 -8.272930 2.390229 4.208710 -177.086957
Car 1234 -8.257710 -12.942118 2.311355 4.143513 -176.647165
Car 1236 -15.005601 2.211476 2.226757 4.173802 109.124465
