Car 1149 4.043638 12.001850 2.712667 5.378160 -0.449129
Car 1150 -3.519290 13.785770 2.357410 4.554628 -2.181138
Car 1151 -3.425381 7.947196 2.916103 6.551229 -179.404904
Car 1152 -3.519456 -1.544723 2.534129 5.435360 -0.812379
Car 1153 -3.663872 -8.275812 2.426204 4.709211 -2.875078
Car 1154 3.975703 -6.595388 2.476428 4.653723 0.153652
Car 1155 -3.495782 -14.219331 2.490378 4.887186 -177.814939
Car 1156 4.013765 -12.536624 2.593385 5.144399 178.860767
Car 1157 -3.528906 -19.905951 2.284094 4.306632 0.265793
Car 1158 -3.524147 -25.253480 2.354059 4.722298 -0.034133
