Car 2 -0.697448 11.616254 2.906382 5.849356 -1.190206
Car 10 13.888587 11.783371 2.589331 5.392134 179.663370
Car 3 13.420881 6.750247 2.623568 5.374746 -175.190098
Car 4 13.556832 2.081420 2.623636 5.173045 -177.865000
Car 5 13.119914 -4.935313 2.934462 6.829767 -174.547636
Car 6 12.405283 -12.084870 2.826072 5.947627 3.893044
Car 7 11.950726 -18.525802 2.644685 5.670566 5.305924
Car 8 10.980423 -27.208759 2.926247 5.943830 -179.716398
Car 19 3.406935 6.817058 2.955814 5.703587 -2.304901
Car 11 13.262146 27.037125 2.325997 4.612012 -176.727858
Car 12 -2.669485 21.198367 3.504505 8.833812 -6.023213
