Car 1155 -10.788021 27.489322 2.490378 4.887186 161.436444
Car 1158 -7.560465 17.065590 2.354059 4.722298 -17.589136
Car 1159 1.091607 13.550750 2.456841 4.781479 161.482165
Car 1160 -4.511007 7.423106 2.403375 5.271937 163.292364
Car 1161 2.625210 8.517167 2.508027 4.868843 160.642892
Car 1162 3.843729 4.080633 2.377658 4.524916 163.427270
Car 1163 4.523672 -22.208708 2.518023 5.483710 165.283816
Car 1164 -14.318851 -10.170493 2.580441 5.798688 77.669311
Car 1165 -20.441147 -11.411235 2.462112 5.115213 78.234022
Car 1157 -9.157112 22.030860 2.284094 4.306632 -16.377361
