Car 1155 -9.571114 27.570784 2.490378 4.887186 164.042907
Car 1158 -6.835755 17.062474 2.354059 4.722298 -14.982348
Car 1159 1.643738 13.170989 2.456841 4.781479 164.088405
Car 1160 -4.228179 7.292748 2.403375 5.271937 165.899382
Car 1161 2.953804 8.047982 2.508027 4.868843 163.249098
Car 1162 3.967479 3.570183 2.377658 4.524916 166.033845
Car 1163 3.449849 -22.726806 2.518023 5.483710 167.891098
Car 1164 -14.840359 -9.866949 2.580441 5.798688 80.105080
Car 1165 -20.987977 -10.819327 2.462112 5.115213 81.247944
Car 1157 -8.194557 22.087045 2.284094 4.306632 -13.766990
