Car 355 -1.721438 -14.540629 2.561116 4.803128 1.846211
Car 356 -0.140192 8.355556 3.155101 7.001118 1.780135
Car 360 4.729103 11.197390 2.432621 5.289113 -84.738806
Car 362 4.742816 8.835680 2.313968 4.295129 -88.791047
Car 363 4.890548 6.557240 2.338602 4.942848 -86.330342
Car 364 4.767993 4.056065 2.357258 4.920373 -84.759783
Car 366 4.667866 1.671657 2.378304 4.829287 -86.530396
Car 367 4.894584 -0.761800 2.368837 4.546709 -89.641701
Car 365 4.230702 -3.053212 2.534250 4.794490 -89.391381
Car 368 -4.292775 -9.585751 2.446748 4.936346 3.266111
Car 369 4.079642 -12.125898 2.414196 4.727995 -88.710731
Car 371 4.628967 -5.515344 2.443164 4.928734 -84.834007
Car 370 4.350252 -7.955822 2.362458 4.602458 95.933641
Car 372 4.893372 -9.970661 2.217292 3.911442 -89.697337
Car 358 4.679901 16.266322 2.583945 5.383743 -86.381692
Car 361 4.957982 13.770862 2.224324 4.295091 -88.280587
Car 376 4.448581 -22.301129 2.593828 5.167003 99.129259
Car 378 3.883092 -26.670789 2.485824 4.901630 102.370404
Car 375 4.854835 -19.813508 2.360978 4.278431 -83.265267
