Car 2 -0.782146 11.614857 2.906382 5.849356 -1.190313
Car 10 13.888556 11.783358 2.589331 5.392134 179.663263
Car 3 13.415651 6.688317 2.623568 5.374746 -175.190206
Car 4 13.556824 2.081405 2.623636 5.173045 -177.865108
Car 5 13.119924 -4.935331 2.934462 6.829767 -174.547744
Car 6 12.405307 -12.084890 2.826072 5.947627 3.892936
Car 7 11.900291 -18.521131 2.644685 5.670566 5.305817
Car 8 10.980324 -27.209176 2.926247 5.943830 -179.716505
Car 11 13.265611 27.039339 2.325997 4.612012 -176.725032
Car 12 -2.666583 21.200965 3.504505 8.833812 -6.020387
