Car 2 -0.707113 11.616283 2.906382 5.849356 -1.190268
Car 10 13.888565 11.783275 2.589331 5.392134 179.663307
Car 3 13.415656 6.688235 2.623568 5.374746 -175.190161
Car 4 13.556825 2.081324 2.623636 5.173045 -177.865063
Car 5 13.119921 -4.935408 2.934462 6.829767 -174.547699
Car 6 12.405298 -12.084965 2.826072 5.947627 3.892981
Car 7 11.900275 -18.521213 2.644685 5.670566 5.305862
Car 8 10.980436 -27.208891 2.926247 5.943830 -179.716460
Car 11 13.264781 27.037178 2.325997 4.612012 -176.724598
Car 12 -2.667237 21.199223 3.504505 8.833812 -6.019953
