Car 647 -0.540441 17.808585 2.466797 4.852192 -1.530989
Car 702 -3.451989 29.180991 2.508209 4.812451 -1.841663
Car 704 1.467645 23.438376 2.424242 4.558275 -2.802901
Car 705 -2.944186 19.268792 2.418116 4.113710 -1.735655
Car 706 2.097067 13.777076 2.430573 4.255037 -2.338614
Car 707 3.379496 -6.646902 2.376588 4.668838 -1.183107
Car 708 3.727716 -11.652339 2.348671 4.167685 -1.888637
Car 709 4.236212 -19.267491 2.888812 6.033219 -2.700690
Car 710 -0.125692 -26.421545 2.436684 4.275148 -5.717266
Car 713 -4.718413 -17.691961 2.344769 4.273128 82.100137
Car 714 4.745574 -24.922958 2.399468 4.596982 -2.934900
Car 711 -5.472498 -13.332272 2.368533 4.686695 86.323991
Car 712 -5.269654 -15.547108 2.262103 4.372894 84.443592
