Car 1114 3.753408 -2.693688 2.393916 5.162653 3.100832
Car 1115 -3.101972 3.252239 2.401598 4.411260 3.644718
Car 1117 -3.432883 -1.553968 2.423599 4.750076 1.680359
Car 1118 -3.580116 -6.710501 2.359696 4.645434 2.140696
Car 1119 3.441170 -12.850298 2.295672 4.645189 -176.709647
Car 1120 3.277658 -18.138637 2.326130 4.463335 -176.665345
Car 1121 2.966329 -23.663799 2.510938 4.920578 3.098083
Car 1122 -4.583104 -24.969311 2.432441 4.967326 1.061659
Car 1113 5.087210 28.187001 2.573566 4.887115 4.284043
Car 1124 2.882784 -29.732533 2.434040 4.815709 178.799813
