Car 684 -2.500635 14.771532 2.470694 5.023676 0.065156
Car 685 2.368421 18.820314 2.430860 4.945714 0.255195
Car 686 2.413240 12.830066 2.461310 5.198720 0.158284
Car 687 -2.515045 2.347473 2.482760 4.315389 -1.154622
Car 688 2.438334 7.435569 2.416776 4.619690 0.393731
Car 647 -0.247328 21.043094 2.466797 4.852192 0.522931
Car 689 2.423496 -2.059574 2.330014 4.702572 -0.932577
Car 690 2.469987 -8.396463 2.496604 4.653381 2.080012
Car 691 2.407452 -15.831963 2.426153 4.959073 2.314589
Car 680 2.631743 27.028014 2.372472 4.422735 0.444446
Car 692 -2.309826 -27.916821 2.428364 4.694511 0.243009
