Car 814 -0.559006 13.497731 2.765413 5.281266 10.697888
Car 795 -2.019931 -23.468434 2.480460 4.912614 9.701848
Car 849 -7.389953 -3.907418 2.507521 4.982797 -104.017474
Car 850 -8.083919 -1.309714 2.391802 4.854679 72.870996
Car 857 3.130876 2.249017 2.561445 5.311653 -176.521972
Car 858 2.093590 -15.888156 2.519526 4.961969 -173.210946
Car 851 -7.176218 -6.830163 2.519862 5.016331 -88.018349
Car 844 -8.981831 1.080096 2.689840 5.268191 -114.933685
Car 854 16.971233 20.642291 2.581775 5.171088 -105.801939
Car 855 5.547130 11.576463 2.480793 4.646050 -161.124190
Car 856 4.802751 22.485825 2.532380 5.089389 62.540367
Car 852 -7.489254 -9.377094 2.871589 5.226365 92.585430
Car 847 -11.429757 5.918561 2.391802 4.854679 -127.122233
Car 848 -13.200344 7.677309 2.393400 4.817498 -132.713994
