Car 684 -2.513352 13.528299 2.470694 5.023676 0.024647
Car 685 2.352968 17.608042 2.430860 4.945714 0.214703
Car 686 2.402096 11.608350 2.461310 5.198720 0.117804
Car 687 -2.538259 1.136101 2.482760 4.315389 -1.195144
Car 688 2.431093 6.206712 2.416776 4.619690 0.353255
Car 647 -0.261798 21.053427 2.466797 4.852192 0.482437
Car 689 2.421967 -3.266405 2.330014 4.702572 -0.973055
Car 690 2.475213 -9.611849 2.496604 4.653381 2.039548
Car 691 2.417234 -17.062686 2.426153 4.959073 2.274120
Car 680 2.612091 25.801106 2.372472 4.422735 0.403855
Car 692 -2.290532 -29.147604 2.428364 4.694511 0.202614
