Car 496 -4.634110 22.996242 2.606818 5.273824 177.446118
Car 497 3.790903 16.326200 2.531779 4.994978 178.696343
Car 499 -4.136990 7.307632 2.724602 5.262676 179.392688
Car 500 -4.551481 13.565381 2.400916 4.984866 178.292740
Car 501 3.976123 10.585621 2.679479 5.234773 178.559864
Car 502 -4.048585 -5.246146 2.522880 4.672916 178.101830
Car 503 3.882305 4.641404 2.682315 5.781179 179.274339
Car 504 -3.732361 -12.575353 2.401937 4.880105 177.541689
Car 505 -3.737938 -17.822123 2.491587 4.797379 178.688204
Car 506 4.147881 -4.082524 2.371072 4.593160 177.305760
Car 507 4.211935 -9.834574 2.499223 4.610272 179.775979
Car 508 4.350386 -16.313580 2.577066 5.265261 179.775974
Car 509 4.632176 -22.367317 2.476679 5.041989 175.748609
Car 510 4.658912 -27.265620 2.607817 4.728413 178.581585
Car 512 -3.453968 -23.602305 2.528754 5.336449 178.031293
