Car 609 -2.966599 26.909933 2.370879 5.055512 2.438778
Car 611 -3.052544 18.604267 2.601082 5.583330 -0.488093
Car 613 -3.213324 13.012224 2.465520 5.090675 -1.265726
Car 615 16.780119 16.759612 2.458834 4.620300 -91.266170
Car 618 -9.064973 0.807473 2.293181 4.329943 89.595081
Car 619 -9.863604 3.311608 2.624441 5.241429 -89.287044
Car 620 -3.128688 -4.700980 2.401424 5.014886 -179.231149
Car 621 -3.144775 -9.819270 2.400025 4.838015 179.904699
Car 622 4.021676 -9.457681 2.423621 5.021136 1.513938
Car 623 -3.001018 -20.727167 2.537355 5.001442 -1.089674
Car 614 -3.139237 7.914818 2.465793 4.751741 -179.358619
Car 624 4.064028 -14.663186 2.393452 4.723734 2.039677
Car 625 3.996565 -19.606690 2.383959 4.362121 7.684164
Car 626 3.905956 -24.732494 2.446312 5.421468 1.915286
Car 627 -3.171324 -25.612677 2.523424 4.739124 -0.786802
Car 628 -8.650025 -15.802066 2.262303 4.210553 83.840972
