Car 795 -0.127388 -7.678767 2.480460 4.912614 -1.940768
Car 814 -0.157441 6.402532 2.765413 5.281266 2.567990
Car 816 1.971452 17.500310 2.570953 5.025377 16.541090
Car 819 5.035657 14.146568 2.926410 6.498190 -168.245681
Car 820 3.303606 -2.602726 2.471697 5.151392 178.240212
Car 821 3.440167 -12.867223 2.788219 5.613046 179.663190
Car 822 3.768295 -26.779783 2.440789 4.543196 -179.989587
Car 799 -0.044423 -14.298719 2.496501 5.257452 -0.676682
Car 797 0.336710 -28.038241 3.027616 7.141880 0.146263
Car 808 0.245559 -20.262474 2.453783 5.015134 -0.762424
