Car 2 -0.782451 11.614100 2.906382 5.849356 -1.191037
Car 10 13.888382 11.783218 2.589331 5.392134 179.662539
Car 3 13.415544 6.688172 2.623568 5.374746 -175.190930
Car 4 13.556778 2.081260 2.623636 5.173045 -177.865831
Car 5 13.119977 -4.935481 2.934462 6.829767 -174.548467
Car 6 12.405451 -12.085049 2.826072 5.947627 3.892212
Car 7 11.900506 -18.521297 2.644685 5.670566 5.305093
Car 8 10.980759 -27.209058 2.926247 5.943830 -179.717229
Car 20 -2.279718 6.300681 2.668627 5.367014 69.955702
Car 11 13.262095 27.036745 2.325997 4.612012 -176.726249
Car 12 -2.669915 21.198633 3.504505 8.833812 -6.021604
