Car 905 -5.336677 26.074121 2.349348 4.317012 -8.600394
Car 906 -4.714587 20.533883 2.481356 5.173947 -6.356005
Car 907 -4.016704 14.376797 2.528292 4.744564 -6.191297
Car 913 8.657684 14.455411 2.459484 4.732788 127.572498
Car 914 8.580322 11.827714 2.228318 4.387951 123.094696
Car 919 9.197169 8.955542 2.329115 4.684116 124.111317
Car 920 9.747669 5.706819 2.500064 5.213309 124.964854
Car 921 9.880905 2.277094 2.546050 4.854128 130.190164
Car 922 17.936026 2.077117 2.246925 4.175229 74.523087
Car 923 19.003774 -4.897125 2.460013 4.594455 -91.602654
Car 924 12.035021 -8.306050 2.451318 4.694633 36.116052
Car 925 17.509216 7.548041 2.475166 4.670846 82.865030
Car 926 18.395143 -2.261032 2.439133 4.398419 88.344977
Car 929 -8.998484 -8.273267 2.461235 5.234733 -96.138867
Car 912 9.027311 17.431390 2.520398 4.732788 126.020016
Car 927 12.404433 -12.243503 2.521460 5.169766 34.818610
