Car 1175 -21.951891 -5.452661 2.594937 5.801307 -19.844389
Car 1174 17.514456 6.323787 2.187572 4.369842 -20.337378
Car 1190 4.411026 -17.880806 2.475409 4.989402 -110.896963
Car 1191 -17.675239 -25.846892 2.601865 5.596367 -108.349311
Car 1166 -1.423106 18.866126 2.455938 4.702832 -9.990671
Car 1173 -14.614445 0.559640 2.516088 5.096764 -110.012257
Car 1172 20.617217 7.675736 2.867011 6.015109 -20.067890
Car 1179 14.821796 -27.425493 2.555143 5.072568 155.342256
Car 1167 -2.744403 26.068550 3.028129 5.707796 -9.393397
Car 1180 12.145555 -28.719029 2.516540 4.993729 159.656706
Car 1187 18.535994 -26.010965 2.554735 4.649230 155.523112
Car 1188 22.906703 -24.485719 2.509024 4.539562 -24.960798
Car 1189 27.514284 -22.486433 2.660412 4.737233 -22.188562
