Car 609 -3.206981 20.024386 2.370879 5.055512 1.887098
Car 610 3.528342 23.350835 2.423712 4.632498 -178.758428
Car 611 -3.219746 11.720539 2.601082 5.583330 -1.039711
Car 613 -3.260098 6.284549 2.465520 5.090675 -0.986035
Car 615 16.623237 10.089281 2.458834 4.620300 -91.817517
Car 616 17.034422 3.627062 2.436079 4.757336 -90.120720
Car 618 -9.059026 -6.265563 2.293181 4.329943 89.042966
Car 619 -9.871472 -3.778814 2.624441 5.241429 -88.355184
Car 620 -3.069439 -11.178367 2.401424 5.014886 -178.296324
Car 621 -3.114176 -16.586489 2.400025 4.838015 179.588477
Car 622 4.126094 -16.315449 2.423621 5.021136 0.961423
Car 623 -2.915737 -27.506354 2.537355 5.001442 1.495592
Car 608 -3.253537 26.093807 2.360221 5.119146 -1.477528
Car 617 22.351745 3.809097 2.399816 5.040518 -92.636017
Car 585 -0.123156 28.201754 2.513845 5.000506 -0.357603
Car 614 -3.202734 1.071599 2.465793 4.751741 -179.909843
Car 624 4.172057 -21.622613 2.393452 4.723734 1.492010
Car 625 4.158521 -26.546917 2.383959 4.362121 7.135843
