Car 647 -0.459479 17.288345 2.466797 4.852192 -1.141706
Car 702 -3.081626 25.400742 2.508209 4.812451 -0.324451
Car 704 1.746860 19.622895 2.424242 4.558275 -1.927910
Car 705 -2.778675 15.469711 2.418116 4.113710 -1.346621
Car 706 2.267333 9.935545 2.430573 4.255037 -1.949585
Car 707 3.247989 -10.533913 2.376588 4.668838 -0.603967
Car 708 3.524745 -15.609902 2.348671 4.167685 -0.706516
Car 709 3.839365 -23.176357 2.888812 6.033219 -1.333096
Car 713 -5.063354 -21.461276 2.344769 4.273128 82.942578
Car 714 4.296205 -28.901721 2.399468 4.596982 -2.060540
Car 711 -5.744809 -17.099815 2.368533 4.686695 87.166463
Car 712 -5.579570 -19.295788 2.262103 4.372894 85.285951
