Car 496 -4.778953 14.124607 2.606818 5.273824 177.144877
Car 497 3.689426 7.358580 2.531779 4.994978 178.394981
Car 499 -4.190490 -1.673748 2.724602 5.262676 179.092140
Car 500 -4.640465 4.623267 2.400916 4.984866 177.991547
Car 501 3.906249 1.608625 2.679479 5.234773 178.258741
Car 502 -4.016480 -14.049886 2.522880 4.672916 177.800664
Car 503 3.841435 -4.180853 2.682315 5.781179 178.955449
Car 504 -3.688725 -21.483613 2.401937 4.880105 177.240224
Car 495 -4.970920 21.714397 2.646460 5.137516 0.033382
Car 505 -3.636383 -26.805914 2.491587 4.797379 178.386843
Car 506 4.144872 -12.920509 2.371072 4.593160 177.008046
Car 507 4.249946 -18.703581 2.499223 4.610272 179.478331
Car 508 4.422427 -25.196358 2.577066 5.265261 179.478331
