Car 355 -1.422080 -12.802755 2.561116 4.803128 1.857705
Car 356 -0.246633 8.333455 3.155101 7.001118 -1.287129
Car 364 4.549965 14.154884 2.357258 4.920373 -85.737765
Car 366 4.602111 11.785646 2.378304 4.829287 -86.520236
Car 365 4.317633 7.013162 2.534250 4.794490 -91.405747
Car 368 -4.006497 0.280380 2.446748 4.936346 0.360526
Car 369 4.430761 -2.039244 2.414196 4.727995 -91.226626
Car 371 4.792405 4.531543 2.443164 4.928734 -87.218075
Car 370 4.594253 2.171220 2.362458 4.602458 89.348676
Car 372 5.227501 0.104186 2.217292 3.911442 -89.687545
Car 373 5.196703 -4.643827 2.258351 4.273423 -92.096673
Car 374 5.503575 -7.000702 2.410547 4.762323 -88.089855
Car 375 5.407769 -9.631338 2.360978 4.278431 -84.455287
Car 376 5.083129 -12.143033 2.593828 5.167003 96.447701
Car 377 5.252773 -14.206263 2.203975 4.232805 -81.335427
Car 378 4.525441 -16.436453 2.485824 4.901630 100.844122
Car 360 4.382213 21.274821 2.432621 5.289113 -86.869695
Car 362 4.553581 18.883553 2.313968 4.295129 -89.718083
Car 363 4.686554 16.628787 2.338602 4.942848 -87.257106
Car 379 14.315656 -4.538601 2.421225 4.950727 174.824339
Car 380 4.714654 -18.890116 2.463206 5.228150 96.058950
Car 381 5.202100 -21.571807 2.337296 4.931138 98.053270
Car 382 5.455522 -27.392414 2.688688 5.276532 93.532334
Car 383 5.458911 -29.893319 2.642896 5.168802 -86.997744
Car 384 5.960011 -24.249799 2.314202 5.306313 -88.775442
Car 367 4.851137 9.308200 2.368837 4.546709 -90.568900
