Car 44 0.472095 13.098791 2.484940 4.894949 5.648925
Car 141 17.236248 16.237644 2.959883 7.845195 -102.192997
Car 175 3.356004 6.502476 2.752832 5.571471 -170.515585
Car 178 3.139191 -1.170190 2.374719 4.743531 179.017173
Car 179 3.241401 -6.770304 2.431678 4.168643 -178.761726
Car 185 5.762829 2.622205 2.732169 5.760023 -179.737845
Car 180 2.874821 -17.509305 2.938258 6.503689 -178.232534
Car 182 11.424276 -4.178306 2.461258 4.541911 -95.401643
Car 177 9.776160 12.467764 2.479946 5.256964 -136.212461
Car 181 2.563971 -24.729093 2.797485 5.701709 -176.075213
