Car 1283 -3.593383 9.109492 2.368898 4.804879 2.598619
Car 1284 3.313135 8.795720 2.406069 5.007592 -2.057926
Car 1290 3.558625 -2.085633 2.740101 5.643675 -1.598649
Car 1291 -3.634700 3.618563 2.335356 4.440528 0.016798
Car 1292 -3.447467 -1.504551 2.413698 4.723988 1.251202
Car 1293 -3.621050 -6.873786 2.558149 5.411021 179.486065
Car 1294 3.628358 -7.248086 2.337007 4.395079 3.548603
Car 1295 3.534325 -11.587839 2.378538 4.673774 1.429779
Car 1296 3.774794 -17.637219 2.563560 5.138226 0.632404
Car 1297 -3.672462 -17.618982 2.413169 4.900146 -1.355019
Car 1298 3.355734 -28.436928 2.740110 5.800786 3.029622
Car 1308 -3.547334 -23.044545 2.467625 5.218305 -1.715221
Car 1309 -3.423146 -28.680423 2.438327 5.083933 -0.239531
Car 1305 13.715515 6.311774 2.286801 4.361678 2.654813
Car 1306 16.505512 6.534857 2.279226 4.382857 1.444786
Car 1307 19.256585 6.842305 2.343634 4.485164 1.524904
Car 1304 10.866298 6.686513 2.146785 4.099147 3.414588
