Car 277 -2.756835 23.098466 2.385746 4.537955 -0.288492
Car 278 -2.931764 18.279437 2.398078 4.802337 0.226233
Car 280 -2.998522 11.956600 2.404476 4.859232 -0.182838
Car 281 -3.290638 6.311397 2.382901 4.380683 0.483483
Car 282 -3.240432 1.003274 2.532186 5.234501 -179.358496
Car 283 -3.207781 -4.919467 2.342406 4.807016 0.953021
Car 284 3.929025 8.468106 2.580685 5.161265 0.098085
Car 285 3.946959 0.849195 2.640591 5.358321 179.173182
Car 286 3.696892 -6.872880 2.494853 4.871039 3.147616
Car 287 3.696702 -12.910461 2.575652 5.453852 0.671860
Car 288 -2.906433 -23.657501 2.729916 5.439777 -6.256944
Car 276 -2.449120 29.241788 2.479491 4.666399 2.413822
Car 289 -2.475598 -29.350859 2.545030 4.926900 -7.526852
Car 291 3.922882 -19.161143 2.782329 5.420161 -3.820961
Car 292 4.864825 -28.620497 2.572315 5.104374 -7.073295
