Car 1322 3.821137 9.332517 2.520821 5.047737 2.631254
Car 1323 -3.588965 13.537499 2.539594 4.925910 -2.561355
Car 1324 3.771326 4.382630 2.426169 4.352884 7.902855
Car 1325 -3.414654 -1.531308 2.488490 4.498556 -0.293293
Car 1327 3.639073 -0.824141 2.563966 5.603610 1.721182
Car 1328 -2.856590 -6.996002 2.455885 5.227670 -21.024783
Car 1330 3.942624 -8.211909 2.654894 5.072065 179.203581
Car 1331 -8.365091 -5.847676 2.351648 5.514666 92.923363
Car 1332 -8.789753 -8.201895 2.290981 4.323369 88.202019
Car 1329 -3.230225 -13.162824 2.616369 5.582392 -1.139675
Car 1333 3.918509 -21.635435 2.507637 4.721419 -0.210079
Car 1336 -3.099362 -26.624855 2.832032 5.608284 -1.740377
Car 1321 -3.358998 3.391843 2.545098 5.032806 -0.975438
Car 1313 -3.546569 19.100902 2.554457 5.419360 2.126215
Car 1314 3.686785 14.263866 2.537583 5.311616 -1.116099
Car 1337 4.034136 -26.754266 2.510250 5.097755 -0.981263
Car 1317 -9.689215 24.763500 2.351419 4.839364 88.295019
Car 1326 -8.977264 8.310366 2.363792 4.402403 85.072939
Car 1334 -8.645162 -18.387727 2.468584 4.829678 88.726955
