Car 647 0.395051 17.569714 2.466797 4.852192 -0.777300
Car 702 -2.259344 14.999129 2.508209 4.812451 0.449188
Car 704 2.427427 8.864782 2.424242 4.558275 1.021396
Car 705 -2.344694 5.033864 2.418116 4.113710 -0.341384
Car 706 2.432015 -0.787976 2.430573 4.255037 0.205485
Car 707 2.501890 -21.335225 2.376588 4.668838 1.493557
Car 700 -2.069187 23.233524 2.385022 4.667324 1.246509
Car 701 2.532973 20.702386 2.409525 4.718374 -0.714892
Car 703 2.590886 15.509291 2.264520 4.618860 2.286819
Car 708 2.533082 -26.359764 2.348671 4.167685 1.990156
