Car 355 -0.885905 -11.276837 2.561116 4.803128 -1.937180
Car 356 0.275587 7.397329 3.155101 7.001118 -1.662877
Car 368 -4.034207 14.961463 2.446748 4.936346 0.422679
Car 369 4.539432 12.817057 2.414196 4.727995 -90.991409
Car 373 5.281000 10.452816 2.258351 4.273423 -95.782553
Car 374 5.665185 8.087006 2.410547 4.762323 -93.185700
Car 375 5.610533 5.445574 2.360978 4.278431 -87.300179
Car 376 5.347319 3.010985 2.593828 5.167003 89.782320
Car 377 5.696703 0.853681 2.203975 4.232805 -92.450753
Car 378 4.995128 -1.379595 2.485824 4.901630 92.370803
Car 380 5.199635 -3.653236 2.463206 5.228150 84.572990
Car 381 5.829101 -6.425284 2.337296 4.931138 89.190755
Car 382 6.194798 -12.300955 2.688688 5.276532 93.992431
Car 383 6.405954 -14.911946 2.642896 5.168802 -91.102003
Car 384 6.569207 -9.013848 2.314202 5.306313 -92.573570
Car 379 14.469187 10.191690 2.421225 4.950727 173.394272
Car 385 6.657004 -17.593032 2.434097 5.129521 -86.345565
Car 386 16.491098 -10.115141 2.737829 5.799408 171.062124
