Car 44 -0.031285 7.176698 2.484940 4.894949 1.802755
Car 226 -0.395545 -19.664980 3.226672 6.720448 2.645672
Car 227 -11.708536 -10.806305 2.520158 4.875969 -88.226621
Car 228 -10.361007 -14.686243 2.364129 4.745641 -177.257862
Car 229 -18.059641 -14.005537 2.609746 5.527851 -176.385052
Car 230 -12.903530 -14.607462 2.507865 4.752691 -177.229408
Car 235 -27.891304 -12.944822 2.240086 5.082344 -164.741643
Car 231 -20.718579 -13.409842 2.705446 5.461498 -175.457011
Car 232 -25.581823 -13.701698 2.542957 5.375406 -171.427181
Car 233 -15.356816 -14.072206 2.188943 4.416155 179.243488
Car 234 -23.027062 -13.321836 2.293837 4.368731 8.245139
