Car 1103 1.866557 27.897557 2.511166 5.417990 -1.310700
Car 1105 -4.194652 22.495438 2.513236 4.589340 -3.892479
Car 1106 2.668696 15.035263 2.605756 5.382891 -1.918385
Car 1107 -3.689607 15.585051 2.456679 5.385229 -0.842629
Car 1108 -3.562424 10.034565 2.365549 4.623273 -2.272235
Car 1109 3.173684 3.243009 2.522326 4.993848 -2.485049
Car 1110 -3.206515 0.144470 2.265246 4.749625 178.111332
Car 1111 4.048439 -8.551938 2.436297 4.669967 -1.262815
Car 1112 3.725883 -2.811235 2.395804 5.290825 -0.776975
Car 1113 4.609431 -20.600020 2.573566 4.887115 0.020654
