Car 907 -3.910737 20.615360 2.528292 4.744564 -6.205977
Car 920 9.989342 11.848517 2.500064 5.213309 124.929043
Car 921 10.016906 8.486211 2.546050 4.854128 130.155354
Car 922 17.947921 8.178745 2.246925 4.175229 74.504735
Car 926 18.469147 4.030186 2.439133 4.398419 88.372184
Car 924 11.877318 -2.391002 2.451318 4.694633 36.111076
Car 927 12.638097 -5.642037 2.521460 5.169766 34.853185
Car 906 -4.658527 26.874275 2.481356 5.173947 -6.321891
Car 913 8.635135 20.805938 2.459484 4.732788 127.589047
Car 914 8.554803 18.188230 2.228318 4.387951 123.110434
Car 919 9.203830 15.298646 2.329115 4.684116 124.127523
Car 925 17.519556 13.749947 2.475166 4.670846 82.889493
Car 929 -8.945471 -1.955391 2.461235 5.234733 -96.112695
