Car 355 -1.718137 -14.054627 2.561116 4.803128 1.701186
Car 356 0.167139 8.706232 3.155101 7.001118 6.863073
Car 358 4.946454 12.756358 2.583945 5.383743 -85.257364
Car 360 4.856565 7.754254 2.432621 5.289113 -85.389996
Car 362 4.834768 5.247062 2.313968 4.295129 -88.937049
Car 363 4.968362 3.055559 2.338602 4.942848 -85.962759
Car 364 4.735848 0.582442 2.357258 4.920373 -82.889271
Car 366 4.529683 -1.685304 2.378304 4.829287 -86.676434
Car 367 4.716373 -4.145861 2.368837 4.546709 -89.787786
Car 365 4.137551 -6.508024 2.534250 4.794490 -87.307524
Car 368 -4.554847 -12.884392 2.446748 4.936346 4.178869
Car 369 3.718238 -15.544458 2.414196 4.727995 -88.856925
Car 371 4.406556 -9.151849 2.443164 4.928734 -84.980131
Car 370 3.981338 -11.587517 2.362458 4.602458 104.612990
Car 361 5.166692 10.248112 2.224324 4.295091 -87.155734
