Car 684 -2.420075 18.461261 2.470694 5.023676 0.334738
Car 685 2.467426 22.377128 2.430860 4.945714 0.524764
Car 686 2.484592 16.457201 2.461310 5.198720 0.427854
Car 687 -2.411757 5.855960 2.482760 4.315389 -0.885006
Car 688 2.483954 11.030294 2.416776 4.619690 0.663289
Car 647 -0.140971 20.808398 2.466797 4.852192 0.792496
Car 689 2.426985 1.505444 2.330014 4.702572 -0.662969
Car 690 2.420963 -4.770531 2.496604 4.653381 2.349477
Car 691 2.357820 -12.207482 2.426153 4.959073 0.707086
Car 692 -2.429829 -24.304804 2.428364 4.694511 0.511999
Car 693 2.552729 -26.566882 2.619833 5.462271 -0.580107
