Car 0 3.813068 -1.509400 2.628676 4.974674 -2.654354
Car 1 2.810280 12.481499 2.834095 5.580886 -6.910570
Car 2 -0.891080 11.569098 2.906382 5.849356 -4.777109
Car 3 13.400723 6.731903 2.623568 5.374746 -175.692886
Car 4 13.493775 1.917562 2.623636 5.173045 -177.844833
Car 5 13.045708 -4.895231 2.934462 6.829767 -174.959675
Car 6 12.366327 -12.246053 2.826072 5.947627 3.360230
Car 7 11.899581 -18.665254 2.644685 5.670566 4.481482
Car 8 11.052997 -27.176790 2.926247 5.943830 -179.208337
Car 10 13.930835 11.684301 2.589331 5.392134 179.869411
Car 11 13.265701 27.040673 2.325997 4.612012 -176.726048
Car 12 -2.666288 21.201724 3.504505 8.833812 -6.021403
Car 13 3.964685 25.242208 2.175463 4.211966 -22.922721
