Car 639 1.305462 19.907024 2.443784 4.906412 169.709917
Car 640 -4.016639 12.282951 2.368496 4.947482 171.512692
Car 641 2.956164 13.410251 2.225573 4.149933 -12.717130
Car 650 -13.434917 -19.131903 2.345006 4.681503 -95.255286
Car 638 -6.634783 24.447709 2.354651 4.274868 -10.134911
Car 647 -4.234330 27.646167 2.466797 4.852192 -12.632838
Car 645 -4.555823 -26.368821 2.580505 5.134879 -93.564278
Car 646 -12.030560 -26.198658 2.459569 5.079300 -90.661318
Car 648 -17.246344 -26.155266 2.366348 4.922649 -88.644501
Car 649 -21.613315 -26.431014 2.475636 4.785736 -91.733630
