Car 2 -0.782326 11.614943 2.906382 5.849356 -1.190631
Car 10 13.888370 11.783687 2.589331 5.392134 179.662945
Car 3 13.415499 6.688644 2.623568 5.374746 -175.190523
Car 4 13.556708 2.081732 2.623636 5.173045 -177.865425
Car 5 13.119873 -4.935004 2.934462 6.829767 -174.548061
Car 6 12.405300 -12.084566 2.826072 5.947627 3.892619
Car 7 11.900289 -18.520815 2.644685 5.670566 5.305499
Car 8 10.980502 -27.208518 2.926247 5.943830 -179.716823
Car 12 1.286192 16.049446 3.504505 8.833812 -32.467593
Car 20 -12.663318 4.628610 2.668627 5.367014 79.936696
Car 11 13.262275 27.036603 2.325997 4.612012 -176.725270
