Car 425 6.445754 14.047242 2.386037 5.046938 -177.239261
Car 426 5.791343 8.384006 2.322121 4.839994 -173.812318
Car 427 5.404324 2.802330 2.525322 5.017267 -178.578867
Car 429 -5.783137 14.888263 2.292355 4.662374 95.343746
Car 430 4.795538 -2.695779 2.655086 5.246916 -175.006504
Car 431 3.088261 -16.719339 2.626723 5.191393 -173.939778
Car 432 -3.675210 -12.579145 2.514329 5.041837 4.195413
Car 433 1.705158 -22.002616 2.626571 5.243298 16.165194
Car 424 -5.265084 19.950692 2.434950 4.834490 -87.890634
Car 428 -5.973842 17.717284 2.455680 3.809896 90.309556
