Car 301 -2.980895 1.945362 2.392000 4.381714 -3.605833
Car 304 4.069220 4.483560 2.587284 4.909506 -2.520539
Car 305 4.290117 -1.739978 2.550386 4.811516 -0.463453
Car 307 4.489353 -6.770885 2.265454 4.114002 3.077309
Car 306 4.453638 -11.943742 2.552733 4.930009 0.079793
Car 308 4.428041 -17.015488 2.643240 5.205126 0.905239
Car 309 4.504979 -26.110061 2.679817 6.374964 0.213561
Car 310 -2.630214 -19.527858 2.591118 5.279086 177.792693
Car 311 -9.259085 -12.246900 2.299198 4.405205 88.222535
Car 293 -2.811795 25.229799 2.575737 5.621989 2.603452
