Car 398 4.801600 15.021705 2.461406 4.533678 87.856015
Car 399 -3.712844 12.766501 2.511274 5.177445 -2.688736
Car 400 5.127640 12.562808 2.472722 4.479739 87.564598
Car 401 5.281959 10.080119 2.495547 4.971532 87.196963
Car 402 4.808165 7.789300 2.445639 4.564324 88.681518
Car 404 5.114341 5.633602 2.400478 4.273474 -89.487886
Car 405 5.018224 3.167924 2.652175 4.950517 92.809906
Car 407 5.470872 0.712580 2.466998 4.641460 91.403987
Car 408 5.068614 -1.535274 2.488110 4.889539 89.100047
Car 409 5.185796 -3.945885 2.431686 4.932890 92.424229
Car 410 5.005364 -6.305468 2.357493 5.092914 92.531315
Car 411 5.080967 -8.766574 2.316628 4.910659 92.751074
Car 412 4.890563 -11.133815 2.363329 4.833912 92.661143
Car 414 5.200248 -13.635392 2.544475 4.924147 97.934819
Car 415 5.264770 -16.223498 2.431812 4.436301 95.776719
Car 416 5.538552 -18.837074 2.725955 5.194973 94.213365
Car 417 -3.533669 -23.504024 2.430096 4.794458 3.655156
Car 394 5.446456 24.392563 2.356834 4.358713 -84.224152
Car 396 4.963181 19.954547 2.452165 4.857709 -86.353853
Car 397 4.708831 17.710629 2.449816 4.496148 92.552800
Car 392 5.383545 29.846179 2.186642 4.464555 -92.445086
Car 393 5.537532 27.068390 2.321202 4.535959 -94.909359
Car 395 5.185461 22.394680 2.232809 4.413702 90.783604
