Car 1022 -15.028552 -16.068517 2.722351 5.215405 65.727438
Car 1023 -2.247651 19.292675 2.556834 4.920067 -9.343202
Car 1034 3.179586 5.666958 2.473623 5.189439 168.128251
Car 1027 7.655522 18.370906 2.406507 4.808497 76.753206
Car 1028 8.969849 15.825573 2.384996 5.593885 61.873922
Car 1029 9.857703 13.453841 2.420384 5.004937 -118.940877
Car 1030 13.202173 9.550499 2.561550 5.590213 43.064724
Car 1031 7.299747 21.005471 2.532583 4.764702 -100.911340
Car 1032 16.901319 6.076964 2.510591 4.938537 34.364967
Car 1035 21.134882 -8.217789 2.246573 4.392640 -109.816780
Car 1036 1.024869 -13.585236 2.413364 5.099963 -119.303890
Car 1037 -10.839002 -18.578111 2.807083 5.621207 -109.556260
Car 1033 14.832975 7.514446 2.331983 4.632260 37.607216
