Car 2 -0.782327 11.614250 2.906382 5.849356 -1.190555
Car 10 13.888371 11.782836 2.589331 5.392134 179.663021
Car 3 13.415489 6.687794 2.623568 5.374746 -175.190447
Car 4 13.556631 2.080744 2.623636 5.173045 -177.865349
Car 5 13.119820 -4.935841 2.934462 6.829767 -174.547985
Car 6 12.405234 -12.085402 2.826072 5.947627 3.892695
Car 7 11.900235 -18.521662 2.644685 5.670566 5.305575
Car 8 10.980428 -27.209376 2.926247 5.943830 -179.716747
Car 17 3.185109 0.491583 2.763575 5.364150 -1.421051
Car 11 13.264228 27.036719 2.325997 4.612012 -176.725072
Car 12 -2.667747 21.198764 3.504505 8.833812 -6.020427
