Car 499 -3.809189 28.911728 2.724602 5.262676 -179.758820
Car 502 -3.972214 16.675498 2.522880 4.672916 179.588122
Car 503 4.269597 26.231223 2.682315 5.781179 -179.261439
Car 505 -3.788455 3.788735 2.491587 4.797379 179.816332
Car 506 4.412745 17.635094 2.371072 4.593160 177.565070
Car 507 4.304089 11.643525 2.499223 4.610272 179.404230
Car 508 4.230222 4.903342 2.577066 5.265261 178.333047
Car 509 4.386137 -0.693580 2.476679 5.041989 176.570047
Car 510 4.306295 -5.637892 2.607817 4.728413 179.413591
Car 511 4.403276 -12.173618 2.299426 5.023632 177.223907
Car 512 -3.727359 -1.821806 2.528754 5.336449 -179.115163
Car 513 4.593002 -18.557215 2.640715 5.379752 179.407281
Car 514 4.539834 -24.815182 2.556059 5.144187 1.705642
Car 504 -3.702161 9.582476 2.401937 4.880105 -177.910940
Car 515 -3.731342 -23.470536 2.605390 5.134550 -2.483589
Car 519 -3.428090 -28.864903 2.427963 5.215682 -179.192097
