Car 904 -4.508766 4.871933 2.433379 4.408692 2.809294
Car 905 -4.368190 -0.315404 2.349348 4.317012 -1.369180
Car 906 -4.197706 -5.935492 2.481356 5.173947 -0.057232
Car 907 -4.151375 -12.006771 2.528292 4.744564 -1.158322
Car 911 9.179224 -7.464976 2.558871 4.619943 132.303974
Car 912 9.054423 -10.463538 2.520398 4.732788 132.254927
Car 915 16.188752 -3.775780 2.389155 4.752833 87.890891
Car 916 16.395225 -6.131552 2.356426 4.683793 86.998061
Car 917 16.693719 -8.455222 2.435863 5.123936 89.556227
Car 910 8.600846 2.363702 2.448190 4.481758 138.679618
Car 913 8.617527 -13.302103 2.459484 4.732788 128.539183
Car 914 8.696804 -16.272787 2.228318 4.387951 128.109067
Car 920 8.824875 -22.337255 2.500064 5.213309 130.104659
