Car 355 -0.796260 -11.590555 2.561116 4.803128 -2.013590
Car 356 0.358875 7.536674 3.155101 7.001118 -1.739047
Car 368 -4.043681 17.782355 2.446748 4.936346 0.346478
Car 369 4.560839 15.557778 2.414196 4.727995 -91.067776
Car 373 5.288958 13.168653 2.258351 4.273423 -95.858878
Car 374 5.669146 10.832333 2.410547 4.762323 -93.262050
Car 375 5.610380 8.230155 2.360978 4.278431 -87.376582
Car 376 5.352702 5.778352 2.593828 5.167003 89.705940
Car 377 5.707207 3.631828 2.203975 4.232805 -92.527112
Car 378 4.999871 1.295834 2.485824 4.901630 92.294392
Car 380 5.229017 -0.981902 2.463206 5.228150 84.496647
Car 381 5.849070 -3.756937 2.337296 4.931138 89.114376
Car 382 6.216111 -9.524441 2.688688 5.276532 93.916027
Car 383 6.435575 -12.111825 2.642896 5.168802 -91.178366
Car 384 6.591935 -6.218057 2.314202 5.306313 -92.649932
Car 379 14.462949 13.037852 2.421225 4.950727 173.317975
Car 385 6.689798 -14.757959 2.434097 5.129521 -86.421906
Car 386 16.511108 -7.265631 2.737829 5.799408 170.985787
