Car 546 0.206669 -7.524236 2.702487 5.132290 1.399895
Car 549 -8.219341 -3.814460 2.305356 4.757945 82.816873
Car 558 -2.161149 -9.095749 2.723822 5.456314 -1.560244
Car 559 -0.043381 10.591609 2.569796 5.038259 1.702196
Car 561 3.649851 26.026341 2.650225 4.999799 -178.861664
Car 547 -2.469508 -15.287472 2.475778 4.667500 10.011186
Car 550 -10.800405 -27.952771 3.067537 7.478715 60.077480
Car 552 -10.935851 -23.331664 2.499677 5.239921 73.509662
Car 551 -0.135976 -14.322988 2.369010 4.933984 10.445035
Car 560 0.188392 17.771631 2.661195 5.439123 2.587751
Car 554 -1.558087 -19.659353 2.266345 4.486932 28.589900
