Car 2 -0.703365 11.616113 2.906382 5.849356 -1.190348
Car 10 13.888496 11.783418 2.589331 5.392134 179.663228
Car 3 13.415598 6.688377 2.623568 5.374746 -175.190240
Car 4 13.556780 2.081467 2.623636 5.173045 -177.865142
Car 5 13.119902 -4.935265 2.934462 6.829767 -174.547778
Car 6 12.405292 -12.084824 2.826072 5.947627 3.892902
Car 7 11.900249 -18.521077 2.644685 5.670566 5.305782
Car 8 10.980479 -27.208632 2.926247 5.943830 -179.716540
Car 21 3.195417 3.630097 2.572838 4.941534 -2.736334
Car 11 13.262857 27.035749 2.325997 4.612012 -176.723579
