Car 44 -0.391182 15.048575 2.484940 4.894949 -0.000932
Car 178 2.600896 19.834319 2.374719 4.743531 177.401260
Car 179 3.045527 14.169267 2.431678 4.168643 178.806763
Car 181 3.245914 -1.764192 2.797485 5.701709 -178.189498
Car 180 3.181643 5.109379 2.938258 6.503689 178.229798
Car 186 2.844545 -8.091096 2.620011 4.833693 -179.057039
Car 187 2.169457 -20.158603 2.373935 4.484418 -175.627008
Car 175 2.590260 27.458256 2.752832 5.571471 -172.901202
Car 190 1.983645 -26.989292 2.395411 4.357616 -175.934798
Car 191 4.754674 -22.314296 2.366892 4.800753 -177.965343
