Car 306 4.799374 27.289026 2.552733 4.930009 -1.204179
Car 308 4.643937 21.387118 2.643240 5.205126 -0.005674
Car 309 4.497460 12.942094 2.679817 6.374964 0.315571
Car 310 -2.550823 19.083681 2.591118 5.279086 179.281982
Car 312 4.382390 1.729041 3.047431 5.574637 -179.938962
Car 313 -2.874302 6.993663 2.501963 5.149210 -178.075466
Car 314 3.894036 -10.232960 2.480724 4.983088 2.215119
Car 315 -3.080109 -8.267074 2.499398 4.938650 -1.937497
Car 316 -3.092030 -21.308198 2.278624 4.444495 -2.514770
Car 317 -3.210417 -16.132613 2.319073 4.118106 -1.657694
Car 318 3.960434 -16.599715 2.457838 4.928327 -179.948308
Car 319 4.193527 -22.219019 2.395558 4.918542 0.859462
Car 320 4.351263 -27.342555 2.479253 5.365078 0.632390
