Car 676 2.438124 15.042078 2.477123 4.882916 -0.644062
Car 675 -2.343504 16.577965 2.525925 5.208517 0.993611
Car 677 -2.581113 1.736871 2.525206 5.198171 -1.019028
Car 678 -2.633328 -14.101291 2.360369 4.447799 -0.955443
Car 647 0.016124 19.901937 2.466797 4.852192 0.551054
Car 679 -2.619424 -19.815746 2.351573 4.767702 -0.292999
Car 680 2.090348 -25.922789 2.372472 4.422735 -0.179289
Car 681 13.084396 -3.881832 2.311743 4.031598 -88.818115
Car 673 -2.235050 25.816684 2.562077 4.682991 -0.893566
Car 674 2.609199 20.927144 2.577324 4.939944 -0.702113
Car 682 17.844882 -3.990786 2.239854 4.358319 91.163676
Car 683 25.901964 -4.109496 1.973124 3.772688 -92.593136
