Car 355 -1.000386 -11.376416 2.561116 4.803128 0.621502
Car 356 0.068738 7.453027 3.155101 7.001118 -1.663747
Car 368 -4.040117 11.676082 2.446748 4.936346 0.421775
Car 369 4.494779 9.511880 2.414196 4.727995 -90.992326
Car 370 4.602662 13.927645 2.362458 4.602458 88.189077
Car 373 5.288889 7.016245 2.258351 4.273423 -93.569939
Car 374 5.697932 4.682893 2.410547 4.762323 -91.395859
Car 375 5.643493 2.016011 2.360978 4.278431 -86.908420
Car 376 5.326288 -0.293824 2.593828 5.167003 90.709939
Car 377 5.631244 -2.360688 2.203975 4.232805 -92.451619
Car 378 4.957811 -4.699861 2.485824 4.901630 93.668871
Car 380 5.177609 -7.102967 2.463206 5.228150 89.667621
Car 381 5.811233 -9.840722 2.337296 4.931138 89.189883
Car 382 6.226983 -15.599823 2.688688 5.276532 89.571142
Car 383 6.262349 -18.356131 2.642896 5.168802 -87.962106
Car 384 6.440712 -12.411862 2.314202 5.306313 -90.005489
Car 371 4.701010 16.298734 2.443164 4.928734 -89.738262
Car 379 14.360066 6.883749 2.421225 4.950727 173.593213
Car 385 6.587394 -20.924613 2.434097 5.129521 -86.145475
