Car 398 4.873037 23.292028 2.461406 4.533678 87.979776
Car 399 -3.636894 20.866889 2.511274 5.177445 -2.566078
Car 400 5.193728 20.848627 2.472722 4.479739 87.688362
Car 401 5.342365 18.378703 2.495547 4.971532 87.320725
Car 402 4.861962 16.045337 2.445639 4.564324 88.805262
Car 404 5.158769 13.815064 2.400478 4.273474 -89.364171
Car 405 5.048028 11.364185 2.652175 4.950517 92.933533
Car 407 5.500391 8.927819 2.466998 4.641460 91.527549
Car 408 5.103586 6.606766 2.488110 4.889539 89.223588
Car 409 5.199238 4.190601 2.431686 4.932890 92.547593
Car 410 5.010290 1.771683 2.357493 5.092914 92.654536
Car 411 5.080807 -0.654519 2.316628 4.910659 92.874251
Car 412 4.888003 -2.963870 2.363329 4.833912 92.784252
Car 413 8.286650 -20.498145 3.238519 7.301345 -165.027615
Car 414 5.183236 -5.369396 2.544475 4.924147 98.057805
Car 415 5.254040 -7.890647 2.431812 4.436301 95.164575
Car 416 5.517438 -10.662186 2.725955 5.194973 93.182587
Car 417 -3.563850 -15.272065 2.430096 4.794458 3.777456
Car 396 5.020764 28.071391 2.452165 4.857709 -86.232369
Car 397 4.767701 25.836914 2.449816 4.496148 92.674352
Car 395 5.229831 30.547512 2.232809 4.413702 90.905270
Car 418 10.541323 -1.451591 2.295910 4.602385 -178.957693
