Car 795 -0.098591 -7.672468 2.480460 4.912614 -2.914606
Car 813 3.289814 4.568655 3.070286 6.145272 -177.127200
Car 814 -0.106609 6.885692 2.765413 5.281266 4.808988
Car 815 3.600916 -11.229599 2.372270 4.555887 179.662351
Car 816 2.469468 19.110412 2.570953 5.025377 17.662099
Car 817 4.355377 -22.403453 2.558104 5.059665 179.268985
Car 812 5.324500 16.876648 2.465126 4.975824 -167.671436
Car 799 -0.046009 -14.300675 2.496501 5.257452 -0.667268
Car 797 0.332860 -28.040221 3.027616 7.141880 0.155677
Car 808 0.242987 -20.264473 2.453783 5.015134 -0.753010
