Car 959 -3.350119 14.227749 2.492465 4.688059 -4.266183
Car 960 3.046954 11.370517 2.511317 4.587281 -2.782427
Car 961 3.432006 5.318146 2.427029 5.064350 178.097700
Car 962 3.519072 -2.863839 2.402526 4.640012 177.978892
Car 963 -15.948684 -6.044089 2.613281 5.644182 89.165498
Car 958 -4.468564 21.096467 2.650214 5.386315 -9.334732
Car 957 -6.060582 28.526390 2.485889 4.561795 164.391417
Car 964 -3.015393 -17.220104 2.309182 4.468561 -178.841429
Car 965 3.952768 -22.475597 2.354603 4.624709 -0.184701
Car 966 4.146723 -26.998692 2.491478 4.884321 178.017045
