Car 795 -0.128111 -7.657014 2.480460 4.912614 -1.940672
Car 817 3.440285 -3.197508 2.558104 5.059665 178.147141
Car 813 8.599206 27.059283 3.070286 6.145272 -165.609334
Car 814 -0.136219 6.321978 2.765413 5.281266 3.956119
Car 815 4.307339 9.890811 2.372270 4.555887 -173.435705
Car 816 2.027253 17.491214 2.570953 5.025377 15.598412
Car 818 4.021904 -18.854758 2.604609 5.005498 178.576751
Car 799 -0.045683 -14.299995 2.496501 5.257452 -0.668746
Car 797 0.333531 -28.039537 3.027616 7.141880 0.154199
Car 808 0.243470 -20.263790 2.453783 5.015134 -0.754488
