Car 1166 -0.570121 15.740810 2.455938 4.702832 -4.297638
Car 1172 20.568414 -7.985287 2.867011 6.015109 -10.673702
Car 1173 -15.400464 -10.096411 2.516088 5.096764 -102.469253
Car 1175 -23.282605 -15.524456 2.594937 5.801307 -13.399420
Car 1174 17.248801 -8.265025 2.187572 4.369842 -12.639937
Car 1171 1.600086 26.817309 2.336153 4.709648 -4.775922
Car 1176 15.967454 -27.034734 2.433120 5.051198 -102.532857
Car 1183 22.834461 -6.943423 2.362209 4.343042 -10.890798
Car 1184 25.331221 -5.959355 2.450648 4.762147 -10.924489
Car 1185 29.277042 -1.994231 2.266529 4.804940 80.651072
