Car 288 -3.181972 12.478731 2.729916 5.439777 3.141811
Car 289 -3.510639 6.748709 2.545030 4.926900 1.516326
Car 290 -3.630100 0.657640 2.715440 5.472997 -0.280902
Car 291 4.007201 15.866335 2.782329 5.420161 1.954791
Car 292 3.799232 6.823959 2.572315 5.104374 0.602961
Car 293 -3.284836 -6.305496 2.575737 5.621989 -2.852137
Car 294 3.710650 1.496823 2.429819 4.757367 -0.366415
Car 299 12.614314 0.705481 2.208763 4.119466 -81.004569
Car 301 -1.742013 -29.559167 2.392000 4.381714 -8.095999
Car 286 5.346449 28.425867 2.494853 4.871039 8.286803
Car 287 4.682999 22.523621 2.575652 5.453852 6.330845
Car 304 5.020067 -26.207627 2.587284 4.909506 -6.177721
Car 302 22.432203 -0.222510 2.192753 4.242172 -88.853150
Car 303 22.443336 2.501099 2.212003 4.089237 -81.481132
Car 295 13.162458 8.252450 2.550244 4.771378 97.988897
Car 296 12.800458 5.258868 2.433314 4.852487 89.660806
Car 297 12.339289 3.162139 2.295099 4.615401 92.540654
Car 300 22.209346 -2.401282 1.878365 3.519419 -90.791018
