Car 1101 3.227145 17.204903 2.427575 4.951940 -1.407474
Car 1102 -3.208722 19.313352 2.439849 4.885450 1.798064
Car 1103 3.037337 10.669904 2.511166 5.417990 2.061952
Car 1104 -3.244669 14.385923 2.313047 4.413517 0.784016
Car 1105 -3.330144 5.664212 2.513236 4.589340 0.277144
Car 1106 3.075751 -2.519975 2.605756 5.382891 1.217345
Car 1108 -3.381379 -7.038378 2.365549 4.623273 -0.886462
Car 1109 2.970234 -13.764771 2.522326 4.993848 0.936171
Car 1110 -3.587468 -16.689524 2.265246 4.749625 -178.832585
Car 1111 3.152368 -25.850906 2.436297 4.669967 0.128252
Car 1107 -3.209825 -1.216133 2.456679 5.385229 1.726807
Car 1098 -2.920744 25.933262 2.575014 4.888491 0.503066
Car 1099 3.187407 26.847661 2.472956 5.109475 -0.920434
Car 1112 3.233754 -20.259042 2.395804 5.290825 2.268781
