Car 306 4.842391 21.269330 2.552733 4.930009 -1.049755
Car 308 4.671995 15.493645 2.643240 5.205126 0.148359
Car 309 4.516199 7.065489 2.679817 6.374964 0.469715
Car 310 -2.644724 13.289054 2.591118 5.279086 179.430596
Car 312 4.358496 -4.135899 3.047431 5.574637 -179.780393
Car 313 -2.872612 0.946143 2.501963 5.149210 -177.929476
Car 314 3.840338 -16.183105 2.480724 4.983088 2.374142
Car 315 -3.112819 -14.148618 2.499398 4.938650 -1.808107
Car 316 -3.161940 -27.259400 2.278624 4.444495 -2.388141
Car 307 4.954179 26.179666 2.265454 4.114002 2.600242
Car 317 -3.269720 -22.121172 2.319073 4.118106 -1.535273
Car 318 3.901273 -22.561052 2.457838 4.928327 -179.826570
Car 319 4.121690 -28.158530 2.395558 4.918542 0.981268
