Car 546 0.206585 -7.524018 2.702487 5.132290 1.399829
Car 549 -8.219432 -3.814257 2.305356 4.757945 82.816806
Car 558 -2.161233 -9.095536 2.723822 5.456314 -1.560311
Car 559 0.050340 16.321309 2.569796 5.038259 1.702129
Car 547 -2.468238 -15.289563 2.475778 4.667500 10.007585
Car 550 -10.798238 -27.955429 3.067537 7.478715 60.073883
Car 552 -10.933947 -23.334343 2.499677 5.239921 73.506066
Car 551 -0.134766 -14.324929 2.369010 4.933984 10.441435
Car 560 0.515098 26.646343 2.661195 5.439123 2.289622
Car 554 -1.556512 -19.661394 2.266345 4.486932 28.586301
