Car 355 -5.524140 -2.014291 2.561116 4.803128 49.096148
Car 356 13.774584 17.922874 3.155101 7.001118 -134.390620
Car 385 6.037293 -2.467916 2.434097 5.129521 37.216703
Car 386 6.170696 -14.802434 2.737829 5.799408 -57.835562
Car 390 -20.834677 4.032796 2.254135 4.710161 -54.208463
Car 387 -8.893285 22.630963 2.436076 4.686705 38.299393
Car 388 -27.013272 8.030581 2.927126 5.385648 -55.863428
Car 389 -11.564353 23.558307 2.355127 4.745786 30.314794
Car 383 8.572000 -3.845435 2.642896 5.168802 41.376497
Car 382 10.624458 -5.109685 2.688688 5.276532 -137.780779
Car 391 12.903471 -7.623364 2.325108 4.924018 43.669070
Car 392 15.079933 -8.665790 2.186642 4.464555 -134.755462
Car 394 19.309769 -11.663176 2.356834 4.358713 -135.667909
Car 395 20.996615 -13.315511 2.232809 4.413702 45.555875
Car 396 22.541652 -14.753647 2.452165 4.857709 -134.349961
