Car 690 2.438001 20.555454 2.496604 4.653381 -0.428644
Car 691 2.392848 12.993101 2.426153 4.959073 1.007082
Car 693 2.391666 -1.132855 2.619833 5.462271 0.517754
Car 694 -2.402515 -10.752577 2.410023 4.697440 -2.090070
Car 647 -0.257004 19.517746 2.466797 4.852192 -0.861763
Car 695 2.497871 -6.316126 2.251386 4.181008 0.724104
Car 696 2.428385 -16.128782 2.258822 4.455208 -0.175681
Car 697 -2.475577 -21.148733 2.350194 4.941724 0.165455
Car 689 2.482631 27.363875 2.330014 4.702572 -1.159297
Car 692 -2.469481 1.172807 2.428364 4.694511 0.339444
