Car 1075 7.575217 16.502399 2.528548 5.358964 178.456200
Car 1076 -3.965952 20.322654 2.534311 5.977802 178.761146
Car 1077 -3.882350 13.406259 2.598977 4.930140 -2.793985
Car 1079 7.436879 10.594571 2.367804 4.436907 178.058419
Car 1080 7.716446 4.836272 2.367364 4.863065 179.579569
Car 1084 4.565777 25.135633 2.387726 4.624292 -178.638903
Car 1081 -3.598925 5.971976 2.182583 5.024719 -3.520122
Car 1082 -3.556752 1.525406 2.244938 4.315730 -1.824582
Car 1083 -3.506980 -3.687609 2.263315 4.042265 179.556559
Car 1085 -3.572858 -9.857614 2.384425 4.532631 -0.420198
Car 1086 7.871713 -10.723969 2.521374 5.336999 178.600443
Car 1087 4.381084 -5.970584 2.586021 4.788955 179.579340
Car 1073 -4.049100 27.450391 2.574730 4.955986 -2.005380
Car 1089 4.555834 -24.004493 2.391943 4.521024 -179.115131
