Car 814 -0.900416 14.266272 2.765413 5.281266 -4.449243
Car 795 -1.465342 -19.737650 2.480460 4.912614 6.734294
Car 858 3.258306 5.163605 2.519526 4.961969 -179.496044
Car 844 -9.414524 12.085504 2.689840 5.268191 -118.393179
Car 857 5.611180 26.377600 2.561445 5.311653 -151.447692
Car 856 -1.210018 26.051583 2.532380 5.089389 9.800197
Car 842 -2.811314 -28.674150 2.581775 5.171088 7.007638
Car 847 -11.737152 16.929782 2.391802 4.854679 -130.586652
Car 848 -13.647764 18.576645 2.393400 4.817498 -136.178891
Car 849 -7.339889 7.185086 2.507521 4.982797 -107.768730
Car 850 -8.065923 9.710841 2.391802 4.854679 69.111864
