Car 782 -3.463587 -9.189016 2.355980 4.477198 -179.474870
Car 783 -3.444364 -4.307896 2.391253 5.053458 -0.005225
Car 774 -3.300819 6.471238 2.392073 4.989091 -0.707546
Car 784 -3.401668 -14.244243 2.545813 5.355492 179.962934
Car 773 -3.050971 26.295876 2.516578 5.146691 -1.115605
Car 780 3.782493 -1.027955 2.346829 4.737245 1.438795
Car 781 3.787113 -6.100836 2.460852 4.691826 4.532799
Car 785 3.835490 -11.507353 2.482852 5.255473 1.769678
Car 778 4.038166 4.853411 2.306850 4.496094 -177.284171
Car 777 4.498090 10.994010 2.195639 3.904469 -178.884030
Car 786 -3.346331 -21.624761 2.405356 4.787526 0.336691
Car 787 -3.331619 -26.822252 2.369738 4.728707 0.666826
