Car 355 -1.488434 -13.328375 2.561116 4.803128 1.238503
Car 356 -0.238249 8.239315 3.155101 7.001118 -0.089281
Car 360 4.487636 19.041207 2.432621 5.289113 -86.552244
Car 362 4.641596 16.615078 2.313968 4.295129 -89.400379
Car 363 4.762275 14.330570 2.338602 4.942848 -86.939618
Car 364 4.641447 11.951533 2.357258 4.920373 -86.357238
Car 366 4.622987 9.587611 2.378304 4.829287 -87.139679
Car 365 4.268429 4.764071 2.534250 4.794490 -90.000756
Car 368 -4.000888 -2.000847 2.446748 4.936346 2.658316
Car 369 4.350095 -4.277597 2.414196 4.727995 -91.191607
Car 371 4.754983 2.353815 2.443164 4.928734 -87.837423
Car 370 4.549348 -0.029352 2.362458 4.602458 91.982354
Car 372 5.173802 -2.088991 2.217292 3.911442 -90.306697
Car 373 5.009694 -6.872160 2.258351 4.273423 -91.233060
Car 374 5.407238 -9.293551 2.410547 4.762323 -87.742915
Car 375 5.258009 -11.855647 2.360978 4.278431 -84.471638
Car 376 4.893399 -14.396202 2.593828 5.167003 97.922641
Car 378 4.430941 -18.688358 2.485824 4.901630 101.161172
Car 379 14.327281 -7.548381 2.421225 4.950727 175.142300
Car 380 4.577393 -21.350921 2.463206 5.228150 96.375488
Car 367 4.885255 7.005503 2.368837 4.546709 -90.251065
Car 377 5.167678 -16.460910 2.203975 4.232805 -81.018409
