Car 496 -4.817022 5.905970 2.606818 5.273824 176.474007
Car 497 3.582964 -0.799135 2.531779 4.994978 178.405322
Car 499 -4.239896 -9.860193 2.724602 5.262676 179.100701
Car 500 -4.631665 -4.054579 2.400916 4.984866 178.000825
Car 501 3.814088 -6.771445 2.679479 5.234773 178.268281
Car 502 -3.997261 -22.312852 2.522880 4.672916 177.808719
Car 503 3.935386 -12.496387 2.682315 5.781179 177.631482
Car 504 -3.483229 -29.755301 2.401937 4.880105 177.247994
Car 495 -5.165696 13.460463 2.646460 5.137516 -0.487941
Car 506 4.255244 -21.186838 2.371072 4.593160 176.487066
Car 507 4.419238 -26.977972 2.499223 4.610272 178.956492
