Car 546 0.148251 -6.979855 2.702487 5.132290 1.400158
Car 549 -8.230772 -3.161053 2.305356 4.757945 82.817135
Car 559 -0.161927 7.577539 2.569796 5.038259 2.114129
Car 550 -10.925915 -27.377879 3.067537 7.478715 58.239143
Car 553 -5.476696 -23.396696 2.454663 4.466349 46.244544
Car 563 4.245931 28.408235 2.516686 5.483291 -175.866177
Car 564 3.641082 -17.181237 2.465546 5.178205 -175.169617
Car 551 -0.147401 -13.772108 2.369010 4.933984 10.862686
Car 560 0.184291 15.978697 2.661195 5.439123 1.185473
Car 554 -1.823387 -19.629189 2.266345 4.486932 29.007363
