Car 795 -0.127355 -7.678414 2.480460 4.912614 -1.940805
Car 814 -0.166457 6.439509 2.765413 5.281266 2.567952
Car 816 1.971350 17.500332 2.570953 5.025377 16.541052
Car 818 3.972984 9.435802 2.604609 5.005498 -173.067941
Car 819 3.411724 -11.912306 2.926410 6.498190 178.241197
Car 817 8.649099 26.275832 2.558104 5.059665 -165.388212
Car 799 -0.045120 -14.299599 2.496501 5.257452 -0.672487
Car 797 0.334995 -28.039137 3.027616 7.141880 0.150458
Car 808 0.244423 -20.263374 2.453783 5.015134 -0.758229
Car 820 4.136501 -25.560190 2.471697 5.151392 178.493779
