Car 627 -3.247244 28.997080 2.523424 4.739124 0.244445
Car 629 4.073621 21.917626 2.510860 5.147421 -179.623601
Car 630 -3.191131 17.334053 2.569306 5.480733 -0.548896
Car 631 3.845049 8.580541 2.348890 4.788791 0.675545
Car 632 -3.170634 3.838715 2.600271 5.326049 0.956836
Car 633 3.761833 3.229207 2.402361 5.049811 0.609531
Car 638 -3.215280 -1.304452 2.354651 4.274868 -0.935645
Car 639 3.788012 -7.156054 2.443784 4.906412 -175.863389
Car 640 -3.145682 -13.362682 2.368496 4.947482 -179.730050
Car 641 3.814332 -14.205167 2.225573 4.149933 1.364159
Car 642 -12.824026 -8.164407 2.367141 4.713494 88.089283
Car 626 3.854805 29.351211 2.446312 5.421468 3.101759
Car 634 -8.111680 24.556976 2.358273 5.219298 93.299264
Car 635 -8.702933 22.280578 2.237664 4.498803 91.774755
Car 643 -15.592991 -13.090141 2.295798 4.172126 92.141131
Car 644 -12.084866 -5.454394 2.450536 4.470527 90.688739
