Car 1202 0.361430 22.257878 2.699050 5.191700 -0.254334
Car 1227 -14.783298 4.920226 2.344094 4.585162 98.819226
Car 1228 -14.696740 -5.326304 2.278422 4.104561 82.008967
Car 1241 4.636883 -20.964995 2.838700 7.610657 -178.944634
Car 1236 -14.986842 7.169980 2.226757 4.173802 109.327125
Car 1238 -14.827002 -8.191735 2.411112 4.359051 78.605159
Car 1239 -14.711268 -0.021997 2.276627 4.272705 78.914959
Car 1230 -7.908350 7.410158 2.164205 3.906659 2.912340
Car 1232 -8.231872 16.963575 2.090262 4.280287 46.416085
Car 1233 -7.732397 -3.410872 2.390229 4.208710 -176.883709
Car 1234 -8.278916 -8.067285 2.311355 4.143513 -176.443970
Car 1235 -15.362418 11.673960 2.209829 4.312872 104.290763
Car 1237 -14.843013 9.323287 2.257724 4.023152 111.891046
