Car 355 -1.541022 -13.805730 2.561116 4.803128 1.446218
Car 356 -0.222030 8.313593 3.155101 7.001118 0.518040
Car 360 4.548245 16.890223 2.432621 5.289113 -86.344098
Car 362 4.689512 14.443706 2.313968 4.295129 -89.192144
Car 363 4.803367 12.147161 2.338602 4.942848 -86.731461
Car 364 4.674307 9.768527 2.357258 4.920373 -86.149103
Car 366 4.647284 7.416044 2.378304 4.829287 -86.931528
Car 367 4.897392 4.824260 2.368837 4.546709 -90.042820
Car 365 4.272926 2.598605 2.534250 4.794490 -89.792532
Car 368 -4.019501 -4.159838 2.446748 4.936346 2.866128
Car 369 4.319675 -6.440101 2.414196 4.727995 -90.983428
Car 371 4.754746 0.242490 2.443164 4.928734 -87.629284
Car 370 4.540172 -2.158124 2.362458 4.602458 92.718668
Car 372 5.152393 -4.266703 2.217292 3.911442 -90.098526
Car 374 5.360866 -11.490238 2.410547 4.762323 -87.534846
Car 375 5.205874 -14.036013 2.360978 4.278431 -84.263671
Car 376 4.833056 -16.579880 2.593828 5.167003 98.130533
Car 378 4.361839 -20.842629 2.485824 4.901630 101.372444
Car 380 4.492533 -23.507753 2.463206 5.228150 96.586651
Car 373 4.970473 -9.069794 2.258351 4.273423 -91.024885
Car 377 5.104141 -18.616933 2.203975 4.232805 -80.807192
Car 379 14.370004 -10.867154 2.421225 4.950727 175.350794
