Car 814 -0.962861 14.146333 2.765413 5.281266 0.434946
Car 795 -1.502997 -21.185866 2.480460 4.912614 7.383507
Car 849 -7.158212 3.671986 2.507521 4.982797 -106.836536
Car 850 -8.008643 6.134506 2.391802 4.854679 69.755388
Car 857 4.215768 19.380912 2.561445 5.311653 -162.292507
Car 858 3.269946 0.167194 2.519526 4.961969 -177.403634
Car 844 -9.182672 8.630437 2.689840 5.268191 -117.740285
Car 855 9.232860 26.384345 2.480793 4.646050 -134.103874
Car 856 -0.236690 25.578787 2.532380 5.089389 23.942356
Car 848 -13.484543 15.009095 2.393400 4.817498 -135.526963
Car 851 -6.897556 0.586618 2.519862 5.016331 -90.830510
