Car 693 2.550489 9.863232 2.619833 5.462271 -0.886546
Car 694 -2.399502 0.244444 2.410023 4.697440 -1.588383
Car 647 0.067303 19.842614 2.466797 4.852192 -0.359858
Car 695 2.643751 4.817469 2.251386 4.181008 1.224545
Car 696 2.349757 -5.058787 2.258822 4.455208 0.323665
Car 697 -2.545345 -10.079279 2.350194 4.941724 0.667741
Car 692 -2.230340 12.132409 2.428364 4.694511 1.203841
Car 698 2.180257 -20.947358 2.471384 4.784328 2.351551
Car 699 -2.827082 -19.337993 2.245090 4.136137 -1.363303
Car 691 2.707306 24.033153 2.426153 4.959073 1.759521
Car 700 -2.670247 -29.882976 2.385022 4.667324 -0.281460
