Car 1114 3.836654 18.292357 2.393916 5.162653 0.773300
Car 1115 -3.219565 24.223039 2.401598 4.411260 1.505428
Car 1117 -3.260936 19.413646 2.423599 4.750076 -0.605309
Car 1118 -3.369637 14.283411 2.359696 4.645434 0.893014
Car 1119 3.797011 8.388264 2.295672 4.645189 -179.333278
Car 1120 3.741985 3.218954 2.326130 4.463335 -178.100517
Car 1121 3.552448 -2.449073 2.510938 4.920578 2.973807
Car 1122 -3.907482 -4.079708 2.432441 4.967326 -0.901896
Car 1124 3.599812 -8.321090 2.434040 4.815709 177.518804
Car 1125 3.370364 -14.957745 2.420116 5.246667 -179.540919
Car 1126 -4.028411 -9.889884 2.330394 4.544666 179.566690
Car 1127 3.108096 -25.234918 2.753363 6.040592 1.538684
Car 1128 -4.213815 -28.610830 2.592485 5.526956 179.682394
