Car 639 -0.465297 23.540903 2.443784 4.906412 164.034320
Car 640 -5.132552 15.542895 2.368496 4.947482 164.550776
Car 641 1.767549 17.302864 2.225573 4.149933 -18.021289
Car 647 -0.883723 8.256163 2.466797 4.852192 -8.991299
Car 654 -19.461770 -11.598662 2.504089 5.431842 78.089547
Car 656 23.891003 -9.453309 2.582642 5.231501 -105.987138
Car 657 -12.838989 -16.564504 2.601998 4.734204 -98.245798
Car 645 -2.564295 -22.962235 2.580505 5.134879 -96.450657
Car 646 -9.966812 -23.385160 2.459569 5.079300 -94.797765
Car 648 -14.655644 -23.798062 2.366348 4.922649 -95.453542
Car 649 -19.366833 -24.368772 2.475636 4.785736 -97.376944
Car 655 -3.391787 19.376575 2.503319 4.650300 -17.008368
