Car 1065 -3.663607 23.848529 2.446431 4.834397 1.795956
Car 1066 -3.564468 16.942025 2.648395 5.451577 2.916102
Car 1070 -3.947203 5.956930 2.573942 4.946841 -0.876319
Car 1074 6.895405 19.587141 2.507904 4.863964 -176.012288
Car 1073 -4.039632 0.756920 2.574730 4.955986 0.665020
Car 1078 4.660783 -6.861741 2.398090 4.947532 -174.574291
Car 1076 -4.192528 -6.477850 2.534311 5.977802 -178.166480
Car 1077 -4.397671 -13.330963 2.598977 4.930140 0.467274
Car 1079 6.729948 -16.413154 2.367804 4.436907 -178.630241
Car 1080 6.785016 -22.153139 2.367364 4.863065 -178.108606
Car 1081 -4.484723 -20.746112 2.182583 5.024719 -1.858561
Car 1082 -4.636180 -25.142494 2.244938 4.315730 0.487342
