Car 2 -0.782541 11.615074 2.906382 5.849356 -1.191474
Car 10 13.888088 11.783940 2.589331 5.392134 179.662101
Car 3 13.415295 6.688889 2.623568 5.374746 -175.191367
Car 4 13.556575 2.081980 2.623636 5.173045 -177.866269
Car 19 2.391306 20.584993 2.955814 5.703587 -4.220726
Car 5 13.119641 -4.934613 2.934462 6.829767 -174.549437
Car 6 12.405244 -12.084193 2.826072 5.947627 3.891243
Car 11 13.262603 27.037326 2.325997 4.612012 -176.727238
Car 12 -2.669072 21.198801 3.504505 8.833812 -6.022593
Car 7 11.900283 -18.520649 2.644685 5.670566 5.304124
