Car 1202 -0.777853 12.213555 2.699050 5.191700 -5.891301
Car 1244 9.619461 15.070732 2.372885 4.647720 -6.663490
Car 1245 12.655009 16.458104 2.679237 5.095418 176.191182
Car 1254 4.033440 -15.502856 2.435376 4.871754 176.605325
Car 1252 2.462808 9.684990 2.455470 5.158656 173.349854
Car 1250 -18.496673 -3.583461 2.348852 4.416452 87.677734
Car 1256 -12.036773 0.713942 2.306063 4.531333 142.029285
Car 1257 -15.076865 0.404791 2.353120 4.555075 -39.354960
Car 1253 -3.331399 29.186587 2.686463 5.823665 -8.690275
Car 1246 16.008074 23.189659 2.494018 6.774803 84.597136
