Car 1298 4.022028 26.530646 2.740110 5.800786 1.722680
Car 1309 -2.859843 26.177236 2.438327 5.083933 1.904373
Car 1311 -3.565615 12.455238 2.435854 4.972899 1.552836
Car 1312 -3.738979 7.203293 2.500008 4.657291 -177.974901
Car 1313 -4.309403 -5.780366 2.554457 5.419360 0.528266
Car 1314 2.794263 -10.502800 2.537583 5.311616 2.989215
Car 1316 16.765594 15.348595 2.518653 5.132698 -88.950599
Car 1317 -10.165493 0.224926 2.351419 4.839364 90.671327
Car 1321 -4.826050 -21.270170 2.545098 5.032806 1.078963
Car 1319 -10.345577 2.755639 2.285324 4.509228 -87.500344
Car 1322 2.604169 -15.594231 2.520821 5.047737 4.275606
Car 1323 -4.611043 -10.829326 2.539594 4.925910 -0.737064
Car 1324 2.393200 -20.554849 2.426169 4.352884 11.185488
Car 1325 -5.120182 -26.098685 2.488490 4.498556 2.328332
Car 1327 2.105404 -25.889656 2.563966 5.603610 4.208628
