Car 1337 1.607849 23.873721 2.510250 5.097755 -8.679956
Car 1339 2.353081 18.414599 2.506606 5.042568 -5.090744
Car 1340 3.073212 13.302251 2.394937 4.896445 175.574727
Car 1342 4.159022 6.814924 2.327965 4.526008 -8.616574
Car 1343 -3.037662 6.334733 2.590929 5.118352 174.388236
Car 1341 -4.655700 18.433512 2.468575 4.420341 -9.643633
Car 1348 1.126240 -28.536981 2.525565 5.170392 -125.394238
Car 1336 -5.361352 23.436841 2.832032 5.608284 -6.620454
Car 1333 1.051860 29.321718 2.507637 4.721419 -6.906545
Car 1349 -2.174669 25.108359 2.490713 5.458827 -6.720981
