Car 424 -5.255216 16.014064 2.434950 4.834490 -88.934216
Car 425 6.493515 10.149396 2.386037 5.046938 -175.237465
Car 426 5.755268 4.501795 2.322121 4.839994 -172.593351
Car 427 5.419660 -1.077750 2.525322 5.017267 -176.643992
Car 429 -5.770692 10.964196 2.292355 4.662374 93.437167
Car 430 4.698619 -6.567799 2.655086 5.246916 -176.256236
Car 431 3.010722 -20.575903 2.626723 5.191393 -172.092063
Car 432 -3.670720 -16.477496 2.514329 5.041837 3.748210
Car 433 1.697017 -25.976070 2.626571 5.243298 16.335628
Car 428 -5.963607 13.737359 2.455680 3.809896 90.308726
