Car 786 -2.724717 16.978794 2.405356 4.787526 2.997307
Car 784 -2.492791 24.719876 2.545813 5.355492 -178.466581
Car 789 -3.470069 -0.419226 2.610833 4.914498 -2.312904
Car 787 -3.046575 12.037354 2.369738 4.728707 3.869587
Car 790 -3.949328 -11.257633 2.328377 4.995947 1.308357
Car 791 -3.832557 -7.020341 2.289378 4.595680 2.914932
Car 788 -3.364129 6.273332 2.461909 5.507203 1.200005
Car 785 4.867548 26.677959 2.482852 5.255473 0.189241
Car 782 -2.170039 29.727251 2.355980 4.477198 -177.134439
Car 792 -4.074377 -16.770061 2.397757 4.719834 0.247104
Car 793 -4.236114 -22.214753 2.494283 5.023186 179.127960
Car 794 -4.361197 -28.013490 2.511959 5.283595 -179.970935
