Car 2 -0.782384 11.614554 2.906382 5.849356 -1.190904
Car 10 13.888394 11.783489 2.589331 5.392134 179.662672
Car 3 13.415544 6.688443 2.623568 5.374746 -175.190797
Car 4 13.556704 2.081359 2.623636 5.173045 -177.865698
Car 5 13.119952 -4.935204 2.934462 6.829767 -174.548334
Car 6 12.405410 -12.084769 2.826072 5.947627 3.892345
Car 7 11.900447 -18.521021 2.644685 5.670566 5.305226
Car 8 10.980794 -27.208471 2.926247 5.943830 -179.717096
Car 16 3.488522 -18.110596 2.847877 5.625341 -0.837457
Car 11 13.263858 27.039121 2.325997 4.612012 -176.727592
Car 12 -2.667973 21.200144 3.504505 8.833812 -6.022947
