Car 620 -3.099967 16.810259 2.401424 5.014886 -178.262309
Car 621 -3.220699 11.207101 2.400025 4.838015 -179.126528
Car 622 4.038021 11.240798 2.423621 5.021136 0.996388
Car 623 -3.268480 0.376127 2.537355 5.001442 -0.120978
Car 624 4.008681 6.336544 2.393452 4.723734 3.007508
Car 625 3.946723 1.564014 2.383959 4.362121 8.652155
Car 626 3.654951 -3.616051 2.446312 5.421468 2.883083
Car 627 -3.455687 -4.385117 2.523424 4.739124 0.181897
Car 629 3.836178 -11.125411 2.510860 5.147421 -177.932065
Car 630 -3.372866 -15.893395 2.569306 5.480733 0.578861
Car 631 3.683943 -24.619751 2.348890 4.788791 0.613102
Car 632 -3.369831 -29.306413 2.600271 5.326049 -0.936645
Car 614 -2.942297 29.123792 2.465793 4.751741 -178.483965
Car 634 -8.234189 -8.636371 2.358273 5.219298 93.244345
Car 618 -8.954320 22.116739 2.293181 4.329943 90.471221
Car 628 -8.746117 5.647945 2.262303 4.210553 84.715987
Car 635 -8.928120 -10.891336 2.237664 4.498803 93.568254
Car 637 -8.648704 -21.167736 2.314748 4.622494 90.452107
