Car 2 -0.782251 11.614822 2.906382 5.849356 -1.190657
Car 10 13.888448 11.783428 2.589331 5.392134 179.662918
Car 3 13.415575 6.688385 2.623568 5.374746 -175.190550
Car 4 13.556776 2.081474 2.623636 5.173045 -177.865452
Car 5 13.119922 -4.935261 2.934462 6.829767 -174.548088
Car 6 12.405348 -12.084824 2.826072 5.947627 3.892592
Car 7 11.900365 -18.521073 2.644685 5.670566 5.305473
Car 8 10.980616 -27.208676 2.926247 5.943830 -179.716849
Car 20 -7.236322 5.697109 2.668627 5.367014 79.936214
Car 11 13.262185 27.036687 2.325997 4.612012 -176.725751
Car 12 -1.805697 20.547355 3.504505 8.833812 -15.308569
