Car 647 0.383136 17.646208 2.466797 4.852192 -0.831940
Car 702 -2.274409 13.858258 2.508209 4.812451 0.394800
Car 704 2.418192 7.721454 2.424242 4.558275 0.966745
Car 705 -2.350991 3.904915 2.418116 4.113710 -0.395740
Car 706 2.432803 -1.904667 2.430573 4.255037 0.150427
Car 707 2.523591 -22.477023 2.376588 4.668838 1.438284
Car 700 -2.088907 22.074800 2.385022 4.667324 1.188838
Car 701 2.515636 19.543582 2.409525 4.718374 -0.772643
Car 703 2.579216 14.354857 2.264520 4.618860 2.228925
Car 708 2.563951 -27.491474 2.348671 4.167685 1.932315
