Car 1283 -3.538660 18.578065 2.368898 4.804879 2.415391
Car 1284 3.319898 18.186911 2.406069 5.007592 -2.241888
Car 1290 3.609162 7.502381 2.740101 5.643675 178.218109
Car 1291 -3.571421 13.164409 2.335356 4.440528 2.087349
Car 1292 -3.353775 7.842406 2.413698 4.723988 1.067295
Car 1293 -3.583437 2.565866 2.558149 5.411021 -179.378399
Car 1294 3.654022 2.033597 2.337007 4.395079 4.119561
Car 1295 3.528262 -2.085148 2.378538 4.673774 1.247334
Car 1296 3.777877 -8.233406 2.563560 5.138226 -0.556164
Car 1297 -3.623704 -8.292467 2.413169 4.900146 -1.540741
Car 1298 3.485672 -19.039986 2.740110 5.800786 2.324047
Car 1308 -3.582989 -13.586775 2.467625 5.218305 -1.414673
Car 1309 -3.491588 -19.342476 2.438327 5.083933 0.061060
Car 1310 -11.458856 -2.718875 2.484872 4.811721 89.602110
