Car 1103 2.442609 24.405763 2.511166 5.417990 0.005933
Car 1104 -3.980549 27.722649 2.313047 4.413517 -1.725479
Car 1105 -3.745414 19.143758 2.513236 4.589340 -2.576305
Car 1106 2.946292 11.581047 2.605756 5.382891 -0.602096
Car 1107 -3.395621 12.231316 2.456679 5.385229 0.473844
Car 1108 -3.400256 6.744737 2.365549 4.623273 -0.956088
Car 1109 3.172077 -0.106793 2.522326 4.993848 -0.289515
Car 1110 -3.270738 -3.277716 2.265246 4.749625 179.428062
Car 1111 3.780833 -12.109258 2.436297 4.669967 0.056017
Car 1112 3.593146 -6.298335 2.395804 5.290825 0.541388
Car 1113 4.040223 -24.150290 2.573566 4.887115 1.339745
