Car 2 -0.782311 11.614720 2.906382 5.849356 -1.190776
Car 10 13.888441 11.783626 2.589331 5.392134 179.662800
Car 3 13.415582 6.688581 2.623568 5.374746 -175.190669
Car 4 13.556800 2.081670 2.623636 5.173045 -177.865570
Car 5 13.119979 -4.935070 2.934462 6.829767 -174.548206
Car 6 12.405422 -12.084634 2.826072 5.947627 3.892473
Car 7 11.900434 -18.520880 2.644685 5.670566 5.305354
Car 8 10.980641 -27.208661 2.926247 5.943830 -179.716968
Car 20 1.632596 26.480784 2.668627 5.367014 -8.700944
Car 11 13.263856 27.036075 2.325997 4.612012 -176.723759
Car 12 -2.668394 21.198521 3.504505 8.833812 -6.019114
