Car 647 -0.518716 17.416749 2.466797 4.852192 -1.464993
Car 702 -3.216577 26.641004 2.508209 4.812451 -0.913457
Car 704 1.645950 20.874359 2.424242 4.558275 -2.251071
Car 705 -2.856051 16.701959 2.418116 4.113710 -1.669844
Car 706 2.221219 11.202288 2.430573 4.255037 -2.272770
Car 707 3.301922 -9.252667 2.376588 4.668838 -0.928022
Car 708 3.622101 -14.312608 2.348671 4.167685 -1.030568
Car 709 3.983646 -21.887649 2.888812 6.033219 -1.657043
Car 710 -0.412929 -28.989287 2.436684 4.275148 -5.170976
Car 713 -4.928160 -20.228790 2.344769 4.273128 82.620870
Car 714 4.471513 -27.608260 2.399468 4.596982 -2.392603
Car 711 -5.637224 -15.869589 2.368533 4.686695 86.844786
Car 712 -5.458196 -18.066483 2.262103 4.372894 84.964601
