Car 2 -0.782354 11.614503 2.906382 5.849356 -1.191161
Car 10 13.888313 11.783243 2.589331 5.392134 179.662415
Car 3 13.417556 6.712793 2.623568 5.374746 -175.191053
Car 4 13.556734 2.081287 2.623636 5.173045 -177.865955
Car 5 13.119955 -4.935452 2.934462 6.829767 -174.548591
Car 6 12.405446 -12.085021 2.826072 5.947627 3.892089
Car 7 11.900505 -18.521276 2.644685 5.670566 5.304969
Car 8 10.980864 -27.208806 2.926247 5.943830 -179.717353
Car 19 3.679442 -21.006116 2.955814 5.703587 0.002736
Car 11 13.263297 27.035777 2.325997 4.612012 -176.724738
Car 12 -2.668811 21.197925 3.504505 8.833812 -6.020093
