Car 355 -0.056758 -15.274357 2.561116 4.803128 -4.596628
Car 356 5.060033 8.430854 3.155101 7.001118 100.724144
Car 358 4.681269 2.933211 2.583945 5.383743 -92.560614
Car 360 4.922708 -2.165904 2.432621 5.289113 -88.819559
Car 361 5.157625 0.325617 2.224324 4.295091 -89.639924
Car 362 5.154208 -4.594542 2.313968 4.295129 -93.859547
Car 363 5.391890 -6.895576 2.338602 4.942848 -89.255533
Car 364 5.480096 -9.261748 2.357258 4.920373 -88.724556
Car 366 5.498133 -11.817996 2.378304 4.829287 -85.115811
Car 367 5.863231 -14.251519 2.368837 4.546709 -92.954544
Car 365 5.466859 -16.502563 2.534250 4.794490 -92.190838
Car 368 -2.525363 -23.548082 2.446748 4.936346 -1.738691
Car 369 5.995063 -25.470386 2.414196 4.727995 -94.790061
Car 370 5.879533 -21.293074 2.362458 4.602458 -90.913208
