Car 355 -0.800538 -11.513206 2.561116 4.803128 -2.008943
Car 356 0.339922 7.580747 3.155101 7.001118 -1.734465
Car 368 -4.043311 17.217937 2.446748 4.936346 0.351071
Car 369 4.561018 15.002831 2.414196 4.727995 -91.063143
Car 373 5.288275 12.610103 2.258351 4.273423 -95.854248
Car 374 5.668060 10.284330 2.410547 4.762323 -93.257416
Car 375 5.610387 7.671562 2.360978 4.278431 -87.371942
Car 376 5.352185 5.223147 2.593828 5.167003 89.710581
Car 377 5.706137 3.076503 2.203975 4.232805 -92.522469
Car 378 4.999978 0.751751 2.485824 4.901630 92.299042
Car 380 5.224479 -1.511502 2.463206 5.228150 84.501288
Car 381 5.847578 -4.312061 2.337296 4.931138 89.119023
Car 382 6.216705 -10.054736 2.688688 5.276532 93.920677
Car 383 6.433258 -12.667170 2.642896 5.168802 -91.173724
Car 384 6.589719 -6.769557 2.314202 5.306313 -92.645287
Car 379 14.462883 12.471244 2.421225 4.950727 173.322574
Car 385 6.686996 -15.323449 2.434097 5.129521 -86.417256
Car 386 16.509567 -7.832900 2.737829 5.799408 170.990399
