Car 546 0.206624 -7.524385 2.702487 5.132290 1.399765
Car 549 -8.219408 -3.814164 2.305356 4.757945 82.817471
Car 558 -2.161215 -9.095836 2.723822 5.456314 -1.560249
Car 559 0.006354 11.652427 2.569796 5.038259 1.703051
Car 547 -2.468314 -15.289316 2.475778 4.667500 10.007807
Car 550 -10.798409 -27.955127 3.067537 7.478715 60.074103
Car 552 -10.934112 -23.334034 2.499677 5.239921 73.506286
Car 551 -0.134838 -14.324692 2.369010 4.933984 10.441656
Car 560 0.286288 19.955543 2.661195 5.439123 2.584373
Car 554 -1.556618 -19.661147 2.266345 4.486932 28.586522
