Car 684 -2.500126 12.295697 2.470694 5.023676 0.093052
Car 685 2.370580 16.386725 2.430860 4.945714 0.283076
Car 686 2.412555 10.387791 2.461310 5.198720 0.186155
Car 687 -2.545093 -0.104788 2.482760 4.315389 -1.126832
Car 688 2.435196 4.964973 2.416776 4.619690 0.421599
Car 647 -0.228103 21.021069 2.466797 4.852192 0.550812
Car 689 2.411320 -4.484315 2.330014 4.702572 -0.904752
Car 690 2.459037 -10.839979 2.496604 4.653381 2.107798
Car 691 2.391513 -18.305562 2.426153 4.959073 2.342365
Car 680 2.640550 24.564078 2.372472 4.422735 0.472087
