Car 639 -0.263956 23.143326 2.443784 4.906412 164.133586
Car 640 -4.979972 15.027750 2.368496 4.947482 164.650050
Car 641 1.941121 16.745618 2.225573 4.149933 -17.922024
Car 647 -1.011863 8.691154 2.466797 4.852192 -10.313798
Car 654 -5.146455 -9.006846 2.504089 5.431842 78.187985
Car 656 7.353405 -13.922484 2.582642 5.231501 -100.565293
Car 655 -3.736104 20.700702 2.503319 4.650300 -17.113976
Car 645 -2.501246 -23.465995 2.580505 5.134879 -98.061279
Car 657 -29.394557 -19.808494 2.601998 4.734204 -98.161618
Car 649 -19.466749 -24.794497 2.475636 4.785736 -96.824639
