Car 269 -2.532260 28.361351 2.515055 5.781531 2.552611
Car 271 -2.839843 21.387921 2.545904 4.684192 3.637378
Car 272 -3.076481 15.152573 2.423146 4.508968 1.312059
Car 273 -3.261455 10.085109 2.203329 4.174894 0.262544
Car 274 -3.370542 5.646019 2.283032 4.590420 0.273633
Car 275 -3.329899 0.364696 2.496588 4.792415 -176.698648
Car 276 -3.497091 -5.595358 2.479491 4.666399 -1.674008
Car 277 -3.307768 -11.659614 2.385746 4.537955 -6.037061
Car 278 -2.982797 -16.421612 2.398078 4.802337 -6.020202
Car 280 -2.512353 -22.729772 2.404476 4.859232 -3.319570
Car 281 -2.318975 -28.583923 2.382901 4.380683 -5.291860
Car 284 4.678383 -25.485347 2.580685 5.161265 -2.055455
Car 279 16.593835 5.378071 2.415610 4.565498 95.209153
