Car 386 -4.685359 20.863751 2.737829 5.799408 -2.511822
Car 391 5.197749 19.286136 2.325108 4.924018 84.643589
Car 394 5.541482 11.709857 2.356834 4.358713 -83.777715
Car 396 5.004496 7.224251 2.452165 4.857709 -85.907353
Car 397 4.729506 4.977368 2.449816 4.496148 96.642896
Car 398 4.922714 2.225835 2.461406 4.533678 90.420648
Car 399 -3.791457 0.233989 2.511274 5.177445 -2.140905
Car 406 14.204673 -5.099503 2.363505 4.401079 -176.433821
Car 400 5.175081 -0.095662 2.472722 4.479739 88.117906
Car 401 5.643166 -2.638318 2.495547 4.971532 89.990598
Car 402 4.695952 -4.901305 2.445639 4.564324 89.688469
Car 404 5.298797 -7.027970 2.400478 4.273474 -88.934238
Car 405 4.836192 -9.387001 2.652175 4.950517 93.363644
Car 407 5.252495 -11.947567 2.466998 4.641460 91.957588
Car 408 4.826262 -14.217367 2.488110 4.889539 91.524693
Car 409 4.924701 -16.666345 2.431686 4.932890 92.208477
Car 410 4.877489 -18.910509 2.357493 5.092914 93.084764
Car 412 4.613305 -23.715760 2.363329 4.833912 93.214570
Car 382 5.840930 22.658560 2.688688 5.276532 -88.649357
Car 392 5.490636 16.889153 2.186642 4.464555 -92.000506
Car 393 5.626741 14.110324 2.321202 4.535959 -94.464405
Car 395 5.233801 9.439112 2.232809 4.413702 91.227800
Car 403 12.029066 13.162717 2.363505 4.401079 -177.849612
Car 411 4.774585 -21.329105 2.316628 4.910659 93.304551
