Car 277 -3.199630 13.018455 2.385746 4.537955 -1.585198
Car 278 -3.257674 8.284617 2.398078 4.802337 -1.070384
Car 280 -3.132896 2.501261 2.404476 4.859232 0.311857
Car 281 -3.396908 -4.341092 2.382901 4.380683 -2.475962
Car 282 -3.262457 -8.918729 2.532186 5.234501 178.175892
Car 283 -3.030272 -14.981086 2.342406 4.807016 -0.620643
Car 284 3.862777 -1.318273 2.580685 5.161265 0.593599
Car 285 4.021258 -8.815160 2.640591 5.358321 179.379869
Car 286 3.944528 -16.788338 2.494853 4.871039 1.855807
Car 287 4.072915 -22.786792 2.575652 5.453852 -0.620027
Car 275 -2.634017 24.918074 2.496588 4.792415 -172.695106
Car 276 -3.060569 19.115986 2.479491 4.666399 1.120844
Car 291 4.420139 -28.977290 2.782329 5.420161 -5.112107
