Car 12 -3.392084 25.086935 3.504505 8.833812 -1.782771
Car 24 7.805305 26.821694 2.673276 5.174316 175.335122
Car 25 8.033133 20.250951 2.451961 5.552949 -1.919250
Car 26 8.742478 7.492123 2.264938 4.674540 -1.518785
Car 28 8.807053 1.151110 2.471295 5.824149 177.161630
Car 32 10.608304 -27.250246 2.808199 7.361680 -3.416958
Car 33 -9.155221 11.861043 2.198245 4.212724 -4.791661
Car 34 -9.415583 7.176598 2.387447 4.375950 -48.773655
Car 35 -9.629597 3.025881 2.261204 4.313418 146.717006
Car 36 -9.503176 -0.112368 2.404494 4.905887 -56.622167
Car 37 -8.947736 -3.763293 2.257904 4.614538 -57.656185
Car 38 -9.195504 -6.500280 2.366470 4.400379 -59.264157
Car 39 -9.135474 -9.649513 2.144205 4.206293 -56.705462
Car 40 -9.365118 -12.604964 2.347752 4.529285 -56.579306
Car 41 -9.027942 -19.232483 2.433556 4.505356 -79.019467
Car 42 -9.204800 -16.347365 2.213678 4.266074 124.352079
Car 43 -8.041320 -22.277892 2.484886 4.461620 -71.974484
Car 30 -16.226217 15.545360 2.253607 3.940785 -102.178094
Car 31 -15.350193 11.972223 2.275906 4.522585 166.063758
