Car 639 -0.800809 24.074259 2.443784 4.906412 163.300085
Car 640 -5.359168 16.020582 2.368496 4.947482 163.816484
Car 641 1.532875 17.871904 2.225573 4.149933 -18.755514
Car 647 -0.920586 8.223991 2.466797 4.852192 -9.230486
Car 654 -24.181120 -12.481894 2.504089 5.431842 77.358369
Car 656 29.337787 -6.989831 2.582642 5.231501 -106.718725
Car 657 -6.957049 -15.136248 2.601998 4.734204 -99.478583
Car 645 -2.177871 -22.422888 2.580505 5.134879 -97.181903
Car 649 -18.910462 -24.070108 2.475636 4.785736 -98.108171
Car 655 -3.462785 19.277197 2.503319 4.650300 -17.520118
Car 648 -14.290267 -23.418801 2.366348 4.922649 -96.184796
