Car 1153 -3.680774 25.883549 2.426204 4.709211 -1.771285
Car 1155 -3.520381 19.901883 2.490378 4.887186 -179.454277
Car 1156 4.018622 21.640639 2.593385 5.144399 178.356142
Car 1157 -3.501709 14.254904 2.284094 4.306632 -0.517790
Car 1158 -3.382882 9.073879 2.354059 4.722298 -0.828278
Car 1159 4.010327 3.270712 2.456841 4.781479 178.784009
Car 1161 4.076010 -1.784635 2.508027 4.868843 177.100319
Car 1162 4.009628 -6.418606 2.377658 4.524916 -179.919924
Car 1160 -3.102729 -0.961001 2.403375 5.271937 178.222038
Car 1154 3.948235 27.608372 2.476428 4.653723 -0.317646
