Car 1175 -17.804702 -8.516114 2.594937 5.801307 -48.775620
Car 1174 10.927763 21.076714 2.187572 4.369842 -49.785236
Car 1177 21.504549 -14.519686 2.545334 5.010847 126.569070
Car 1191 13.422485 -4.257037 2.601865 5.596367 -138.993368
Car 1172 13.166556 23.468738 2.867011 6.015109 -48.547461
Car 1178 18.599484 -18.664987 2.556123 4.869412 128.718267
Car 1179 24.973823 -10.145984 2.555143 5.072568 126.861395
Car 1166 -9.854536 20.779018 2.455938 4.702832 -33.614478
Car 1173 -14.356842 0.550587 2.516088 5.096764 -138.492640
Car 1167 -15.037875 26.955043 3.028129 5.707796 -40.577298
Car 1181 16.452656 -20.506048 2.502303 4.985540 131.719456
Car 1182 12.755112 -24.862795 2.555143 5.024028 -57.792502
Car 1180 23.122872 -12.428414 2.516540 4.993729 131.175005
