Car 44 -0.165692 21.251934 2.484940 4.894949 0.743641
Car 83 7.646133 23.176803 3.018592 8.538422 -179.176810
Car 87 -8.933471 16.166674 2.189406 4.291981 -0.193077
Car 89 -17.262419 24.903479 2.263235 4.240373 94.671091
Car 90 -16.316451 18.171155 2.604711 4.769257 112.185848
Car 92 -17.017197 22.442562 2.305770 4.331033 -74.505050
Car 93 -16.188500 15.920262 2.271311 4.506161 113.105597
Car 94 -15.775706 13.503222 2.338919 4.432664 104.734078
Car 97 -8.840274 5.842766 2.211601 4.072234 -178.621885
Car 100 -9.166850 0.587376 2.201631 4.629153 179.664577
