Car 2 -0.782421 11.614619 2.906382 5.849356 -1.191057
Car 10 13.888339 11.783545 2.589331 5.392134 179.662519
Car 3 13.415503 6.688498 2.623568 5.374746 -175.190950
Car 4 13.556738 2.081589 2.623636 5.173045 -177.865851
Car 5 13.119940 -4.935149 2.934462 6.829767 -174.548487
Car 6 12.405416 -12.084717 2.826072 5.947627 3.892192
Car 7 11.900471 -18.520970 2.644685 5.670566 5.305073
Car 8 10.980703 -27.208799 2.926247 5.943830 -179.717249
Car 20 2.745631 12.635971 2.668627 5.367014 -4.701904
Car 11 13.263302 27.036401 2.325997 4.612012 -176.724685
Car 12 -2.668888 21.198648 3.504505 8.833812 -6.020040
