Car 1312 -4.186784 22.637258 2.500008 4.657291 -177.727609
Car 1313 -4.083404 9.970310 2.554457 5.419360 -1.600371
Car 1314 3.152786 5.081263 2.537583 5.311616 -0.223399
Car 1321 -3.938731 -5.702462 2.545098 5.032806 -2.120731
Car 1322 3.210019 0.399726 2.520821 5.047737 1.252861
Car 1323 -4.157738 4.636072 2.539594 4.925910 -2.843108
Car 1324 3.204696 -4.398185 2.426169 4.352884 8.097842
Car 1325 -4.070606 -10.517338 2.488490 4.498556 -0.593640
Car 1326 -9.551019 -0.793753 2.363792 4.402403 83.954066
Car 1327 3.118255 -9.747242 2.563966 5.603610 1.641461
Car 1328 -1.335399 -19.579471 2.455885 5.227670 -18.169801
Car 1329 -3.835331 -22.118935 2.616369 5.582392 -0.680186
Car 1311 -4.311885 27.824064 2.435854 4.972899 -0.712715
Car 1330 3.418511 -17.290783 2.654894 5.072065 -179.866521
Car 1317 -10.313501 15.696584 2.351419 4.839364 88.101228
Car 1331 -8.894294 -14.926642 2.351648 5.514666 93.014846
Car 1332 -9.393705 -17.326235 2.290981 4.323369 91.945824
Car 1334 -9.129968 -27.583586 2.468584 4.829678 88.435525
