Car 44 -0.045000 7.100408 2.484940 4.894949 1.838846
Car 226 -0.458293 -20.174970 3.226672 6.720448 2.681760
Car 227 -11.601968 -12.124321 2.520158 4.875969 -88.190426
Car 228 -10.364383 -16.060113 2.364129 4.745641 -177.221694
Car 229 -18.062285 -15.353595 2.609746 5.527851 -177.026052
Car 231 -20.527141 -14.795360 2.705446 5.461498 -175.432358
Car 232 -25.617346 -14.620452 2.542957 5.375406 -166.917678
Car 235 -27.815903 -14.139053 2.240086 5.082344 -164.822617
Car 230 -12.889993 -16.014408 2.507865 4.752691 -177.311089
Car 233 -15.343522 -15.480550 2.188943 4.416155 179.162521
Car 234 -22.999986 -14.641976 2.293837 4.368731 8.163978
