Car 1065 -3.188190 18.626331 2.446431 4.834397 3.170139
Car 1072 7.963379 25.607202 2.605648 5.750301 -174.323323
Car 1066 -3.247872 11.763791 2.648395 5.451577 4.290195
Car 1070 -4.061345 0.724526 2.573942 4.946841 0.499160
Car 1074 6.809977 9.165312 2.507904 4.863964 -174.638735
Car 1073 -4.147073 -4.329661 2.574730 4.955986 2.041152
Car 1075 6.790947 -16.100357 2.528548 5.358964 -177.642892
Car 1078 3.687613 -18.767300 2.398090 4.947532 -174.327557
Car 1076 -4.466048 -11.666055 2.534311 5.977802 -176.789051
Car 1077 -4.815284 -18.498022 2.598977 4.930140 1.845189
Car 1079 6.226792 -21.838598 2.367804 4.436907 -177.252243
Car 1081 -5.090604 -25.961802 2.182583 5.024719 -0.480808
