Car 786 -3.198382 -5.388813 2.405356 4.787526 -0.015970
Car 784 -3.246443 2.285839 2.545813 5.355492 179.607215
Car 782 -3.380714 7.085321 2.355980 4.477198 -179.830930
Car 787 -3.205999 -10.452687 2.369738 4.728707 0.249308
Car 785 4.036771 4.710553 2.482852 5.255473 2.315701
Car 778 4.049267 21.341737 2.306850 4.496094 -177.477705
Car 781 3.915887 10.506558 2.460852 4.691826 3.593290
Car 780 3.884407 15.340749 2.346829 4.737245 0.757177
Car 783 -3.411663 12.356334 2.391253 5.053458 -0.362009
Car 788 -3.170317 -16.414923 2.461909 5.507203 -0.356213
Car 774 -3.189195 22.298956 2.392073 4.989091 2.204305
Car 777 4.419236 27.369630 2.195639 3.904469 -179.299717
Car 789 -2.924025 -22.794133 2.610833 4.914498 -0.125673
