Car 2 -0.782199 11.614781 2.906382 5.849356 -1.190505
Car 10 13.888473 11.783347 2.589331 5.392134 179.663070
Car 3 13.415589 6.688305 2.623568 5.374746 -175.190398
Car 4 13.556782 2.081395 2.623636 5.173045 -177.865300
Car 5 13.119921 -4.935338 2.934462 6.829767 -174.547936
Car 6 12.405329 -12.084899 2.826072 5.947627 3.892744
Car 7 11.900317 -18.521150 2.644685 5.670566 5.305625
Car 8 10.980546 -27.208750 2.926247 5.943830 -179.716697
Car 20 -7.959103 5.525932 2.668627 5.367014 79.936366
Car 11 13.262245 27.036608 2.325997 4.612012 -176.725599
Car 12 -1.382191 19.998317 3.504505 8.833812 -20.238225
