Car 1022 -27.470890 -8.621815 2.722351 5.215405 56.803494
Car 1062 8.406502 9.592518 2.925402 7.581790 -176.608284
Car 1063 10.975819 -4.979121 2.568007 5.099543 155.383794
Car 1068 15.008654 -12.076395 2.615995 4.954511 144.314274
Car 1060 -20.515728 -8.108936 2.553992 5.297452 -108.707849
Car 1061 6.592892 -18.973076 2.484346 5.093800 -38.910918
Car 1023 13.938138 25.667093 2.556834 4.920067 44.625257
Car 1067 21.138128 -19.693284 2.499580 4.923102 141.201656
Car 1065 13.848927 -27.522862 2.446431 4.834397 -40.889051
Car 1069 29.047286 -29.229888 2.351158 4.390927 142.253080
