Car 44 0.686680 11.687312 2.484940 4.894949 14.188971
Car 141 13.602684 9.065758 2.959883 7.845195 -117.861336
Car 138 13.936469 13.081432 2.557151 5.292411 -113.089524
Car 177 7.557238 3.695502 2.479946 5.256964 -155.101128
Car 175 3.168916 -0.303085 2.752832 5.571471 -173.375463
Car 171 5.065640 6.767824 2.498243 5.256964 -163.593243
Car 178 3.225309 -7.946897 2.374719 4.743531 176.768118
Car 179 3.715146 -13.646469 2.431678 4.168643 179.995588
Car 180 3.540009 -25.446499 2.938258 6.503689 179.995589
Car 185 5.943660 -7.790457 2.732169 5.760023 178.037263
Car 168 -9.100369 26.094785 2.361671 4.595435 167.499821
Car 169 8.340590 10.365035 2.372107 4.598027 -133.108648
Car 172 20.691982 29.747136 2.594074 6.005883 96.621652
