Car 1 3.680231 -9.168969 2.834095 5.580886 -0.371239
Car 14 8.009236 -23.882666 2.890541 6.161839 -177.942784
Car 2 -0.791556 11.575452 2.906382 5.849356 -1.538321
Car 10 13.981187 11.731599 2.589331 5.392134 -178.926801
Car 3 13.383118 6.629181 2.623568 5.374746 -175.151765
Car 4 13.411665 2.106253 2.623636 5.173045 -177.930746
Car 5 13.070671 -4.861791 2.934462 6.829767 -174.550725
Car 6 12.364894 -12.245488 2.826072 5.947627 4.374045
Car 11 13.265657 27.040403 2.325997 4.612012 -176.725793
Car 7 11.927656 -18.467065 2.644685 5.670566 4.148907
Car 12 -2.666324 21.201610 3.504505 8.833812 -6.021148
