Car 609 -3.123243 21.767482 2.370879 5.055512 2.106543
Car 610 3.625501 25.070267 2.423712 4.632498 -178.539058
Car 611 -3.166056 13.461038 2.601082 5.583330 -0.820353
Car 613 -3.225922 8.004247 2.465520 5.090675 -0.766627
Car 615 16.672657 11.751879 2.458834 4.620300 -91.600205
Car 616 17.057432 5.288984 2.436079 4.757336 -89.903378
Car 618 -9.075176 -4.465582 2.293181 4.329943 89.259733
Car 619 -9.879083 -1.987362 2.624441 5.241429 -88.138658
Car 620 -3.110376 -9.553282 2.401424 5.014886 -178.077342
Car 621 -3.169634 -14.888428 2.400025 4.838015 179.807306
Car 622 4.071776 -14.590497 2.423621 5.021136 1.180221
Car 623 -3.014435 -25.770645 2.537355 5.001442 1.714501
Car 608 -3.146217 27.874926 2.360221 5.119146 -1.259719
Car 617 22.373831 5.491786 2.399816 5.040518 -92.418345
Car 585 -0.051340 28.727385 2.513845 5.000506 -0.061550
Car 614 -3.193133 2.807478 2.465793 4.751741 -179.691984
Car 624 4.106731 -19.867350 2.393452 4.723734 1.708265
Car 625 4.073321 -24.796726 2.383959 4.362121 7.352236
