Car 355 -1.727332 -14.330155 2.561116 4.803128 1.796634
Car 356 0.032964 8.385960 3.155101 7.001118 4.480382
Car 358 4.820425 14.227077 2.583945 5.383743 -85.806176
Car 360 4.785497 9.215245 2.432621 5.289113 -86.637775
Car 362 4.790030 6.707791 2.313968 4.295129 -89.485859
Car 363 4.943681 4.539115 2.338602 4.942848 -87.025144
Car 364 4.730287 2.023492 2.357258 4.920373 -83.438078
Car 366 4.549076 -0.244604 2.378304 4.829287 -86.677889
Car 367 4.762247 -2.697154 2.368837 4.546709 -90.336555
Car 365 4.204536 -5.067548 2.534250 4.794490 -88.214865
Car 368 -4.435564 -11.492614 2.446748 4.936346 3.629975
Car 369 3.872459 -14.128396 2.414196 4.727995 -89.405657
Car 371 4.497853 -7.689342 2.443164 4.928734 -85.528885
Car 370 4.089380 -10.137824 2.362458 4.602458 104.064209
Car 361 5.070501 11.670644 2.224324 4.295091 -87.704833
Car 372 4.767947 -12.004214 2.217292 3.911442 -89.120685
