Car 355 2.124354 -17.520591 2.561116 4.803128 -14.579803
Car 356 11.936523 -2.364231 3.155101 7.001118 141.465561
Car 357 12.474957 2.434349 2.388916 4.980295 170.204762
Car 359 6.671590 15.863652 2.479925 4.945247 172.025951
Car 358 4.823662 -4.663804 2.583945 5.383743 -103.207693
Car 360 6.158641 -9.426975 2.432621 5.289113 -105.112761
Car 362 6.788822 -12.094381 2.313968 4.295129 -98.337647
Car 363 7.522677 -14.234496 2.338602 4.942848 -95.179513
Car 364 8.022641 -16.572836 2.357258 4.920373 -95.657595
Car 365 9.378486 -23.509111 2.534250 4.794490 -102.172888
Car 366 8.608130 -19.087661 2.378304 4.829287 -96.242570
