Car 678 -2.471534 17.240386 2.360369 4.447799 -0.956288
Car 679 -2.316714 11.399767 2.351573 4.767702 -0.026670
Car 680 2.473940 5.963812 2.372472 4.422735 -0.569219
Car 684 -2.503259 -6.758211 2.470694 5.023676 -0.037502
Car 685 2.376895 -2.151227 2.430860 4.945714 2.308630
Car 686 2.379948 -7.989171 2.461310 5.198720 0.055452
Car 687 -2.414679 -19.016080 2.482760 4.315389 -1.257229
Car 688 2.413290 -13.423258 2.416776 4.619690 2.182715
Car 647 -0.001722 20.489700 2.466797 4.852192 -0.062763
Car 689 2.467799 -23.145669 2.330014 4.702572 2.361633
Car 690 2.561833 -29.476719 2.496604 4.653381 1.493088
