Car 1175 -22.103543 -5.562745 2.594937 5.801307 -18.762365
Car 1174 17.593742 5.402993 2.187572 4.369842 -19.255331
Car 1190 0.609633 -19.745170 2.475409 4.989402 -109.639786
Car 1191 -23.546692 -27.812976 2.601865 5.596367 -107.267345
Car 1166 -1.095981 18.476015 2.455938 4.702832 -9.436853
Car 1173 -14.634593 0.233958 2.516088 5.096764 -108.930217
Car 1172 20.724684 6.682341 2.867011 6.015109 -18.985125
Car 1179 14.272835 -28.301320 2.555143 5.072568 156.424796
Car 1167 -2.368644 26.067028 3.028129 5.707796 -8.310796
Car 1180 11.571347 -29.544352 2.516540 4.993729 160.739301
Car 1187 18.012829 -26.957362 2.554735 4.649230 156.605678
Car 1188 22.411703 -25.515015 2.509024 4.539562 -23.878230
Car 1189 27.056397 -23.603185 2.660412 4.737233 -21.105930
