Car 684 -2.326155 20.594833 2.470694 5.023676 2.754373
Car 687 -2.455980 8.164748 2.482760 4.315389 -1.166977
Car 688 2.488721 13.352355 2.416776 4.619690 0.381313
Car 647 -0.143880 20.629100 2.466797 4.852192 0.510529
Car 689 2.429883 3.840323 2.330014 4.702572 -0.944978
Car 690 2.431036 -2.488970 2.496604 4.653381 1.537448
Car 691 2.391157 -9.918839 2.426153 4.959073 1.082513
Car 692 -2.435204 -22.045679 2.428364 4.694511 0.553913
Car 693 2.538854 -24.283406 2.619833 5.462271 -0.538504
Car 685 2.483273 24.674053 2.430860 4.945714 0.558514
Car 686 2.496379 18.751183 2.461310 5.198720 0.461612
