Car 647 -0.027582 17.138807 2.466797 4.852192 0.560065
Car 702 -2.500509 20.672010 2.508209 4.812451 0.307831
Car 704 2.200479 14.691081 2.424242 4.558275 -0.226234
Car 705 -2.446863 10.703309 2.418116 4.113710 0.354843
Car 706 2.432324 4.972504 2.430573 4.255037 -0.247636
Car 707 2.822309 -15.462384 2.376588 4.668838 1.100512
Car 708 2.930767 -20.550942 2.348671 4.167685 0.998033
Car 709 3.010700 -28.129832 2.888812 6.033219 0.371422
Car 712 -6.286360 -23.938871 2.262103 4.372894 86.976591
Car 713 -5.840542 -26.119265 2.344769 4.273128 84.631617
