Car 355 -1.055004 -11.412511 2.561116 4.803128 0.676625
Car 356 0.034239 7.530693 3.155101 7.001118 -1.608632
Car 368 -4.035713 10.525980 2.446748 4.936346 0.476887
Car 369 4.496819 8.383363 2.414196 4.727995 -90.937068
Car 370 4.599120 12.788116 2.362458 4.602458 88.244335
Car 373 5.286678 5.896951 2.258351 4.273423 -93.514708
Car 374 5.695496 3.542751 2.410547 4.762323 -91.340621
Car 375 5.642359 0.914664 2.360978 4.278431 -86.853176
Car 376 5.320083 -1.413693 2.593828 5.167003 90.765149
Car 377 5.620776 -3.482102 2.203975 4.232805 -92.396447
Car 378 4.949116 -5.820454 2.485824 4.901630 93.724063
Car 380 5.164031 -8.243866 2.463206 5.228150 89.722772
Car 381 5.794633 -10.962189 2.337296 4.931138 89.245022
Car 382 6.205055 -16.712381 2.688688 5.276532 89.626282
Car 383 6.239873 -19.468797 2.642896 5.168802 -87.906950
Car 384 6.422189 -13.554617 2.314202 5.306313 -89.950345
Car 365 4.254831 17.534947 2.534250 4.794490 -92.035578
Car 371 4.709753 15.172494 2.443164 4.928734 -89.683107
Car 379 14.359512 5.723202 2.421225 4.950727 173.648089
Car 385 6.563059 -22.039310 2.434097 5.129521 -86.090486
