Car 2 -0.093350 12.019473 2.906382 5.849356 -3.120356
Car 10 14.538282 11.397395 2.589331 5.392134 -176.408241
Car 3 13.807725 6.387735 2.623568 5.374746 -171.905827
Car 4 13.609344 1.661014 2.623636 5.173045 -174.950162
Car 5 12.736165 -5.219062 2.934462 6.829767 -170.714240
Car 6 11.534838 -12.349035 2.826072 5.947627 7.887231
Car 7 10.819727 -18.725882 2.644685 5.670566 7.656395
Car 8 9.384393 -27.219844 2.926247 5.943830 -172.634767
Car 21 2.316699 -27.658784 2.572838 4.941534 2.189860
Car 11 14.875401 26.551534 2.325997 4.612012 -173.213907
