Car 546 0.206603 -7.524043 2.702487 5.132290 1.399985
Car 549 -8.219406 -3.814257 2.305356 4.757945 82.816962
Car 558 -2.161220 -9.095554 2.723822 5.456314 -1.560155
Car 559 0.021022 12.153309 2.569796 5.038259 1.702285
Car 547 -2.468168 -15.289488 2.475778 4.667500 10.007040
Car 550 -10.798090 -27.955416 3.067537 7.478715 60.073337
Car 552 -10.933854 -23.334326 2.499677 5.239921 73.505520
Car 551 -0.134706 -14.324833 2.369010 4.933984 10.440890
Car 560 0.320885 20.728282 2.661195 5.439123 2.583607
Car 554 -1.556413 -19.661308 2.266345 4.486932 28.585756
