Car 1095 3.338036 27.965728 2.538057 4.925098 -178.171743
Car 1096 3.365887 9.154081 2.427324 4.935617 -0.518736
Car 1097 -3.207169 8.687624 2.606591 5.172145 -0.769038
Car 1098 -3.049676 2.883463 2.575014 4.888491 0.194650
Car 1099 3.074070 3.499839 2.472956 5.109475 -0.632355
Car 1101 3.026802 -6.395892 2.427575 4.951940 -0.304994
Car 1102 -3.347743 -3.984889 2.439849 4.885450 1.515842
Car 1103 2.853934 -12.411560 2.511166 5.417990 3.217996
Car 1104 -3.426278 -9.166523 2.313047 4.413517 2.128749
Car 1105 -3.551028 -17.345427 2.513236 4.589340 0.971205
Car 1106 2.815297 -25.787369 2.605756 5.382891 0.914725
Car 1107 -3.440023 -24.497521 2.456679 5.385229 2.313619
