Car 44 0.006275 10.370425 2.484940 4.894949 1.866655
Car 226 -0.803229 -24.467170 3.226672 6.720448 0.790661
Car 227 -11.645172 -7.103460 2.520158 4.875969 -88.162515
Car 228 -10.403703 -11.018452 2.364129 4.745641 -177.193961
Car 229 -18.219103 -10.295650 2.609746 5.527851 -176.321148
Car 230 -13.050936 -11.024332 2.507865 4.752691 -174.985152
Car 231 -20.786863 -9.671870 2.705446 5.461498 -175.083705
Car 232 -25.651826 -9.931621 2.542957 5.375406 -171.053770
Car 235 -27.958945 -9.159521 2.240086 5.082344 -164.368488
Car 233 -15.426077 -10.726398 2.188943 4.416155 179.616513
Car 234 -23.095081 -9.568674 2.293837 4.368731 8.618456
