Car 1322 4.510208 13.918591 2.520821 5.047737 7.344294
Car 1323 -2.525178 18.782899 2.539594 4.925910 1.434944
Car 1324 4.013526 9.024767 2.426169 4.352884 10.961279
Car 1327 3.477689 3.825786 2.563966 5.603610 6.710546
Car 1328 -3.774901 -1.640902 2.455885 5.227670 -12.444365
Car 1330 3.038449 -3.545317 2.654894 5.072065 -175.770882
Car 1332 -9.692466 -2.373609 2.290981 4.323369 96.018397
Car 1329 -4.487370 -7.829069 2.616369 5.582392 4.069729
Car 1333 1.890639 -16.911619 2.507637 4.721419 5.156025
Car 1336 -5.588784 -21.299136 2.832032 5.608284 5.324698
Car 1321 -3.156349 8.348150 2.545098 5.032806 4.231824
Car 1314 4.938816 18.685874 2.537583 5.311616 8.289941
Car 1337 1.495874 -22.030678 2.510250 5.097755 4.347643
Car 1325 -3.662446 3.759429 2.488490 4.498556 6.192544
Car 1331 -8.981837 -0.090452 2.351648 5.514666 98.253447
Car 1313 -1.857180 24.389635 2.554457 5.419360 7.455006
Car 1339 1.034558 -27.652772 2.506606 5.042568 8.151933
Car 1341 -5.901437 -26.343005 2.468575 4.420341 2.846351
Car 1326 -8.261234 14.150442 2.363792 4.402403 90.402907
Car 1334 -10.423020 -12.681870 2.468584 4.829678 94.746856
Car 1335 5.486462 -10.240295 2.433290 4.620580 90.767610
