Car 1194 -14.793883 -16.940515 2.520220 4.926571 93.559529
Car 1182 21.600803 3.295716 2.555143 5.024028 -93.932335
Car 1167 -26.695251 27.847194 3.028129 5.707796 -76.891253
Car 1192 9.891596 12.091758 2.372939 4.744095 -175.244351
Car 1181 22.163488 8.899944 2.502303 4.985540 95.338324
Car 1195 20.268438 -11.971513 2.303134 4.721831 -77.831110
Car 1177 22.683323 16.713344 2.545334 5.010847 90.985270
Car 1196 19.099773 -26.886057 2.489995 4.701507 -85.035938
Car 1197 -16.280058 -27.736601 2.200245 4.309783 -83.431828
Car 1198 20.865557 -15.043604 2.673816 4.980143 97.665627
Car 1193 -17.808056 -13.692784 2.407565 5.254451 8.313225
Car 1175 -12.722503 -1.607281 2.594937 5.801307 -84.138536
Car 1178 22.733408 11.697598 2.556123 4.869412 95.997998
Car 1179 22.678209 22.264304 2.555143 5.072568 93.775578
Car 1188 23.736071 30.893765 2.509024 4.539562 -87.448483
Car 1180 22.733301 19.304526 2.516540 4.993729 93.829753
Car 1166 -18.810584 25.855975 2.455938 4.702832 -75.815015
Car 1187 23.133721 26.204132 2.554735 4.649230 91.214902
Car 1173 -15.183510 7.526613 2.516088 5.096764 -174.948422
