Car 355 1.802140 -11.370508 2.561116 4.803128 -31.089203
Car 356 0.815500 7.047599 3.155101 7.001118 -1.955795
Car 378 5.042549 11.536832 2.485824 4.901630 88.382586
Car 380 5.240178 9.233671 2.463206 5.228150 84.278954
Car 381 5.927555 6.329001 2.337296 4.931138 88.896674
Car 382 6.371755 0.692448 2.688688 5.276532 91.052958
Car 383 6.482664 -1.802837 2.642896 5.168802 -94.992531
Car 384 6.642726 3.952491 2.314202 5.306313 -96.060449
Car 385 6.834875 -4.311160 2.434097 5.129521 -93.182730
Car 386 16.461185 3.898719 2.737829 5.799408 171.085806
Car 368 -4.130101 27.781303 2.446748 4.936346 0.059968
Car 390 19.692419 -29.273058 2.254135 4.710161 175.204015
Car 375 5.524486 18.429766 2.360978 4.278431 -89.009718
Car 377 5.504629 13.999719 2.203975 4.232805 -92.744821
