Car 355 1.342088 -8.681767 2.561116 4.803128 -5.098492
Car 356 -0.418538 8.546201 3.155101 7.001118 121.671462
Car 385 8.451656 0.364657 2.434097 5.129521 -15.215391
Car 388 -19.208013 -20.505225 2.927126 5.385648 -110.302646
Car 386 18.559223 -6.949967 2.737829 5.799408 -111.288580
Car 390 -12.600689 -17.784227 2.254135 4.710161 -110.256625
Car 382 13.320776 2.327192 2.688688 5.276532 158.481219
Car 383 10.985844 1.552954 2.642896 5.168802 -18.973687
Car 387 -20.511457 2.666468 2.436076 4.686705 -17.424070
Car 389 -22.864842 0.865857 2.355127 4.745786 -24.128302
