Car 355 -1.108960 -11.804982 2.561116 4.803128 0.530581
Car 356 -0.066098 7.666270 3.155101 7.001118 -0.458551
Car 365 4.277679 15.194956 2.534250 4.794490 -91.916454
Car 368 -4.059327 8.243490 2.446748 4.936346 0.330970
Car 369 4.487347 6.025266 2.414196 4.727995 -91.083139
Car 371 4.731202 12.797823 2.443164 4.928734 -89.563992
Car 370 4.549880 10.441418 2.362458 4.602458 88.098268
Car 373 5.315460 3.501836 2.258351 4.273423 -92.607147
Car 374 5.642509 1.139579 2.410547 4.762323 -88.994017
Car 375 5.542911 -1.349505 2.360978 4.278431 -86.887551
Car 376 5.277775 -3.782813 2.593828 5.167003 90.619089
Car 377 5.546326 -5.929677 2.203975 4.232805 -89.645152
Car 378 4.884879 -8.201436 2.485824 4.901630 95.030704
Car 380 5.020111 -10.692381 2.463206 5.228150 95.003459
Car 381 5.568271 -13.383108 2.337296 4.931138 96.997620
Car 382 5.929190 -19.124521 2.688688 5.276532 92.477053
Car 383 5.978626 -21.674020 2.642896 5.168802 -88.052980
Car 379 14.340770 3.465402 2.421225 4.950727 173.768765
Car 384 6.383752 -15.930867 2.314202 5.306313 -89.830349
