Car 436 5.758591 9.315142 2.444768 4.705286 179.182917
Car 437 5.534387 3.386283 2.613283 5.853174 -1.304387
Car 438 5.929634 -3.596711 2.552663 5.071112 179.771933
Car 439 5.908357 -8.772389 2.592761 5.120505 -178.501833
Car 440 5.926238 -14.378790 2.513466 5.046182 178.967669
Car 441 5.969811 -20.943272 2.533566 4.710038 0.525330
Car 433 5.838066 26.245381 2.626571 5.243298 -8.367611
Car 434 6.146277 20.274310 2.554152 4.933398 179.441844
Car 435 5.937303 14.647286 2.603216 5.193611 -179.556040
Car 442 5.969802 -27.365448 2.568579 4.958384 178.509889
