Car 301 -2.818210 19.036140 2.392000 4.381714 1.082019
Car 304 4.195351 21.979595 2.587284 4.909506 -2.414374
Car 305 4.427368 15.639542 2.550386 4.811516 -1.011395
Car 307 4.525695 10.754085 2.265454 4.114002 1.109031
Car 306 4.572292 5.484366 2.552733 4.930009 -1.080723
Car 308 4.461190 0.270066 2.643240 5.205126 0.118310
Car 309 4.481869 -8.591600 2.679817 6.374964 -1.061265
Car 310 -2.654688 -2.670052 2.591118 5.279086 179.402590
Car 312 4.675687 -19.432707 3.047431 5.574637 -179.813400
Car 313 -2.705702 -14.246751 2.501963 5.149210 176.923601
Car 311 -9.229959 5.410235 2.299198 4.405205 88.756342
Car 315 -2.530638 -29.631221 2.499398 4.938650 -3.289784
