Car 44 -0.242976 12.632889 2.484940 4.894949 0.553579
Car 226 0.103151 -19.482802 3.226672 6.720448 0.292259
Car 249 3.338104 21.263029 2.260976 4.597258 179.733387
Car 250 3.991352 14.265100 2.736867 5.193353 -179.624149
Car 251 4.303647 8.316517 2.633628 4.900211 179.092675
Car 252 3.476592 0.757940 2.727798 5.096907 179.345293
Car 253 3.549862 -4.147738 2.418938 4.676617 178.508674
Car 254 3.325933 -12.711662 2.547417 4.795357 179.733536
Car 255 3.444451 -19.499196 2.712471 5.850363 179.088041
Car 256 4.235569 -27.633849 3.377639 8.015256 -178.624938
