Car 355 -1.585542 -14.403551 2.561116 4.803128 1.169556
Car 356 -0.200497 8.464920 3.155101 7.001118 0.968622
Car 360 4.600513 13.562247 2.432621 5.289113 -86.620887
Car 362 4.645496 11.199286 2.313968 4.295129 -89.469044
Car 363 4.818990 8.931326 2.338602 4.942848 -87.008272
Car 364 4.722090 6.387371 2.357258 4.920373 -85.437666
Car 366 4.651491 3.991155 2.378304 4.829287 -87.208353
Car 367 4.911835 1.495981 2.368837 4.546709 -90.319758
Car 365 4.275014 -0.794870 2.534250 4.794490 -90.069456
Car 368 -4.172218 -7.341819 2.446748 4.936346 2.589371
Car 369 4.229743 -9.832962 2.414196 4.727995 -89.388813
Car 371 4.700417 -3.140407 2.443164 4.928734 -85.511975
Car 370 4.449262 -5.593272 2.362458 4.602458 95.255678
Car 372 5.019270 -7.623159 2.217292 3.911442 -90.375442
Car 358 4.493108 18.629652 2.583945 5.383743 -87.059010
Car 361 4.801308 16.130904 2.224324 4.295091 -88.957818
Car 375 5.094441 -17.436217 2.360978 4.278431 -83.944507
Car 376 4.711639 -19.961830 2.593828 5.167003 98.449823
Car 378 4.191531 -24.355796 2.485824 4.901630 101.690739
Car 374 5.261587 -14.877340 2.410547 4.762323 -87.215879
Car 377 4.946829 -22.153258 2.203975 4.232805 -80.488890
