Car 0 3.697779 0.015550 2.628676 4.974674 -2.664484
Car 1 2.572668 13.653401 2.834095 5.580886 -5.081595
Car 2 -0.883857 11.759589 2.906382 5.849356 -1.010306
Car 4 13.449908 1.879381 2.623636 5.173045 -177.693101
Car 5 13.045766 -4.895088 2.934462 6.829767 -174.959732
Car 6 12.366393 -12.245910 2.826072 5.947627 3.360173
Car 7 11.899658 -18.665112 2.644685 5.670566 4.481425
Car 8 11.053083 -27.176649 2.926247 5.943830 -179.208394
Car 10 13.959724 11.829918 2.589331 5.392134 -178.984017
Car 11 13.265737 27.040817 2.325997 4.612012 -176.726105
Car 12 -2.666264 21.201852 3.504505 8.833812 -6.021460
Car 3 13.412329 6.707354 2.623568 5.374746 -175.107477
Car 13 3.365075 26.594061 2.175463 4.211966 -21.264620
