Car 2 -0.782268 11.614822 2.906382 5.849356 -1.190828
Car 10 13.888410 11.783473 2.589331 5.392134 179.662748
Car 3 13.415554 6.688428 2.623568 5.374746 -175.190721
Car 4 13.556772 2.081518 2.623636 5.173045 -177.865623
Car 5 13.119948 -4.935218 2.934462 6.829767 -174.548259
Car 6 12.405396 -12.084783 2.826072 5.947627 3.892421
Car 7 11.900423 -18.521035 2.644685 5.670566 5.305302
Car 8 10.980701 -27.208641 2.926247 5.943830 -179.717020
Car 20 -7.603350 5.615805 2.668627 5.367014 79.936043
Car 11 13.262097 27.036730 2.325997 4.612012 -176.725922
Car 12 -1.620490 20.281854 3.504505 8.833812 -17.683486
