Car 1202 -0.766861 12.211222 2.699050 5.191700 -5.130579
Car 1244 9.883423 13.721551 2.372885 4.647720 -6.313115
Car 1245 12.945324 14.932020 2.679237 5.095418 176.907478
Car 1252 2.882572 5.654077 2.455470 5.158656 174.602961
Car 1254 3.706670 -18.724401 2.435376 4.871754 177.744816
Car 1250 -18.625359 -4.428234 2.348852 4.416452 88.932452
Car 1256 -12.072551 -0.269518 2.306063 4.531333 143.286490
Car 1257 -15.122674 -0.517306 2.353120 4.555075 -38.097443
Car 1246 16.462899 21.616580 2.494018 6.774803 85.846753
Car 1248 -13.010761 -8.104954 2.467034 4.994805 4.097101
Car 1251 -15.658145 -8.137965 2.415185 4.962959 3.607413
