Car 274 -2.815726 18.389688 2.283032 4.590420 2.633469
Car 275 -3.129648 12.806354 2.496588 4.792415 -174.239684
Car 276 -3.429799 7.004447 2.479491 4.666399 -0.423374
Car 277 -3.470965 0.757367 2.385746 4.537955 -4.813886
Car 278 -3.324030 -3.740679 2.398078 4.802337 -3.439155
Car 280 -3.073855 -10.083964 2.404476 4.859232 -1.187247
Car 281 -3.087700 -15.888691 2.382901 4.380683 -3.159379
Car 282 -2.724249 -20.888434 2.532186 5.234501 178.872602
Car 283 -2.494677 -26.866144 2.342406 4.807016 0.075903
Car 284 3.993050 -13.036551 2.580685 5.161265 0.079982
Car 272 -2.182181 27.826404 2.423146 4.508968 3.446532
Car 273 -2.550110 22.774663 2.203329 4.174894 2.398452
Car 285 4.460967 -20.726115 2.640591 5.358321 177.834385
Car 286 4.597239 -28.683386 2.494853 4.871039 0.310605
