Car 496 -4.848002 2.599467 2.606818 5.273824 175.918289
Car 497 3.608579 -3.902173 2.531779 4.994978 177.851200
Car 499 -4.119723 -13.077338 2.724602 5.262676 178.546547
Car 500 -4.580142 -7.039930 2.400916 4.984866 177.446190
Car 501 3.897233 -9.916396 2.679479 5.234773 177.714929
Car 502 -3.762815 -25.481616 2.522880 4.672916 177.254540
Car 503 4.071848 -15.627667 2.682315 5.781179 177.078082
Car 495 -5.269990 10.221734 2.646460 5.137516 -1.042811
Car 494 13.702369 16.055438 2.655830 5.313780 -92.140559
Car 506 4.474381 -24.344817 2.371072 4.593160 175.934761
