Car 676 2.546295 7.157535 2.477123 4.882916 -0.828679
Car 675 -2.245340 8.876237 2.525925 5.208517 0.809851
Car 673 -2.067724 18.190950 2.562077 4.682991 -0.475308
Car 674 2.741584 13.238928 2.577324 4.939944 -0.284634
Car 677 -2.609287 -7.147261 2.525206 5.198171 -1.433940
Car 678 -2.838385 -21.779284 2.360369 4.447799 -0.627134
Car 672 2.793287 19.399723 2.512770 4.718191 0.198408
Car 671 -1.903704 24.182596 2.584736 5.249863 0.199472
Car 647 0.287471 20.347003 2.466797 4.852192 0.967124
Car 679 -2.779997 -27.452379 2.351573 4.767702 0.128913
