Car 1293 -3.250217 25.257312 2.558149 5.411021 179.312531
Car 1294 3.994191 24.746680 2.337007 4.395079 1.083812
Car 1295 3.867405 20.387287 2.378538 4.673774 1.707771
Car 1296 4.049976 14.300376 2.563560 5.138226 -1.325100
Car 1297 -3.295244 14.503059 2.413169 4.900146 -1.254034
Car 1298 3.702475 3.726420 2.740110 5.800786 0.527696
Car 1308 -3.354915 8.991913 2.467625 5.218305 -1.302326
Car 1309 -3.290299 3.453083 2.438327 5.083933 -0.308069
Car 1311 -3.340285 -10.702416 2.435854 4.972899 -0.967176
Car 1312 -3.266661 -15.959963 2.500008 4.657291 179.828841
Car 1313 -3.445608 -28.930366 2.554457 5.419360 -2.091499
Car 1315 16.856274 -13.415483 2.517450 4.761750 -90.820101
Car 1316 16.801359 -6.924335 2.518653 5.132698 -90.148595
Car 1318 22.127644 -13.315142 2.344425 4.778889 -92.745530
Car 1317 -9.469432 -23.215564 2.351419 4.839364 88.989070
