Car 267 -3.001648 23.853225 2.541442 6.250849 -0.127091
Car 269 -3.043607 15.552218 2.515055 5.781531 1.271980
Car 271 -3.184646 8.746342 2.545904 4.684192 2.356836
Car 272 -3.294864 2.693811 2.423146 4.508968 0.031096
Car 273 -3.376734 -2.329574 2.203329 4.174894 -1.018909
Car 274 -3.410672 -7.114823 2.283032 4.590420 -1.007910
Car 275 -3.329778 -12.633404 2.496588 4.792415 -177.980647
Car 276 -3.273416 -18.119781 2.479491 4.666399 -2.956500
Car 277 -2.958298 -24.386363 2.385746 4.537955 -7.321317
Car 278 -2.546858 -28.955547 2.398078 4.802337 -7.304610
