Car 2 -0.782413 11.614731 2.906382 5.849356 -1.191164
Car 10 13.888319 11.783607 2.589331 5.392134 179.662412
Car 3 13.415492 6.688560 2.623568 5.374746 -175.191057
Car 4 13.556737 2.081650 2.623636 5.173045 -177.865959
Car 5 13.119951 -4.935091 2.934462 6.829767 -174.548595
Car 6 12.405441 -12.084659 2.826072 5.947627 3.892085
Car 7 11.900508 -18.520912 2.644685 5.670566 5.304966
Car 8 10.980800 -27.208624 2.926247 5.943830 -179.717356
Car 12 -0.113070 18.073319 3.504505 8.833812 -32.678407
Car 20 -10.273314 5.053725 2.668627 5.367014 79.936162
Car 11 13.262087 27.036518 2.325997 4.612012 -176.725803
