Car 1202 0.215080 21.910800 2.699050 5.191700 0.203887
Car 1227 -14.844448 -5.076903 2.344094 4.585162 94.430961
Car 1228 -14.771654 -15.069049 2.278422 4.104561 81.794851
Car 1231 -16.339063 6.590418 2.270838 4.241956 94.464315
Car 1238 -14.859508 -17.966490 2.411112 4.359051 78.391174
Car 1239 -14.804118 -9.774856 2.276627 4.272705 78.700572
Car 1229 -7.936633 2.882859 2.130638 4.071992 2.476360
Car 1230 -7.932350 -1.890067 2.164205 3.906659 2.698001
Car 1232 -8.145436 7.453822 2.090262 4.280287 46.205168
Car 1233 -7.734817 -13.139276 2.390229 4.208710 -177.097356
Car 1235 -15.387449 1.805480 2.209829 4.312872 104.072802
Car 1236 -14.997133 -2.753275 2.226757 4.173802 109.108433
Car 1240 -16.148085 4.171273 2.301697 4.349958 102.192967
