Car 44 -0.119084 12.485608 2.484940 4.894949 0.443039
Car 226 -0.642707 -22.464205 3.226672 6.720448 5.697109
Car 252 3.551796 13.993657 2.727798 5.096907 179.234731
Car 253 3.620018 8.803400 2.418938 4.676617 178.931477
Car 254 3.294233 0.310563 2.547417 4.795357 179.622916
Car 255 3.337937 -6.212489 2.712471 5.850363 -179.996099
Car 256 4.019531 -14.429096 3.377639 8.015256 -178.735693
Car 250 4.446414 27.534174 2.736867 5.193353 -179.126394
Car 251 4.604643 21.805865 2.633628 4.900211 179.590475
Car 259 12.544868 -16.500619 2.954353 5.506260 -89.608328
