Car 2 -0.790627 11.731312 2.906382 5.849356 -0.969463
Car 14 7.902727 3.936572 2.890541 6.161839 177.731784
Car 15 7.773250 -12.484165 2.681705 5.950330 -179.167972
Car 5 12.964985 -4.703802 2.934462 6.829767 -174.229260
Car 6 12.361767 -12.254765 2.826072 5.947627 4.433085
Car 8 10.981192 -27.339916 2.926247 5.943830 -176.646604
Car 4 13.579579 2.027338 2.623636 5.173045 -176.789763
Car 10 13.986641 11.692424 2.589331 5.392134 179.566714
Car 11 13.265885 27.040183 2.325997 4.612012 -176.725480
Car 12 -2.666129 21.201508 3.504505 8.833812 -6.020835
