Car 355 -1.377573 27.809432 2.561116 4.803128 106.542659
Car 386 -4.482515 11.255171 2.737829 5.799408 -2.512149
Car 382 6.208435 12.680412 2.688688 5.276532 -87.233771
Car 391 5.435419 9.374148 2.325108 4.924018 84.636905
Car 392 5.702212 6.826333 2.186642 4.464555 -87.171697
Car 393 5.845983 3.944146 2.321202 4.535959 -89.448668
Car 394 5.631711 1.692639 2.356834 4.358713 -83.485977
Car 395 5.271882 -0.542114 2.232809 4.413702 92.643859
Car 396 4.965138 -2.670714 2.452165 4.857709 -85.914930
Car 397 4.615268 -5.061123 2.449816 4.496148 99.183846
Car 398 4.772354 -7.670128 2.461406 4.533678 94.957024
Car 399 -4.076380 -9.271217 2.511274 5.177445 -1.068088
Car 400 4.880253 -10.069245 2.472722 4.479739 93.316381
Car 401 5.396618 -12.699671 2.495547 4.971532 93.906210
Car 402 4.356166 -14.963627 2.445639 4.564324 97.319104
Car 404 4.840480 -17.161221 2.400478 4.273474 -81.114356
Car 405 4.266928 -19.464281 2.652175 4.950517 101.156572
Car 385 5.777686 17.817112 2.434097 5.129521 86.963556
Car 383 6.061680 15.345160 2.642896 5.168802 86.284091
Car 408 4.278093 -24.209383 2.488110 4.889539 92.940790
Car 403 11.516414 -7.383201 2.363505 4.401079 -176.433226
Car 410 4.220893 -28.879445 2.357493 5.092914 94.500665
