Car 355 6.276268 -5.992802 2.561116 4.803128 -72.996641
Car 356 2.284890 5.954924 3.155101 7.001118 21.018794
Car 382 8.724530 8.142414 2.688688 5.276532 103.792816
Car 383 7.893174 5.553801 2.642896 5.168802 -74.498167
Car 384 10.073374 10.719526 2.314202 5.306313 -73.370485
Car 385 7.237519 2.839912 2.434097 5.129521 -70.314207
Car 387 -11.236555 -19.512677 2.436076 4.686705 -71.767691
Car 381 10.286664 13.275777 2.337296 4.931138 106.517010
Car 386 19.009898 6.865976 2.737829 5.799408 -169.733560
Car 380 10.838412 16.075174 2.463206 5.228150 105.652264
Car 389 -11.080859 -22.550154 2.355127 4.745786 -79.015526
Car 390 9.868993 -24.788409 2.254135 4.710161 -163.190339
Car 378 11.338528 18.497778 2.485824 4.901630 109.988306
