Car 306 4.848319 15.079542 2.552733 4.930009 -0.934311
Car 308 4.665451 9.647642 2.643240 5.205126 0.263976
Car 309 4.483001 1.087817 2.679817 6.374964 0.584649
Car 310 -2.603247 7.463695 2.591118 5.279086 179.550656
Car 312 4.314329 -9.993940 3.047431 5.574637 -179.670008
Car 313 -2.912472 -4.689337 2.501963 5.149210 -179.973878
Car 314 3.779255 -22.032645 2.480724 4.983088 2.484753
Car 315 -3.192129 -19.971344 2.499398 4.938650 -1.676841
Car 301 -2.133168 28.628981 2.392000 4.381714 2.694082
Car 305 5.026167 25.029614 2.550386 4.811516 0.600327
Car 307 4.982299 20.271461 2.265454 4.114002 2.720702
Car 317 -3.352628 -28.022084 2.319073 4.118106 -1.406839
Car 318 3.820211 -28.431463 2.457838 4.928327 -179.696428
