Car 355 6.522773 -6.315958 2.561116 4.803128 -62.570458
Car 356 2.442737 5.817671 3.155101 7.001118 30.664443
Car 382 9.647554 8.063179 2.688688 5.276532 111.180789
Car 383 8.472217 5.563979 2.642896 5.168802 -67.110184
Car 384 11.294809 10.398928 2.314202 5.306313 -65.982455
Car 385 7.468315 2.954520 2.434097 5.129521 -62.926186
Car 387 -13.727026 -16.840416 2.436076 4.686705 -64.379530
Car 381 11.836215 12.908730 2.337296 4.931138 113.905058
Car 386 19.702130 5.512760 2.737829 5.799408 -162.346254
Car 380 12.737147 15.600068 2.463206 5.228150 113.038630
Car 378 13.532821 17.930258 2.485824 4.901630 117.374431
Car 389 -13.965829 -19.897830 2.355127 4.745786 -71.627671
Car 390 6.572812 -24.776798 2.254135 4.710161 -155.802699
