Car 1324 3.117457 13.740961 2.426169 4.352884 1.491011
Car 1325 -4.053544 7.714469 2.488490 4.498556 -0.528806
Car 1327 3.053498 8.333785 2.563966 5.603610 1.857913
Car 1328 -3.852361 2.639366 2.455885 5.227670 -11.559267
Car 1330 3.278688 0.803085 2.654894 5.072065 179.754497
Car 1332 -9.495925 1.185606 2.290981 4.323369 90.527943
Car 1329 -3.940999 -4.113265 2.616369 5.582392 -0.759392
Car 1333 3.221361 -12.386794 2.507637 4.721419 0.122248
Car 1334 -9.247781 -9.299287 2.468584 4.829678 89.021278
Car 1336 -3.862580 -17.512562 2.832032 5.608284 0.438672
Car 1321 -3.939172 12.271043 2.545098 5.032806 -0.036234
Car 1337 3.258242 -17.647508 2.510250 5.097755 -0.324767
Car 1331 -9.020450 3.257857 2.351648 5.514666 86.922300
Car 1338 -9.544662 -11.361621 2.193271 4.215895 88.961180
Car 1339 3.251646 -23.170483 2.506606 5.042568 3.369133
Car 1335 6.237076 -5.441555 2.433290 4.620580 85.983387
Car 1322 3.245474 18.498829 2.520821 5.047737 2.562179
Car 1323 -4.164548 22.760997 2.539594 4.925910 -3.347387
Car 1314 3.275972 23.317177 2.537583 5.311616 3.507855
Car 1340 3.331520 -28.160727 2.394937 4.896445 -176.924771
Car 1341 -3.746989 -22.255456 2.468575 4.420341 -1.936247
