Car 2 -0.782321 11.614712 2.906382 5.849356 -1.191151
Car 10 13.888395 11.783534 2.589331 5.392134 179.662425
Car 3 13.415567 6.688486 2.623568 5.374746 -175.191044
Car 4 13.556810 2.081576 2.623636 5.173045 -177.865945
Car 5 13.120021 -4.935164 2.934462 6.829767 -174.548581
Car 6 12.405510 -12.084734 2.826072 5.947627 3.892098
Car 7 11.900578 -18.520985 2.644685 5.670566 5.304979
Car 8 10.980803 -27.208871 2.926247 5.943830 -179.717343
Car 11 13.264440 27.037854 2.325997 4.612012 -176.725683
Car 12 -2.667509 21.199534 3.504505 8.833812 -6.021037
