Car 1093 -2.499504 8.606805 2.388219 4.758449 -1.468180
Car 1094 3.604761 11.116527 2.462278 4.445491 -0.633700
Car 1095 3.408734 4.742342 2.538057 4.925098 -179.924366
Car 1096 3.525096 -13.830553 2.427324 4.935617 0.733531
Car 1097 -2.993082 -14.626632 2.606591 5.172145 -1.169631
Car 1098 -2.789363 -20.398432 2.575014 4.888491 0.397419
Car 1099 3.371301 -19.584935 2.472956 5.109475 -0.010147
Car 1101 3.382609 -29.677493 2.427575 4.951940 -0.707588
Car 1092 -2.211797 25.024268 2.510696 4.878409 1.987604
Car 1102 -2.940799 -27.293635 2.439849 4.885450 0.893205
