Car 1159 -2.315750 15.271890 2.456841 4.781479 147.635151
Car 1160 -6.238018 7.929594 2.403375 5.271937 147.758228
Car 1161 0.424456 10.808981 2.508027 4.868843 145.609097
Car 1162 2.719219 6.766713 2.377658 4.524916 148.973568
Car 1163 9.971056 -18.478351 2.518023 5.483710 150.442258
Car 1164 -11.232407 -11.574279 2.580441 5.798688 63.076104
Car 1165 -16.815011 -14.401087 2.462112 5.115213 62.664338
Car 1155 -17.398380 25.777941 2.490378 4.887186 146.674426
Car 1158 -11.624373 16.505538 2.354059 4.722298 -32.351241
Car 1157 -14.402361 21.005466 2.284094 4.306632 -31.134485
Car 1166 20.072531 -26.221325 2.455938 4.702832 151.627165
