Car 627 -3.298647 14.558993 2.523424 4.739124 0.212038
Car 629 3.999047 7.436755 2.510860 5.147421 -179.653900
Car 630 -3.218689 2.945881 2.569306 5.480733 0.233993
Car 631 3.714218 -5.857014 2.348890 4.788791 0.654626
Car 632 -3.219399 -10.742659 2.600271 5.326049 0.917391
Car 633 3.699747 -10.999985 2.402361 5.049811 0.588871
Car 623 -3.119913 19.126949 2.537355 5.001442 0.914381
Car 636 -8.817913 -4.693509 2.156849 3.929630 89.570021
Car 638 -3.262856 -15.658057 2.354651 4.274868 -0.974882
Car 639 3.684508 -21.630415 2.443784 4.906412 -175.883538
Car 640 -3.185333 -27.813617 2.368496 4.947482 -179.768830
Car 621 -3.011908 29.765022 2.400025 4.838015 -178.966710
Car 624 4.118665 24.909390 2.393452 4.723734 3.168233
Car 625 4.044337 20.190128 2.383959 4.362121 8.814219
Car 626 3.818942 14.817628 2.446312 5.421468 3.044242
Car 637 -8.542568 -2.495662 2.314748 4.622494 90.473529
Car 635 -8.825483 8.020787 2.237664 4.498803 93.584172
Car 641 3.809570 -28.710090 2.225573 4.149933 1.318939
