Car 647 0.008177 18.409347 2.466797 4.852192 -0.488084
Car 696 2.704881 22.481903 2.258822 4.455208 -1.422956
Car 697 -2.282421 17.413490 2.350194 4.941724 0.537608
Car 698 2.454045 6.452827 2.471384 4.784328 1.013590
Car 699 -2.450799 8.294330 2.245090 4.136137 1.001720
Car 700 -2.406512 -2.330450 2.385022 4.667324 -0.911088
Car 701 2.296688 -4.863882 2.409525 4.718374 1.251643
Car 702 -2.509125 -10.255909 2.508209 4.812451 0.738386
Car 703 2.337476 -10.354206 2.264520 4.618860 2.559635
Car 704 2.063633 -16.524710 2.424242 4.558275 2.450101
Car 705 -2.691840 -20.518488 2.418116 4.113710 -0.052093
Car 694 -1.967413 27.533258 2.410023 4.697440 0.645655
Car 706 2.161722 -26.386735 2.430573 4.255037 3.409484
