Car 2 -0.790629 11.731367 2.906382 5.849356 -0.969365
Car 14 7.806935 6.565936 2.890541 6.161839 177.731882
Car 15 7.729525 -10.039291 2.681705 5.950330 -179.619825
Car 5 12.964959 -4.703775 2.934462 6.829767 -174.229162
Car 6 12.361728 -12.254737 2.826072 5.947627 4.433183
Car 8 10.981131 -27.339887 2.926247 5.943830 -176.646506
Car 4 13.579570 2.027363 2.623636 5.173045 -176.789665
Car 10 13.986653 11.692447 2.589331 5.392134 179.566812
Car 11 13.265928 27.040206 2.325997 4.612012 -176.725382
Car 12 -2.666124 21.201571 3.504505 8.833812 -6.020737
Car 3 13.383238 6.628983 2.623568 5.374746 -175.151354
Car 7 11.927589 -18.467252 2.644685 5.670566 4.149318
