Car 1202 0.515169 22.401895 2.699050 5.191700 -0.253914
Car 1241 4.735581 -11.765583 2.838700 7.610657 -177.984674
Car 1227 -14.738721 9.765703 2.344094 4.585162 99.174368
Car 1228 -14.698606 -0.420666 2.278422 4.104561 82.364611
Car 1238 -14.847485 -3.289567 2.411112 4.359051 78.960799
Car 1239 -14.688689 4.795413 2.276627 4.272705 79.270184
Car 1230 -7.838775 12.216496 2.164205 3.906659 3.266272
Car 1231 -16.070991 21.157993 2.270838 4.241956 95.033190
Car 1233 -7.725502 1.459812 2.390229 4.208710 -176.531248
Car 1234 -8.301780 -3.196023 2.311355 4.143513 -176.091424
Car 1235 -15.278815 16.548795 2.209829 4.312872 104.645908
Car 1236 -14.928588 12.021280 2.226757 4.173802 109.682442
Car 1237 -14.771409 14.179454 2.257724 4.023152 112.246510
