Car 1061 -3.406898 4.004927 2.484346 5.093800 3.079054
Car 1067 8.101344 8.521765 2.499580 4.923102 -173.291228
Car 1065 -3.380102 -7.644100 2.446431 4.834397 -0.899337
Car 1069 7.615082 -2.442936 2.351158 4.390927 -179.447529
Car 1060 -17.201255 29.940324 2.553992 5.297452 -67.075710
Car 1072 7.349345 -16.211456 2.605648 5.750301 179.552150
Car 1066 -2.987983 -14.581664 2.648395 5.451577 -0.427137
Car 1070 -2.971100 -25.771883 2.573942 4.946841 -1.514792
Car 1063 17.838247 26.334403 2.568007 5.099543 -127.506481
Car 1023 12.284582 29.803397 2.556834 4.920067 68.245867
Car 1068 11.840048 18.462719 2.615995 4.954511 -154.309062
