Car 546 0.206591 -7.524136 2.702487 5.132290 1.400313
Car 549 -8.219399 -3.814299 2.305356 4.757945 82.817290
Car 558 -2.161239 -9.095632 2.723822 5.456314 -1.559827
Car 559 -0.023764 11.250429 2.569796 5.038259 1.702613
Car 561 3.366745 -6.028508 2.650225 4.999799 -179.971986
Car 547 -2.468546 -15.288680 2.475778 4.667500 10.008164
Car 550 -10.798720 -27.954424 3.067537 7.478715 60.074460
Car 552 -10.934394 -23.333324 2.499677 5.239921 73.506642
Car 551 -0.135064 -14.324071 2.369010 4.933984 10.442013
Car 560 0.228900 18.685193 2.661195 5.439123 2.584730
Car 554 -1.556877 -19.660512 2.266345 4.486932 28.586879
