Car 1149 4.150925 20.064308 2.712667 5.378160 -0.429522
Car 1151 -3.419118 16.194123 2.916103 6.551229 -177.150726
Car 1152 -3.483217 6.656416 2.534129 5.435360 -0.130601
Car 1153 -3.609133 0.021708 2.426204 4.709211 -1.212836
Car 1154 4.084725 1.378548 2.476428 4.653723 0.173191
Car 1155 -3.465842 -6.253842 2.490378 4.887186 -177.795645
Car 1156 3.993828 -4.427788 2.593385 5.144399 -179.959038
Car 1157 -3.560874 -11.793984 2.284094 4.306632 0.523559
Car 1158 -3.578305 -17.037132 2.354059 4.722298 0.223614
Car 1159 3.825472 -22.728591 2.456841 4.781479 178.823777
Car 1160 -3.448931 -26.913833 2.403375 5.271937 178.279557
Car 1150 -3.390698 22.007002 2.357410 4.554628 -1.925976
Car 1161 3.852695 -28.055604 2.508027 4.868843 178.781413
