Car 355 -0.854641 -11.319723 2.561116 4.803128 -1.967388
Car 356 0.290002 7.472713 3.155101 7.001118 -1.692829
Car 368 -4.039013 15.532167 2.446748 4.936346 0.392689
Car 369 4.543767 13.370017 2.414196 4.727995 -91.021493
Car 373 5.281138 10.996756 2.258351 4.273423 -95.812620
Car 374 5.664178 8.645397 2.410547 4.762323 -93.215777
Car 375 5.609219 6.010491 2.360978 4.278431 -87.330283
Car 376 5.347585 3.572555 2.593828 5.167003 89.752226
Car 377 5.698541 1.418485 2.203975 4.232805 -92.480834
Car 378 4.996223 -0.839175 2.485824 4.901630 92.340698
Car 380 5.206102 -3.108525 2.463206 5.228150 84.542912
Car 381 5.834583 -5.892036 2.337296 4.931138 89.160667
Car 382 6.202690 -11.727181 2.688688 5.276532 93.962348
Car 383 6.415496 -14.341173 2.642896 5.168802 -91.132075
Car 384 6.575690 -8.442526 2.314202 5.306313 -92.603648
Car 379 14.465161 10.772411 2.421225 4.950727 173.364225
Car 385 6.669813 -17.016927 2.434097 5.129521 -86.375647
Car 386 16.496764 -9.532952 2.737829 5.799408 171.032067
