Car 786 -2.971154 10.277777 2.405356 4.787526 1.752877
Car 784 -2.903703 17.965542 2.545813 5.355492 -179.872295
Car 789 -3.404004 -7.253423 2.610833 4.914498 -3.557889
Car 787 -3.206568 5.312204 2.369738 4.728707 2.625230
Car 790 -3.702464 -18.051637 2.328377 4.995947 0.063688
Car 791 -3.612907 -13.813501 2.289378 4.595680 -1.055490
Car 788 -3.437474 -0.550031 2.461909 5.507203 0.338404
Car 785 4.368291 20.088700 2.482852 5.255473 -1.055580
Car 782 -2.751412 22.897470 2.355980 4.477198 -178.378196
Car 781 4.667230 25.917064 2.460852 4.691826 5.045628
Car 783 -2.554264 28.094566 2.391253 5.053458 1.091714
Car 792 -3.650357 -23.624264 2.397757 4.719834 -0.995934
Car 793 -3.675646 -29.086688 2.494283 5.023186 177.885021
