Car 355 3.676467 -8.915640 2.561116 4.803128 -17.223251
Car 356 0.142141 6.294796 3.155101 7.001118 90.262762
Car 382 12.790755 4.581226 2.688688 5.276532 144.439349
Car 383 10.654752 3.262091 2.642896 5.168802 -33.017465
Car 385 8.239325 1.661207 2.434097 5.129521 -30.117578
Car 387 -20.193941 -3.347670 2.436076 4.686705 -31.464648
Car 388 -13.367852 -25.416717 2.927126 5.385648 -124.334807
Car 386 19.838541 -3.064129 2.737829 5.799408 -127.391192
Car 389 -22.041109 -5.665400 2.355127 4.745786 -38.164264
Car 390 -7.606434 -21.190978 2.254135 4.710161 -124.288905
Car 384 15.702601 5.817609 2.314202 5.306313 -32.520523
Car 381 17.526546 7.605195 2.337296 4.931138 147.366986
Car 380 19.633113 9.419422 2.463206 5.228150 146.501516
Car 378 21.702507 10.857763 2.485824 4.901630 150.837442
