Car 1093 -2.399062 26.639323 2.388219 4.758449 -0.879286
Car 1095 3.442038 22.762755 2.538057 4.925098 -177.888824
Car 1096 3.371810 3.922404 2.427324 4.935617 -0.235374
Car 1097 -3.208196 3.786070 2.606591 5.172145 -0.485697
Car 1098 -3.075842 -2.388322 2.575014 4.888491 0.477529
Car 1099 3.051479 -1.617934 2.472956 5.109475 -0.348807
Car 1101 2.957853 -11.679117 2.427575 4.951940 -0.021303
Car 1102 -3.401059 -9.069422 2.439849 4.885450 1.778579
Car 1103 2.764899 -17.638050 2.511166 5.417990 3.500773
Car 1104 -3.545196 -14.411964 2.313047 4.413517 2.274237
Car 1105 -3.704976 -22.544568 2.513236 4.589340 1.629503
Car 1094 3.716198 29.117416 2.462278 4.445491 0.256714
