Car 2 -0.605465 11.666241 2.906382 5.849356 -1.043529
Car 15 6.973608 15.654531 2.681705 5.950330 177.566147
Car 3 13.477328 6.748686 2.623568 5.374746 -174.438498
Car 4 13.523780 2.012675 2.623636 5.173045 -178.239157
Car 5 13.025442 -4.817609 2.934462 6.829767 -174.087991
Car 6 12.433222 -12.162029 2.826072 5.947627 4.108462
Car 7 11.927486 -18.467119 2.644685 5.670566 4.149508
Car 8 11.114906 -27.172969 2.926247 5.943830 -179.834921
Car 10 13.986654 11.692575 2.589331 5.392134 179.567002
Car 12 -2.666103 21.201797 3.504505 8.833812 -6.020548
