Car 585 -0.251188 12.704925 2.513845 5.000506 -1.288559
Car 586 -3.625934 3.567979 2.415834 4.963284 0.165457
Car 587 3.547885 -7.995051 2.786875 5.500053 179.458457
Car 559 -9.005866 22.462394 2.569796 5.038259 -82.384693
Car 588 3.288730 2.819929 2.508349 5.019377 -1.224861
Car 603 12.408852 -7.093866 2.410555 4.591592 167.268939
Car 595 15.512880 -7.213459 2.211036 4.124539 -18.686836
Car 591 -3.664067 -2.283712 2.424698 4.229058 0.886426
Car 592 -3.467491 -7.416598 2.339386 4.684691 0.321535
Car 593 -3.700719 -12.744802 2.477353 5.392885 -179.843558
Car 594 3.556297 -13.150377 2.338608 4.213961 4.022942
Car 605 3.393191 -17.546959 2.263204 4.670924 1.898740
Car 606 3.576341 -23.661693 2.512605 5.125231 1.591222
Car 607 -3.716617 -23.396576 2.416424 4.721798 -1.616148
Car 608 -3.581810 -28.775726 2.360221 5.119146 -1.902159
Car 600 18.031368 -6.919939 2.055848 3.701138 162.176716
Car 601 20.747700 -6.744446 1.988937 3.736222 140.053348
Car 602 23.287251 -6.605461 2.129558 3.727960 157.251453
Car 589 -16.997245 28.745403 2.389026 4.842376 75.769703
