Car 44 -0.117335 14.484869 2.484940 4.894949 -0.423732
Car 141 22.097932 26.915637 2.959883 7.845195 -80.596259
Car 175 3.139752 17.602737 2.752832 5.571471 -171.170798
Car 178 3.026299 9.977947 2.374719 4.743531 178.360666
Car 179 3.245105 4.313705 2.431678 4.168643 -179.418160
Car 181 2.895768 -12.103406 2.797485 5.701709 -176.731666
Car 185 6.392702 19.230770 2.732169 5.760023 -165.692155
Car 180 3.076467 -5.126079 2.938258 6.503689 -178.889184
Car 177 12.905678 25.914386 2.479946 5.256964 -117.923002
Car 182 11.297457 6.941958 2.461258 4.541911 -96.050482
Car 186 2.195604 -19.882315 2.620011 4.833693 -177.326518
