Car 641 -11.619031 20.477512 2.225573 4.149933 -57.443604
Car 647 -3.425317 7.328167 2.466797 4.852192 -42.264197
Car 657 20.019963 10.942431 2.601998 4.734204 -144.938875
Car 645 10.735060 -13.286614 2.580505 5.134879 -136.503975
Car 646 5.283846 -18.370884 2.459569 5.079300 -135.355435
Car 648 1.729637 -21.797293 2.366348 4.922649 -134.995052
Car 649 -1.356356 -25.005964 2.475636 4.785736 -135.271749
Car 640 -15.841129 14.596826 2.368496 4.947482 124.203566
Car 655 -13.599224 16.606643 2.503319 4.650300 -55.239460
Car 639 -17.057703 24.182388 2.443784 4.906412 125.238349
