Car 1114 3.788989 20.061516 2.393916 5.162653 0.622973
Car 1115 -3.283030 25.989300 2.401598 4.411260 1.355548
Car 1117 -3.310475 21.170385 2.423599 4.750076 -0.755925
Car 1118 -3.480090 16.086636 2.359696 4.645434 1.068000
Car 1119 3.772605 10.094759 2.295672 4.645189 -179.159261
Car 1120 3.766182 4.997018 2.326130 4.463335 -178.314838
Car 1121 3.566309 -0.564399 2.510938 4.920578 2.171228
Car 1122 -3.893026 -2.349510 2.432441 4.967326 0.461359
Car 1124 3.623923 -6.527953 2.434040 4.815709 177.681138
Car 1125 3.445973 -13.210166 2.420116 5.246667 -179.442691
Car 1126 -3.997125 -8.130921 2.330394 4.544666 179.631927
Car 1127 3.175970 -23.483728 2.753363 6.040592 1.387258
Car 1128 -4.137324 -26.888205 2.592485 5.526956 179.531718
Car 1129 3.436011 -28.941591 2.460654 4.801230 178.419620
