Car 1075 7.588019 14.793875 2.528548 5.358964 178.527422
Car 1076 -3.948785 18.628873 2.534311 5.977802 178.832447
Car 1077 -3.875640 11.718424 2.598977 4.930140 -2.722659
Car 1079 7.441494 8.903297 2.367804 4.436907 178.129607
Car 1080 7.716051 3.127972 2.367364 4.863065 179.650776
Car 1084 4.540639 21.384405 2.387726 4.624292 -178.567685
Car 1081 -3.603656 4.296198 2.182583 5.024719 -3.448770
Car 1082 -3.562429 -0.242190 2.244938 4.315730 -1.753199
Car 1083 -3.520752 -5.347998 2.263315 4.042265 179.627701
Car 1085 -3.604758 -11.570803 2.384425 4.532631 -0.349089
Car 1086 7.850835 -12.445578 2.521374 5.336999 178.671794
Car 1087 4.393552 -9.282512 2.586021 4.788955 179.650733
Car 1073 -4.025307 25.745150 2.574730 4.955986 -1.934385
Car 1089 4.471018 -27.015917 2.391943 4.521024 -178.559995
