Car 1312 -4.336101 23.288378 2.500008 4.657291 179.512996
Car 1313 -4.192969 10.593954 2.554457 5.419360 -1.257977
Car 1314 3.131754 5.749525 2.537583 5.311616 -0.844940
Car 1321 -3.922145 -5.089294 2.545098 5.032806 -1.665137
Car 1322 3.204677 1.001390 2.520821 5.047737 1.340362
Car 1323 -4.216494 5.143293 2.539594 4.925910 -3.104054
Car 1324 3.220137 -3.748233 2.426169 4.352884 7.946222
Car 1325 -4.017216 -9.899357 2.488490 4.498556 -1.262243
Car 1326 -9.546161 -0.289073 2.363792 4.402403 84.724144
Car 1327 3.147226 -9.122457 2.563966 5.603610 1.489864
Car 1328 -1.288869 -18.698562 2.455885 5.227670 -21.451360
Car 1329 -3.600160 -21.504030 2.616369 5.582392 -0.627573
Car 1311 -4.381808 28.462910 2.435854 4.972899 -0.863730
Car 1330 3.467128 -16.657012 2.654894 5.072065 179.981785
Car 1317 -10.349382 16.262257 2.351419 4.839364 87.948635
Car 1331 -8.860836 -14.496069 2.351648 5.514666 92.862198
Car 1334 -9.053826 -26.976388 2.468584 4.829678 88.282919
