Car 678 -2.351159 22.314202 2.360369 4.447799 -0.630006
Car 679 -2.230154 16.468840 2.351573 4.767702 0.299671
Car 680 2.529566 11.010430 2.372472 4.422735 -0.242761
Car 684 -2.518257 -1.681171 2.470694 5.023676 0.288183
Car 685 2.407267 3.067394 2.430860 4.945714 2.635492
Car 686 2.354832 -2.958121 2.461310 5.198720 0.382147
Car 687 -2.501564 -13.939808 2.482760 4.315389 -0.931283
Car 688 2.356323 -8.379635 2.416776 4.619690 2.509577
Car 647 -0.030866 20.486140 2.466797 4.852192 0.268810
Car 689 2.354322 -18.160527 2.330014 4.702572 2.694245
Car 690 2.412842 -24.501706 2.496604 4.653381 1.825688
