Car 355 1.812166 -16.787369 2.561116 4.803128 -13.250808
Car 356 10.856056 0.047596 3.155101 7.001118 140.097555
Car 358 4.771993 -3.132740 2.583945 5.383743 -103.196487
Car 360 5.809873 -8.107363 2.432621 5.289113 -95.932940
Car 362 6.436758 -10.630552 2.313968 4.295129 -96.607853
Car 363 7.089809 -12.794147 2.338602 4.942848 -93.413354
Car 364 7.518159 -15.152716 2.357258 4.920373 -93.890993
Car 365 8.662566 -22.124093 2.534250 4.794490 -100.406520
Car 357 12.552152 3.699893 2.388916 4.980295 171.981933
Car 359 6.945811 20.272934 2.479925 4.945247 174.949373
Car 366 8.012404 -17.590460 2.378304 4.829287 -94.476140
Car 361 5.630929 -5.479181 2.224324 4.295091 -101.031738
