Car 309 4.473590 16.910508 2.679817 6.374964 0.058315
Car 310 -2.507101 23.026586 2.591118 5.279086 179.022948
Car 312 4.444454 5.643640 3.047431 5.574637 179.804986
Car 313 -2.788299 11.011110 2.501963 5.149210 179.371538
Car 314 3.912643 -6.274300 2.480724 4.983088 1.013806
Car 315 -3.075210 -4.039608 2.499398 4.938650 -2.206158
Car 316 -3.139067 -17.425150 2.278624 4.444495 -2.786349
Car 317 -3.229117 -12.146079 2.319073 4.118106 -1.490421
Car 318 3.939071 -12.621859 2.457838 4.928327 -179.780421
Car 319 4.166238 -18.228390 2.395558 4.918542 1.027170
Car 320 4.295169 -23.337387 2.479253 5.365078 0.800117
Car 323 -9.197228 -28.800537 2.169006 4.704703 -91.311416
Car 308 4.731935 25.352733 2.643240 5.205126 0.174482
