Car 1149 4.063804 15.227009 2.712667 5.378160 -0.434243
Car 1150 -3.497577 17.094111 2.357410 4.554628 -2.166403
Car 1151 -3.409237 11.155534 2.916103 6.551229 -179.389984
Car 1152 -3.502140 1.729423 2.534129 5.435360 -0.797882
Car 1153 -3.611983 -5.034500 2.426204 4.709211 -2.431016
Car 1154 3.989627 -3.319511 2.476428 4.653723 0.168018
Car 1155 -3.462034 -10.993445 2.490378 4.887186 -177.925077
Car 1156 4.027864 -9.235105 2.593385 5.144399 178.875003
Car 1157 -3.518184 -16.589979 2.284094 4.306632 0.281824
Car 1158 -3.514455 -21.913210 2.354059 4.722298 -0.018119
Car 1159 3.910495 -27.565615 2.456841 4.781479 178.581004
