Car 1022 -10.641794 -17.806469 2.722351 5.215405 65.389720
Car 1023 0.140293 20.460553 2.556834 4.920067 -0.501616
Car 1026 3.838675 26.426669 2.590515 4.906753 -176.112279
Car 1034 3.919681 -10.445393 2.473623 5.189439 -175.090823
Car 1027 9.825007 10.405217 2.406507 4.808497 86.179324
Car 1028 10.671170 7.676781 2.384996 5.593885 70.126070
Car 1029 11.266042 5.192137 2.420384 5.004937 -110.095083
Car 1030 13.874468 0.721517 2.561550 5.590213 51.907359
Car 1031 9.911437 12.916646 2.532583 4.764702 -92.062791
Car 1032 17.070421 -3.198619 2.510591 4.938537 43.206140
Car 1036 -8.273041 -21.867317 2.413364 5.099963 -99.102695
Car 1035 8.244225 -19.888593 2.246573 4.392640 -107.050336
Car 1033 15.176697 -1.571939 2.331983 4.632260 46.469279
Car 1037 -21.768690 -24.867586 2.807083 5.621207 -100.705116
