Car 1151 -3.477515 28.576169 2.916103 6.551229 -177.295460
Car 1152 -3.450274 18.995620 2.534129 5.435360 -0.005416
Car 1153 -3.519411 12.130438 2.426204 4.709211 -1.590790
Car 1154 4.183888 13.799994 2.476428 4.653723 0.298046
Car 1155 -3.408797 6.262726 2.490378 4.887186 -179.273973
Car 1156 4.102028 7.893702 2.593385 5.144399 177.716051
Car 1157 -3.500977 0.717597 2.284094 4.306632 0.648364
Car 1158 -3.443985 -4.813082 2.354059 4.722298 0.347977
Car 1159 3.868018 -10.240477 2.456841 4.781479 179.479852
Car 1160 -3.264786 -14.598634 2.403375 5.271937 178.403764
Car 1161 3.946238 -15.484695 2.508027 4.868843 178.734853
Car 1162 3.814046 -20.226623 2.377658 4.524916 -178.907579
