Car 687 -2.210579 21.672836 2.482760 4.315389 -0.973910
Car 689 2.634143 17.559321 2.330014 4.702572 -0.751930
Car 690 2.599621 10.919899 2.496604 4.653381 1.681896
Car 691 2.479019 3.263218 2.426153 4.959073 1.275513
Car 692 -2.494672 -8.525057 2.428364 4.694511 0.747791
Car 693 2.341963 -10.752788 2.619833 5.462271 0.785604
Car 694 -2.574264 -20.464126 2.410023 4.697440 0.890207
Car 688 2.761709 26.996531 2.416776 4.619690 1.035801
Car 647 0.113454 19.376210 2.466797 4.852192 -0.045004
Car 695 2.415586 -16.109937 2.251386 4.181008 1.129308
Car 696 2.235883 -25.821871 2.258822 4.455208 0.229444
