Car 2 -0.782228 11.614978 2.906382 5.849356 -1.190473
Car 10 13.888531 11.783810 2.589331 5.392134 179.663102
Car 3 13.415645 6.688768 2.623568 5.374746 -175.190366
Car 4 13.556773 2.081682 2.623636 5.173045 -177.865268
Car 5 13.119976 -4.934879 2.934462 6.829767 -174.547904
Car 6 12.405382 -12.084440 2.826072 5.947627 3.892776
Car 7 11.900361 -18.520686 2.644685 5.670566 5.305656
Car 8 10.980644 -27.208128 2.926247 5.943830 -179.716666
Car 16 3.463545 -14.936351 2.847877 5.625341 -1.018188
Car 11 13.264106 27.039446 2.325997 4.612012 -176.727162
Car 12 -2.667735 21.200578 3.504505 8.833812 -6.022517
