Car 1061 -3.392275 5.481357 2.484346 5.093800 3.159635
Car 1067 8.267247 11.099388 2.499580 4.923102 -171.767021
Car 1065 -3.371209 -5.988241 2.446431 4.834397 -0.818441
Car 1069 7.628029 0.274214 2.351158 4.390927 -179.366940
Car 1072 7.295306 -13.355713 2.605648 5.750301 179.632658
Car 1066 -2.986282 -12.895316 2.648395 5.451577 -0.346242
Car 1070 -2.978645 -24.092175 2.573942 4.946841 -1.433879
Car 1063 18.729925 28.744069 2.568007 5.099543 -123.096612
Car 1073 -2.868994 -28.889246 2.574730 4.955986 -0.498562
Car 1068 12.390501 21.013405 2.615995 4.954511 -152.298899
