Car 499 -3.910963 18.813814 2.724602 5.262676 -179.595962
Car 501 4.282376 22.002251 2.679479 5.234773 178.350249
Car 502 -3.973904 6.611031 2.522880 4.672916 179.750922
Car 503 4.145638 16.199146 2.682315 5.781179 -179.098590
Car 505 -3.761258 -6.252417 2.491587 4.797379 179.979020
Car 506 4.263652 7.413723 2.371072 4.593160 177.096750
Car 507 4.226733 1.499017 2.499223 4.610272 179.567113
Car 508 4.286446 -4.918012 2.577066 5.265261 179.567196
Car 509 4.403627 -10.764813 2.476679 5.041989 176.731721
Car 510 4.344654 -15.689181 2.607817 4.728413 179.565259
Car 511 4.483730 -22.352565 2.299426 5.023632 177.250684
Car 512 -3.697816 -11.933494 2.528754 5.336449 179.012003
Car 497 4.226066 27.863415 2.531779 4.994978 179.676265
Car 500 -4.159971 25.290586 2.400916 4.984866 179.274556
Car 513 4.737841 -28.768778 2.640715 5.379752 178.948426
Car 504 -3.775167 -0.613946 2.401937 4.880105 -178.366859
