Car 1022 -16.078365 -16.778792 2.722351 5.215405 62.333082
Car 1023 -3.526243 18.434480 2.556834 4.920067 -17.713689
Car 1034 1.435616 11.982133 2.473623 5.189439 161.436452
Car 1027 5.526368 21.317589 2.406507 4.808497 68.208110
Car 1028 7.323266 18.987452 2.384996 5.593885 55.262361
Car 1029 8.237900 16.591467 2.420384 5.004937 -124.948639
Car 1030 12.017191 13.088753 2.561550 5.590213 38.085110
Car 1031 4.771568 23.736224 2.532583 4.764702 -108.943416
Car 1032 16.089959 10.116359 2.510591 4.938537 26.621055
Car 1035 26.137894 -1.965304 2.246573 4.392640 -111.588599
Car 1036 3.580538 -10.256354 2.413364 5.099963 -128.389070
Car 1037 -6.508375 -16.046456 2.807083 5.621207 -115.241925
Car 1033 14.030158 11.339014 2.331983 4.632260 31.921185
