Car 2 -0.605217 11.666152 2.906382 5.849356 -1.042617
Car 14 7.156936 27.120754 2.890541 6.161839 177.868430
Car 15 7.097682 10.761862 2.681705 5.950330 177.567060
Car 3 13.477486 6.748380 2.623568 5.374746 -174.437585
Car 4 13.523864 2.012367 2.623636 5.173045 -178.238245
Car 5 13.025423 -4.817910 2.934462 6.829767 -174.087079
Car 6 12.433087 -12.162321 2.826072 5.947627 4.109374
Car 7 11.927245 -18.467400 2.644685 5.670566 4.150420
Car 8 11.114527 -27.173237 2.926247 5.943830 -179.834009
Car 10 13.986890 11.692261 2.589331 5.392134 179.567915
Car 11 13.266460 27.040032 2.325997 4.612012 -176.724280
Car 12 -2.665694 21.201736 3.504505 8.833812 -6.019635
