Car 1022 -12.388288 -25.371211 2.722351 5.215405 29.453160
Car 1023 -7.029735 14.439407 2.556834 4.920067 -44.254687
Car 1027 -7.815294 28.629093 2.406507 4.808497 37.368286
Car 1028 -5.117249 27.663876 2.384996 5.593885 24.424149
Car 1029 -3.119976 26.058351 2.420384 5.004937 -155.786378
Car 1030 1.893157 24.843409 2.561550 5.590213 7.251779
Car 1032 6.889557 24.405998 2.510591 4.938537 -4.209226
Car 1036 4.379389 9.213987 2.413364 5.099963 147.296794
Car 1024 -17.261299 24.103407 3.018347 8.466286 -45.749232
Car 1037 5.255562 -2.919312 2.807083 5.621207 -151.206826
Car 1033 4.549780 24.542305 2.331983 4.632260 1.096031
Car 1034 -18.375002 29.444121 2.473623 5.189439 133.381774
