Car 12 -3.229157 0.412714 3.504505 8.833812 -0.140595
Car 23 7.742125 16.828498 2.648598 5.029399 178.301454
Car 24 7.879742 1.640815 2.673276 5.174316 179.816995
Car 25 7.854511 -4.955657 2.451961 5.552949 0.373577
Car 26 8.103284 -17.675054 2.264938 4.674540 1.228328
Car 28 7.952363 -24.038394 2.471295 5.824149 178.534252
Car 22 7.684715 22.847003 2.496365 5.348336 -1.128110
Car 9 7.850676 28.730591 2.930678 5.634175 -4.247985
Car 33 -9.576382 -13.055907 2.198245 4.212724 -2.454253
Car 34 -10.317089 -17.542132 2.387447 4.375950 -46.434795
Car 35 -10.464679 -21.692046 2.261204 4.313418 146.313862
Car 29 -17.232574 -6.439002 2.306360 4.128307 81.048254
Car 30 -16.531890 -8.903505 2.253607 3.940785 80.161410
Car 31 -15.836515 -12.319928 2.275906 4.522585 168.402813
