Car 2 -0.782711 11.613307 2.906382 5.849356 -1.189998
Car 10 13.888450 11.783033 2.589331 5.392134 179.663578
Car 3 13.415520 6.687996 2.623568 5.374746 -175.189891
Car 4 13.556613 2.080929 2.623636 5.173045 -177.864792
Car 5 13.119746 -4.935636 2.934462 6.829767 -174.547428
Car 6 12.405091 -12.085190 2.826072 5.947627 3.893251
Car 7 11.900023 -18.521446 2.644685 5.670566 5.306132
Car 8 10.980915 -27.207027 2.926247 5.943830 -179.716190
Car 11 13.265907 27.040071 2.325997 4.612012 -176.724913
Car 12 -2.666221 21.201670 3.504505 8.833812 -6.020268
