Car 12 -3.313617 8.555490 3.504505 8.833812 -1.528851
Car 23 7.270183 25.198236 2.648598 5.029399 176.913350
Car 24 7.766934 10.045398 2.673276 5.174316 178.428848
Car 25 7.898530 3.580005 2.451961 5.552949 -1.014691
Car 26 8.457003 -9.313723 2.264938 4.674540 -0.160158
Car 28 8.448464 -15.644626 2.471295 5.824149 177.145817
Car 33 -9.339391 -4.851959 2.198245 4.212724 -3.842517
Car 34 -9.858903 -9.472099 2.387447 4.375950 -47.821245
Car 35 -10.077241 -13.561493 2.261204 4.313418 144.747731
Car 36 -10.015324 -16.843799 2.404494 4.905887 -55.669451
Car 37 -9.307604 -20.369142 2.257904 4.614538 -56.703213
Car 38 -9.657141 -23.334238 2.366470 4.400379 -58.308636
Car 39 -9.666277 -26.566878 2.144205 4.206293 -55.749759
Car 40 -9.948132 -29.477547 2.347752 4.529285 -55.623595
Car 29 -17.085043 1.646257 2.306360 4.128307 79.662756
Car 30 -16.378980 -0.851969 2.253607 3.940785 78.775907
Car 31 -15.621541 -4.256568 2.275906 4.522585 167.013416
