Car 2 -0.707129 11.616275 2.906382 5.849356 -1.190394
Car 10 13.888526 11.783307 2.589331 5.392134 179.663182
Car 3 13.415631 6.688265 2.623568 5.374746 -175.190286
Car 4 13.556814 2.081354 2.623636 5.173045 -177.865188
Car 5 13.119935 -4.935380 2.934462 6.829767 -174.547824
Car 6 12.405329 -12.084939 2.826072 5.947627 3.892856
Car 7 11.900309 -18.521186 2.644685 5.670566 5.305736
Car 8 10.980491 -27.208865 2.926247 5.943830 -179.716586
Car 11 13.264705 27.037209 2.325997 4.612012 -176.724723
Car 12 -2.667259 21.199207 3.504505 8.833812 -6.020078
