Car 44 0.061137 14.026803 2.484940 4.894949 1.838297
Car 227 -11.472875 -2.689585 2.520158 4.875969 -88.190962
Car 228 -10.480533 -6.577157 2.364129 4.745641 -177.222254
Car 230 -13.028139 -6.333122 2.507865 4.752691 -179.894335
Car 233 -15.418985 -6.143495 2.188943 4.416155 179.663695
Car 229 -18.214061 -5.711044 2.609746 5.527851 -176.275185
Car 231 -20.780154 -5.084231 2.705446 5.461498 -175.037737
Car 232 -25.645173 -5.339733 2.542957 5.375406 -171.007805
Car 234 -23.088019 -4.978369 2.293837 4.368731 8.664373
Car 226 -0.917508 -26.001232 3.226672 6.720448 3.281502
Car 235 -27.953130 -4.565844 2.240086 5.082344 -164.322511
