Car 641 -13.764363 19.909129 2.225573 4.149933 -63.961910
Car 647 -3.752998 7.334486 2.466797 4.852192 -47.506671
Car 657 20.172202 16.590068 2.601998 4.734204 -153.507284
Car 645 12.222373 -11.145738 2.580505 5.134879 -143.022442
Car 646 7.387577 -16.809033 2.459569 5.079300 -141.873939
Car 648 4.249138 -20.610937 2.366348 4.922649 -141.513572
Car 649 1.561704 -24.137947 2.475636 4.785736 -141.789742
Car 640 -17.322467 13.563688 2.368496 4.947482 117.685847
Car 655 -14.815022 15.534652 2.503319 4.650300 -61.384941
Car 639 -19.618813 22.948860 2.443784 4.906412 118.720303
