Car 684 -2.331796 21.717471 2.470694 5.023676 2.804517
Car 687 -2.444371 9.277370 2.482760 4.315389 -1.116815
Car 688 2.503332 14.464876 2.416776 4.619690 0.431505
Car 647 -0.134852 20.500432 2.466797 4.852192 0.560702
Car 689 2.436648 4.970603 2.330014 4.702572 -0.894763
Car 690 2.466485 -1.398227 2.496604 4.653381 0.315269
Car 691 2.386898 -8.813650 2.426153 4.959073 1.132514
Car 692 -2.442346 -20.940848 2.428364 4.694511 0.603836
Car 693 2.523250 -23.183490 2.619833 5.462271 -0.488513
Car 685 2.513788 25.803092 2.430860 4.945714 0.611479
Car 686 2.521906 19.868328 2.461310 5.198720 0.514573
