Car 795 -0.127331 -7.678432 2.480460 4.912614 -1.941103
Car 814 -0.157458 6.402866 2.765413 5.281266 2.567654
Car 816 1.971378 17.500662 2.570953 5.025377 16.540754
Car 819 3.333125 1.567742 2.926410 6.498190 -177.628667
Car 820 3.766242 -12.394406 2.471697 5.151392 177.281754
Car 821 3.608559 -23.282038 2.788219 5.613046 179.662854
Car 818 8.145647 26.146271 2.604609 5.005498 -164.385517
Car 799 -0.044410 -14.298985 2.496501 5.257452 -0.676188
Car 797 0.336581 -28.038507 3.027616 7.141880 0.146757
Car 808 0.245519 -20.262745 2.453783 5.015134 -0.761930
