Car 355 -1.710781 -14.247824 2.561116 4.803128 1.680224
Car 356 0.070064 8.417701 3.155101 7.001118 4.863820
Car 358 4.858919 13.738822 2.583945 5.383743 -85.633300
Car 360 4.809623 8.741500 2.432621 5.289113 -86.464898
Car 362 4.805281 6.219484 2.313968 4.295129 -89.312980
Car 363 4.952751 4.050156 2.338602 4.942848 -86.852264
Car 364 4.733047 1.540474 2.357258 4.920373 -83.265196
Car 366 4.543162 -0.744322 2.378304 4.829287 -86.882554
Car 367 4.749246 -3.173836 2.368837 4.546709 -90.163673
Car 365 4.183864 -5.564100 2.534250 4.794490 -87.774665
Car 368 -4.482256 -11.961432 2.446748 4.936346 3.802931
Car 369 3.824990 -14.617102 2.414196 4.727995 -89.232774
Car 371 4.470324 -8.179270 2.443164 4.928734 -85.356005
Car 370 4.057322 -10.619247 2.362458 4.602458 104.237088
Car 361 5.101564 11.196955 2.224324 4.295091 -87.531803
Car 372 4.726672 -12.490701 2.217292 3.911442 -88.947667
