Car 267 -2.837112 27.975505 2.541442 6.250849 0.205917
Car 269 -2.928740 19.735271 2.515055 5.781531 1.604922
Car 271 -3.113383 12.903402 2.545904 4.684192 2.689592
Car 272 -3.254027 6.717066 2.423146 4.508968 0.365285
Car 273 -3.364224 1.985020 2.203329 4.174894 -0.685030
Car 274 -3.421268 -2.987170 2.283032 4.590420 -0.673048
Car 275 -3.379985 -8.566828 2.496588 4.792415 -177.646703
Car 276 -3.338438 -14.025365 2.479491 4.666399 -2.620156
Car 277 -3.063807 -20.156973 2.385746 4.537955 -6.984539
Car 278 -2.671123 -24.777953 2.398078 4.802337 -6.967852
Car 279 16.602418 -2.584169 2.415610 4.565498 94.246908
