Car 621 -3.112290 24.221496 2.400025 4.838015 -179.089405
Car 623 -3.195798 13.390038 2.537355 5.001442 -0.083844
Car 624 4.035533 19.367365 2.393452 4.723734 3.044569
Car 625 3.976633 14.648669 2.383959 4.362121 8.689135
Car 626 3.759933 9.295464 2.446312 5.421468 2.920143
Car 627 -3.332701 8.979148 2.523424 4.739124 0.219067
Car 629 3.849205 1.861202 2.510860 5.147421 -179.649066
Car 630 -3.275064 -2.832657 2.569306 5.480733 0.616222
Car 631 3.769092 -11.451303 2.348890 4.788791 0.649940
Car 632 -3.293409 -16.287084 2.600271 5.326049 0.931660
Car 633 3.651383 -16.627976 2.402361 5.049811 0.583975
Car 622 4.055303 24.479541 2.423621 5.021136 0.884159
Car 634 -8.189783 4.471342 2.358273 5.219298 93.127409
Car 635 -8.868449 2.407015 2.237664 4.498803 93.451349
Car 636 -8.846573 -10.248633 2.156849 3.929630 89.425174
Car 638 -3.265168 -21.316788 2.354651 4.274868 -1.089936
Car 639 3.712631 -27.204692 2.443784 4.906412 -176.016410
Car 637 -8.569503 -8.109131 2.314748 4.622494 90.337453
