Car 639 -0.259808 23.142676 2.443784 4.906412 164.143272
Car 640 -4.977214 15.027552 2.368496 4.947482 164.659737
Car 641 1.944161 16.744081 2.225573 4.149933 -17.912336
Car 647 -1.455081 11.710844 2.466797 4.852192 -11.463483
Car 653 3.501694 -7.255931 2.570778 5.734013 78.500192
Car 656 -25.057738 -19.459219 2.582642 5.231501 -99.477369
Car 649 -19.493276 -24.785033 2.475636 4.785736 -96.174178
Car 648 -15.195293 -24.281074 2.366348 4.922649 -94.732997
Car 652 -21.995545 -12.740196 2.372153 4.914585 78.525656
Car 645 -2.505862 -23.467945 2.580505 5.134879 -98.049806
Car 646 -9.969627 -23.885567 2.459569 5.079300 -95.146819
Car 655 -6.189023 28.486583 2.503319 4.650300 -17.102406
Car 654 26.374497 -2.478967 2.504089 5.431842 78.197586
