Car 585 0.010221 10.884946 2.513845 5.000506 -5.673031
Car 586 -3.845025 -4.089085 2.415834 4.963284 4.009844
Car 587 2.612112 -15.373710 2.786875 5.500053 -176.642773
Car 590 -3.519910 25.170567 2.410986 5.072774 79.224192
Car 589 -11.843848 23.155769 2.389026 4.842376 79.615113
Car 559 -12.675763 16.315517 2.569796 5.038259 -93.296220
Car 588 3.006165 -4.380544 2.508349 5.019377 2.903391
Car 591 -4.223464 -9.214817 2.424698 4.229058 4.730639
Car 592 -4.363132 -14.204193 2.339386 4.684691 4.165611
Car 593 -4.968110 -19.693211 2.477353 5.392885 -175.999495
Car 594 2.262772 -20.554736 2.338608 4.213961 7.867868
Car 605 1.789931 -25.005954 2.263204 4.670924 5.743636
Car 604 15.117019 28.553611 2.483250 4.737408 80.846312
Car 603 11.460528 -15.203924 2.410555 4.591592 171.113413
