Car 355 0.483356 -12.241872 2.561116 4.803128 -20.002564
Car 356 0.737853 7.161433 3.155101 7.001118 -1.603944
Car 377 5.554719 11.086296 2.203975 4.232805 -92.391719
Car 378 5.079926 8.586625 2.485824 4.901630 88.735696
Car 380 5.259727 6.284539 2.463206 5.228150 84.632020
Car 381 5.933369 3.391813 2.337296 4.931138 89.249760
Car 382 6.346077 -2.254770 2.688688 5.276532 91.405937
Car 383 6.431904 -4.718512 2.642896 5.168802 -94.639616
Car 384 6.619129 1.099963 2.314202 5.306313 -95.707471
Car 385 6.775518 -7.230891 2.434097 5.129521 -91.498627
Car 386 16.617912 -0.265118 2.737829 5.799408 171.437998
Car 368 -3.986768 25.138461 2.446748 4.936346 0.412079
Car 374 5.709730 18.103477 2.410547 4.762323 -93.222829
Car 376 5.349840 13.030448 2.593828 5.167003 89.745163
