Car 1202 0.442337 14.979886 2.699050 5.191700 -0.887023
Car 1274 3.653908 23.556330 2.479242 5.370248 178.414156
Car 1276 25.589943 5.050959 2.442123 5.019409 100.324991
Car 1277 24.554672 2.226774 2.442750 4.946800 85.407388
Car 1281 26.135248 11.454568 2.501256 5.257153 -96.146292
Car 1275 15.536861 7.910722 2.456694 5.079724 -81.347662
Car 1278 16.249097 -3.328413 2.320210 4.897208 129.843526
Car 1279 16.511763 -8.503106 2.435852 5.075653 123.087235
Car 1280 16.405889 -11.903337 2.563817 4.813769 125.742959
Car 1282 15.764692 10.610231 2.462162 5.026018 -81.388896
Car 1285 16.225835 -19.076962 2.381735 4.344452 116.523824
Car 1286 17.589702 -27.425848 2.499209 5.127977 116.195188
