Car 593 -3.281209 22.402677 2.477353 5.392885 -178.906246
Car 606 4.029589 11.336681 2.512605 5.125231 1.365297
Car 607 -3.507206 11.398487 2.416424 4.721798 -0.656993
Car 608 -3.393441 6.207932 2.360221 5.119146 -0.943044
Car 609 -3.346943 0.221551 2.370879 5.055512 -0.036637
Car 610 3.393945 3.310234 2.423712 4.632498 -177.933179
Car 611 -3.451301 -8.491920 2.601082 5.583330 -0.214429
Car 613 -3.599857 -13.607548 2.465520 5.090675 -0.160755
Car 614 -3.502028 -18.854877 2.465793 4.751741 -178.659503
Car 615 16.329768 -9.948862 2.458834 4.620300 -90.992458
Car 616 16.620179 -16.477866 2.436079 4.757336 -89.295680
Car 585 0.222045 22.373487 2.513845 5.000506 1.903207
Car 587 4.084051 27.262739 2.786875 5.500053 179.522753
Car 592 -2.982084 27.739720 2.339386 4.684691 1.130439
Car 594 3.995256 21.858395 2.338608 4.213961 4.237360
Car 605 3.804624 17.527636 2.263204 4.670924 2.707224
Car 618 -9.498615 -26.014800 2.293181 4.329943 89.585747
