Car 647 0.337992 17.670162 2.466797 4.852192 -0.913271
Car 702 -2.294582 12.680576 2.508209 4.812451 0.313467
Car 704 2.407071 6.539196 2.424242 4.558275 0.885399
Car 705 -2.357678 2.733577 2.418116 4.113710 -0.477083
Car 706 2.436451 -3.046705 2.430573 4.255037 0.069123
Car 707 2.557667 -23.639445 2.376588 4.668838 1.356952
Car 698 2.655465 29.746151 2.471384 4.784328 0.697063
Car 700 -2.120383 20.891888 2.385022 4.667324 1.106664
Car 701 2.487588 18.362464 2.409525 4.718374 -0.854742
Car 703 2.559337 13.178805 2.264520 4.618860 2.146752
Car 708 2.604418 -28.645172 2.348671 4.167685 1.850546
