Car 355 -5.785791 -0.278584 2.561116 4.803128 56.216221
Car 356 16.561116 17.701576 3.155101 7.001118 -128.923170
Car 385 5.668372 -2.182149 2.434097 5.129521 44.719689
Car 386 4.330438 -14.473872 2.737829 5.799408 -51.820449
Car 383 7.988058 -3.841799 2.642896 5.168802 48.488007
Car 382 9.867472 -5.350820 2.688688 5.276532 -130.669199
Car 391 11.822031 -8.132477 2.325108 4.924018 50.780760
Car 392 13.847237 -9.431294 2.186642 4.464555 -127.643624
Car 390 -20.207308 7.608275 2.254135 4.710161 -47.105114
Car 387 -6.038655 24.562200 2.436076 4.686705 45.429012
Car 388 -25.928809 12.415372 2.927126 5.385648 -48.759916
Car 389 -8.670736 25.745964 2.355127 4.745786 37.441523
Car 394 17.680231 -12.935146 2.356834 4.358713 -128.539902
Car 395 19.144982 -14.780965 2.232809 4.413702 52.683992
Car 396 20.508052 -16.409732 2.452165 4.857709 -127.221835
