Car 1283 -3.530249 20.509022 2.368898 4.804879 2.421965
Car 1284 3.331315 20.099430 2.406069 5.007592 -2.235579
Car 1290 3.616822 9.439952 2.740101 5.643675 178.224235
Car 1291 -3.563545 15.097474 2.335356 4.440528 2.093916
Car 1292 -3.346755 9.755126 2.413698 4.723988 1.073888
Car 1293 -3.577203 4.478761 2.558149 5.411021 -179.371742
Car 1294 3.658981 3.973874 2.337007 4.395079 4.125986
Car 1295 3.532836 -0.219890 2.378538 4.673774 1.253687
Car 1296 3.785168 -6.309135 2.563560 5.138226 -0.549095
Car 1297 -3.614337 -6.393017 2.413169 4.900146 -1.532292
Car 1298 3.489900 -17.117428 2.740110 5.800786 2.331370
Car 1308 -3.575115 -11.652738 2.467625 5.218305 -1.406068
Car 1309 -3.485031 -17.397017 2.438327 5.083933 0.069883
Car 1310 -11.452143 -0.785597 2.484872 4.811721 89.610637
