Car 398 4.836493 18.338606 2.461406 4.533678 87.933972
Car 399 -3.674913 15.977846 2.511274 5.177445 -2.609986
Car 400 5.159936 15.867079 2.472722 4.479739 87.642562
Car 401 5.310304 13.395285 2.495547 4.971532 87.274932
Car 402 4.832116 11.108162 2.445639 4.564324 88.759446
Car 404 5.133546 8.896247 2.400478 4.273474 -89.410011
Car 405 5.030492 6.447272 2.652175 4.950517 92.887671
Car 407 5.481177 3.980734 2.466998 4.641460 91.481717
Car 408 5.080574 1.684288 2.488110 4.889539 89.177823
Car 409 5.186489 -0.706917 2.431686 4.932890 92.501807
Car 410 5.002213 -3.071861 2.357493 5.092914 92.608834
Car 411 5.075471 -5.501410 2.316628 4.910659 92.828585
Car 412 4.883277 -7.836970 2.363329 4.833912 92.738607
Car 414 5.188726 -10.298349 2.544475 4.924147 98.012218
Car 415 5.252837 -12.865174 2.431812 4.436301 95.854135
Car 416 5.515361 -15.587377 2.725955 5.194973 94.290796
Car 417 -3.555409 -20.189376 2.430096 4.794458 3.734038
Car 394 5.467928 27.648490 2.356834 4.358713 -84.146398
Car 396 4.993942 23.201613 2.452165 4.857709 -86.276001
Car 397 4.738981 20.961642 2.449816 4.496148 92.630705
Car 393 5.565000 30.321244 2.321202 4.535959 -94.831061
Car 395 5.212182 25.656232 2.232809 4.413702 90.861598
Car 418 10.330584 -12.894880 2.295910 4.602385 -175.102683
