Car 355 1.469647 -11.484629 2.561116 4.803128 -28.311462
Car 356 0.791215 7.071387 3.155101 7.001118 -1.936695
Car 378 5.040678 10.937485 2.485824 4.901630 88.402283
Car 380 5.236653 8.634141 2.463206 5.228150 84.298637
Car 381 5.923967 5.729318 2.337296 4.931138 88.916371
Car 382 6.367037 0.116476 2.688688 5.276532 91.072619
Car 383 6.475058 -2.402725 2.642896 5.168802 -94.972895
Car 384 6.635881 3.364817 2.314202 5.306313 -96.040769
Car 385 6.827055 -4.903960 2.434097 5.129521 -92.750672
Car 386 16.451942 3.322758 2.737829 5.799408 171.105022
Car 368 -4.127603 27.234422 2.446748 4.936346 0.079538
Car 375 5.524454 17.842856 2.360978 4.278431 -88.990364
