Car 1202 -0.814472 12.732391 2.699050 5.191700 -9.820222
Car 1244 8.560272 21.092491 2.372885 4.647720 -10.592546
Car 1245 11.444039 22.653501 2.679237 5.095418 172.262504
Car 1254 3.835570 0.085436 2.435376 4.871754 172.655196
Car 1249 4.488427 -26.159334 3.236349 7.715590 -6.096917
Car 1252 -0.216554 25.712880 2.455470 5.158656 169.421874
Car 1256 -12.117025 5.362777 2.306063 4.531333 138.090055
Car 1257 -15.119324 4.869149 2.353120 4.555075 -43.294398
Car 1263 8.581178 -29.380083 2.766041 5.272169 172.996782
Car 1253 -4.144381 28.994960 2.686463 5.823665 -12.000196
Car 1246 14.334587 29.551110 2.494018 6.774803 80.671327
