Car 782 -3.826520 -16.700117 2.355980 4.477198 -175.706277
Car 783 -3.695290 -11.810699 2.391253 5.053458 1.301916
Car 774 -3.273334 -1.208826 2.392073 4.989091 0.659546
Car 784 -3.887480 -21.805722 2.545813 5.355492 179.793815
Car 773 -2.647477 18.771525 2.516578 5.146691 0.030956
Car 776 12.214313 16.150495 2.285284 4.080713 -83.845844
Car 780 3.648155 -8.598929 2.346829 4.737245 2.586607
Car 781 3.530512 -13.773959 2.460852 4.691826 5.680678
Car 785 3.415837 -19.386302 2.482852 5.255473 2.917501
Car 778 4.037011 -2.644942 2.306850 4.496094 -176.136553
Car 777 4.603883 3.312725 2.195639 3.904469 -177.736965
Car 772 -2.333410 24.543858 2.586465 5.416937 -176.042237
Car 786 -3.900130 -29.128354 2.405356 4.787526 1.480919
Car 775 12.541081 10.976682 2.644666 5.004611 -83.108700
