Car 694 -2.365803 20.496328 2.410023 4.697440 -0.260276
Car 647 0.133040 18.668729 2.466797 4.852192 -1.393783
Car 695 2.515082 25.460161 2.251386 4.181008 0.899982
Car 696 2.383342 15.460489 2.258822 4.455208 -2.328632
Car 697 -2.476489 10.255599 2.350194 4.941724 -0.368113
Car 698 2.389984 -0.386425 2.471384 4.784328 0.107885
Car 699 -2.541673 1.302583 2.245090 4.136137 0.096159
Car 700 -2.336409 -9.299517 2.385022 4.667324 -1.816198
Car 701 2.451800 -11.859047 2.409525 4.718374 0.999898
Car 702 -2.361680 -17.316176 2.508209 4.812451 -0.166667
Car 703 2.548913 -17.389773 2.264520 4.618860 1.653745
Car 704 2.366802 -23.485523 2.424242 4.558275 1.544209
Car 705 -2.329778 -27.555327 2.418116 4.113710 -0.957172
