Car 355 -1.748257 -13.956464 2.561116 4.803128 1.881328
Car 356 0.221988 8.902224 3.155101 7.001118 8.211459
Car 358 4.988385 12.250747 2.583945 5.383743 -85.077587
Car 360 4.876262 7.237956 2.432621 5.289113 -84.687700
Car 362 4.846753 4.748928 2.313968 4.295129 -88.757296
Car 363 4.973466 2.541884 2.338602 4.942848 -85.417933
Car 364 4.735402 0.091830 2.357258 4.920373 -82.709501
Car 366 4.520736 -2.176595 2.378304 4.829287 -86.496665
Car 367 4.698645 -4.646808 2.368837 4.546709 -89.608012
Car 365 4.113908 -6.987884 2.534250 4.794490 -87.127737
Car 368 -4.569406 -13.353953 2.446748 4.936346 4.358961
Car 369 3.665681 -16.017274 2.414196 4.727995 -88.677118
Car 371 4.374213 -9.650385 2.443164 4.928734 -84.800332
Car 370 3.943090 -12.085138 2.362458 4.602458 104.792810
Car 361 5.195396 9.759094 2.224324 4.295091 -86.976095
