Car 44 0.011509 9.037263 2.484940 4.894949 1.824672
Car 224 4.226281 28.784529 2.872361 5.594149 -176.812426
Car 226 -0.535688 -25.491879 3.226672 6.720448 0.769745
Car 227 -11.661597 -17.645123 2.520158 4.875969 -87.948163
Car 228 -10.317223 -21.627287 2.364129 4.745641 -179.509937
Car 229 -18.103738 -20.941250 2.609746 5.527851 -175.485661
Car 231 -20.536221 -20.561309 2.705446 5.461498 -175.549204
Car 232 -25.676113 -20.548231 2.542957 5.375406 -167.034492
Car 235 -27.818837 -19.823812 2.240086 5.082344 -164.939428
Car 230 -12.960885 -21.772999 2.507865 4.752691 -175.556320
Car 233 -15.345979 -21.011585 2.188943 4.416155 179.045678
Car 234 -23.016692 -20.416844 2.293837 4.368731 8.046968
