Car 795 -0.127404 -7.678360 2.480460 4.912614 -1.941000
Car 814 -0.166548 6.439564 2.765413 5.281266 2.567757
Car 816 1.971210 17.500399 2.570953 5.025377 16.540858
Car 818 3.765537 7.891966 2.604609 5.005498 -175.071316
Car 819 3.445917 -13.026998 2.926410 6.498190 178.241002
Car 817 8.280915 24.690387 2.558104 5.059665 -163.627511
Car 799 -0.045149 -14.299545 2.496501 5.257452 -0.672682
Car 797 0.335003 -28.039084 3.027616 7.141880 0.150263
Car 808 0.244417 -20.263319 2.453783 5.015134 -0.758424
Car 820 4.171586 -26.893444 2.471697 5.151392 178.493584
