Car 2 -0.782578 11.615122 2.906382 5.849356 -1.192558
Car 4 13.556843 2.082539 2.623636 5.173045 -177.867353
Car 5 13.120232 -4.934225 2.934462 6.829767 -174.549989
Car 6 12.405715 -12.084090 2.826072 5.947627 3.891400
Car 7 11.919725 -18.522409 2.644685 5.670566 5.305041
Car 8 10.979642 -27.209189 2.926247 5.943830 -179.714876
Car 19 3.597674 0.502213 2.955814 5.703587 1.101898
Car 11 13.262812 27.036635 2.325997 4.612012 -176.726336
Car 12 -2.668991 21.198316 3.504505 8.833812 -6.021691
Car 10 13.888186 11.784511 2.589331 5.392134 179.661017
