Car 795 -0.125783 -7.678447 2.480460 4.912614 -2.270041
Car 814 -0.155202 6.412950 2.765413 5.281266 3.454803
Car 816 1.971072 17.501335 2.570953 5.025377 16.539551
Car 818 6.541893 19.952274 2.604609 5.005498 -162.514880
Car 819 3.184658 -4.071337 2.926410 6.498190 179.719266
Car 820 3.923079 -17.037232 2.471697 5.151392 179.661650
Car 821 3.776250 -29.007951 2.788219 5.613046 179.661650
Car 799 -0.044362 -14.299014 2.496501 5.257452 -0.676033
Car 797 0.336611 -28.038536 3.027616 7.141880 0.146912
Car 808 0.245548 -20.262772 2.453783 5.015134 -0.761775
