Car 1155 -6.184598 27.270891 2.490378 4.887186 171.212440
Car 1158 -4.880703 16.625179 2.354059 4.722298 -7.812859
Car 1159 3.054893 11.761080 2.456841 4.781479 171.258126
Car 1160 -3.496369 6.617709 2.403375 5.271937 173.068985
Car 1161 3.727403 6.427641 2.508027 4.868843 170.418845
Car 1162 4.172019 1.907918 2.377658 4.524916 173.204221
Car 1163 0.376539 -24.159345 2.518023 5.483710 175.062314
Car 1164 -16.165598 -9.128058 2.580441 5.798688 87.282955
Car 1165 -22.382738 -9.293112 2.462112 5.115213 88.425549
Car 1157 -5.536484 21.761090 2.284094 4.306632 -6.590865
