Car 585 -0.152681 13.921652 2.513845 5.000506 -1.300070
Car 586 -3.696690 8.095567 2.415834 4.963284 -0.339873
Car 587 3.652151 -3.054682 2.786875 5.500053 178.971872
Car 559 -6.716222 26.514767 2.569796 5.038259 -71.239646
Car 588 3.300458 7.705374 2.508349 5.019377 -1.714669
Car 591 -3.705481 2.645538 2.424698 4.229058 1.017468
Car 592 -3.456736 -2.740778 2.339386 4.684691 -0.201517
Car 593 -3.516192 -7.896608 2.477353 5.392885 179.633499
Car 594 3.692954 -8.290265 2.338608 4.213961 3.535569
Car 605 3.574651 -12.640074 2.263204 4.670924 1.411608
Car 606 3.812201 -18.752415 2.512605 5.125231 1.104005
Car 607 -3.477622 -18.536860 2.416424 4.721798 -2.116748
Car 608 -3.296117 -23.903205 2.360221 5.119146 -2.402723
Car 610 3.546101 -26.757026 2.423712 4.632498 -179.386407
Car 597 13.803294 5.452928 2.298477 4.430074 10.047095
Car 598 16.405946 5.620718 2.360192 4.357331 -10.689032
Car 599 19.065188 6.000390 2.462367 4.688690 -15.675909
Car 596 10.952997 5.590495 2.136764 3.998043 4.321061
