Car 1283 -3.610074 12.811326 2.368898 4.804879 2.292272
Car 1284 3.246391 12.348217 2.406069 5.007592 -2.364247
Car 1290 3.556569 1.711272 2.740101 5.643675 178.096338
Car 1291 -3.631440 7.356806 2.335356 4.440528 1.964082
Car 1292 -3.402676 2.099780 2.413698 4.723988 0.943724
Car 1293 -3.622096 -3.216392 2.558149 5.411021 -179.502763
Car 1294 3.630899 -3.616549 2.337007 4.395079 3.998040
Car 1295 3.503587 -7.814801 2.378538 4.673774 1.126108
Car 1296 3.762510 -14.029864 2.563560 5.138226 -0.677307
Car 1297 -3.641553 -14.003146 2.413169 4.900146 -1.664498
Car 1298 3.496367 -24.794223 2.740110 5.800786 2.202601
Car 1308 -3.586509 -19.348149 2.467625 5.218305 -1.538537
Car 1309 -3.480212 -25.034170 2.438327 5.083933 -0.062754
Car 1310 -11.483351 -8.522291 2.484872 4.811721 89.465783
