Car 314 4.362769 21.698586 2.480724 4.983088 1.967544
Car 316 -3.067926 10.977598 2.278624 4.444495 -0.307208
Car 317 -3.045530 16.616131 2.319073 4.118106 -1.426107
Car 318 4.124967 15.416912 2.457838 4.928327 -178.826695
Car 319 4.241292 10.184862 2.395558 4.918542 1.981072
Car 320 4.061545 4.833714 2.479253 5.365078 1.099254
Car 321 -3.145857 -4.761679 2.488370 4.602139 179.198223
Car 322 4.150874 -6.893128 2.566348 4.873839 -2.006569
Car 323 -9.611706 -0.040666 2.169006 4.704703 -87.760305
Car 324 4.160776 -12.123042 2.431282 4.901389 0.215963
Car 325 -2.835872 -15.801469 2.428368 4.844387 179.407424
Car 315 -2.564645 23.922668 2.499398 4.938650 -0.050601
Car 326 4.285160 -17.426130 2.579207 5.030037 1.214015
Car 327 4.466145 -24.796915 2.760518 5.731702 176.697084
Car 328 -2.647059 -23.590330 2.248886 4.281652 -2.763791
