Car 546 0.206611 -7.523990 2.702487 5.132290 1.399810
Car 549 -8.219401 -3.814230 2.305356 4.757945 82.816788
Car 558 -2.161203 -9.095509 2.723822 5.456314 -1.560329
Car 559 0.081986 17.386570 2.569796 5.038259 1.702111
Car 547 -2.468206 -15.289536 2.475778 4.667500 10.007567
Car 550 -10.798196 -27.955405 3.067537 7.478715 60.073865
Car 552 -10.933904 -23.334319 2.499677 5.239921 73.506048
Car 551 -0.134735 -14.324900 2.369010 4.933984 10.441416
Car 560 0.629494 27.935600 2.661195 5.439123 3.054300
Car 554 -1.556477 -19.661366 2.266345 4.486932 28.586283
