Car 1155 -6.892441 27.379738 2.490378 4.887186 169.772814
Car 1158 -5.259523 16.791496 2.354059 4.722298 -9.252503
Car 1159 2.783850 12.113998 2.456841 4.781479 169.818487
Car 1160 -3.637878 6.815204 2.403375 5.271937 171.629342
Car 1161 3.587981 6.812149 2.508027 4.868843 168.979216
Car 1162 4.147953 2.288459 2.377658 4.524916 171.764512
Car 1163 1.005949 -23.840359 2.518023 5.483710 173.623013
Car 1164 -15.907727 -9.245525 2.580441 5.798688 85.844266
Car 1165 -22.118788 -9.567630 2.462112 5.115213 86.986889
Car 1157 -6.067672 21.905545 2.284094 4.306632 -8.030930
