Car 959 -3.360920 12.523199 2.492465 4.688059 -4.243680
Car 960 3.039200 9.635990 2.511317 4.587281 -2.764916
Car 961 3.411448 3.629265 2.427029 5.064350 178.113517
Car 962 3.507383 -4.622973 2.402526 4.640012 177.992846
Car 963 -15.958752 -7.775228 2.613281 5.644182 89.173073
Car 958 -4.478432 19.346087 2.650214 5.386315 -9.314379
Car 957 -6.062131 26.760180 2.485889 4.561795 164.407676
Car 964 -3.029703 -18.960082 2.309182 4.468561 -178.820941
Car 965 3.937011 -24.210488 2.354603 4.624709 -0.165783
Car 966 4.127296 -28.728567 2.491478 4.884321 178.036023
