Car 905 -5.309771 23.976402 2.349348 4.317012 -8.487452
Car 906 -4.699706 18.463544 2.481356 5.173947 -6.242409
Car 907 -4.015505 12.325256 2.528292 4.744564 -6.077698
Car 913 8.743219 12.311101 2.459484 4.732788 127.674936
Car 914 8.917779 9.514764 2.228318 4.387951 123.196494
Car 919 9.208245 6.842639 2.329115 4.684116 124.213235
Car 920 9.739310 3.592630 2.500064 5.213309 125.066900
Car 921 9.880069 0.199503 2.546050 4.854128 130.292850
Car 922 17.899754 -0.024495 2.246925 4.175229 74.632005
Car 924 11.954305 -10.491779 2.451318 4.694633 36.233237
Car 904 -5.870427 29.339677 2.433379 4.408692 -2.232063
Car 925 17.500170 5.425635 2.475166 4.670846 82.978091
Car 926 18.371545 -4.376850 2.439133 4.398419 88.459202
Car 929 -9.038536 -10.369693 2.461235 5.234733 -96.027290
Car 912 9.089272 15.287503 2.520398 4.732788 126.122296
Car 923 18.977035 -7.014760 2.460013 4.594455 -91.497121
Car 927 12.364358 -14.426560 2.521460 5.169766 34.921060
Car 928 20.749743 -14.124809 2.214952 4.375974 -43.244316
