Car 1075 7.545690 7.846677 2.528548 5.358964 178.462869
Car 1076 -3.992471 11.573842 2.534311 5.977802 178.767488
Car 1077 -3.919983 4.703638 2.598977 4.930140 -2.787713
Car 1079 7.353365 1.889628 2.367804 4.436907 178.065066
Car 1080 7.650769 -3.786147 2.367364 4.863065 179.586013
Car 1084 4.360829 5.732166 2.387726 4.624292 -179.861403
Car 1081 -3.641730 -2.743679 2.182583 5.024719 -3.514085
Car 1082 -3.588852 -7.249495 2.244938 4.315730 -1.818697
Car 1083 -3.535495 -12.261694 2.263315 4.042265 179.562260
Car 1085 -3.631780 -18.652319 2.384425 4.532631 -0.414568
Car 1086 7.781906 -19.431536 2.521374 5.336999 178.606926
Car 1087 4.443529 -22.031411 2.586021 4.788955 179.585817
Car 1070 -4.369925 24.024687 2.573942 4.946841 -0.915861
Car 1073 -4.080451 18.686164 2.574730 4.955986 -1.999194
