Car 2 -0.783066 11.614046 2.906382 5.849356 -1.192459
Car 10 13.887687 11.783318 2.589331 5.392134 179.661117
Car 3 13.414975 6.688260 2.623568 5.374746 -175.192352
Car 4 13.556324 2.081356 2.623636 5.173045 -177.867253
Car 5 13.119699 -4.935388 2.934462 6.829767 -174.549889
Car 6 12.405351 -12.084973 2.826072 5.947627 3.890790
Car 7 11.900561 -18.521246 2.644685 5.670566 5.303671
Car 8 10.981005 -27.209097 2.926247 5.943830 -179.718651
Car 20 2.587040 10.958274 2.668627 5.367014 1.485462
Car 11 13.262277 27.036159 2.325997 4.612012 -176.726087
Car 12 -2.669763 21.198037 3.504505 8.833812 -6.021442
