Car 2 -0.809902 11.589568 2.906382 5.849356 -2.885751
Car 1 3.519785 1.673465 2.834095 5.580886 -1.503657
Car 13 11.532176 18.917103 2.175463 4.211966 -63.902971
Car 4 13.554595 1.902636 2.623636 5.173045 -178.008876
Car 7 11.974366 -18.767605 2.644685 5.670566 4.596053
Car 8 10.976464 -27.211203 2.926247 5.943830 -175.072713
Car 6 12.484803 -12.264447 2.826072 5.947627 4.351833
Car 0 3.974889 -19.058155 2.628676 4.974674 1.000480
Car 5 12.996375 -4.875064 2.934462 6.829767 -174.132435
Car 11 13.265285 27.040732 2.325997 4.612012 -176.726643
Car 12 -2.666580 21.201630 3.504505 8.833812 -6.021998
