Car 44 -0.101258 11.759846 2.484940 4.894949 0.605667
Car 226 -0.012432 -21.455103 3.226672 6.720448 0.345141
Car 249 3.677368 29.311435 2.260976 4.597258 179.785507
Car 250 4.274698 22.379622 2.736867 5.193353 -179.572123
Car 251 4.483262 16.625732 2.633628 4.900211 179.144733
Car 252 3.575604 8.813572 2.727798 5.096907 179.397268
Car 253 3.604228 3.739456 2.418938 4.676617 179.093939
Car 254 3.314674 -4.687152 2.547417 4.795357 179.785181
Car 255 3.448883 -11.385705 2.712471 5.850363 179.139692
Car 256 4.047305 -19.393481 3.377639 8.015256 -178.573379
