Car 2 -0.782297 11.614808 2.906382 5.849356 -1.190890
Car 10 13.888394 11.783501 2.589331 5.392134 179.662686
Car 3 13.415543 6.688456 2.623568 5.374746 -175.190782
Car 4 13.556765 2.081546 2.623636 5.173045 -177.865684
Car 5 13.119947 -4.935191 2.934462 6.829767 -174.548320
Car 6 12.405403 -12.084756 2.826072 5.947627 3.892360
Car 7 11.900438 -18.521009 2.644685 5.670566 5.305240
Car 8 10.980650 -27.208822 2.926247 5.943830 -179.717082
Car 20 0.808935 7.443368 2.668627 5.367014 37.532395
Car 11 13.262106 27.036531 2.325997 4.612012 -176.726360
Car 12 -2.669872 21.198359 3.504505 8.833812 -6.021715
