Car 609 -3.005729 25.204896 2.370879 5.055512 2.368619
Car 610 3.759808 28.481828 2.423712 4.632498 -178.276901
Car 611 -3.084778 16.899437 2.601082 5.583330 -0.558297
Car 613 -3.167256 11.399160 2.465520 5.090675 -0.504624
Car 615 16.751276 15.088065 2.458834 4.620300 -91.336975
Car 616 17.104062 8.623201 2.436079 4.757336 -89.640213
Car 618 -9.074343 -0.932378 2.293181 4.329943 89.523677
Car 619 -9.869688 1.527737 2.624441 5.241429 -87.874594
Car 620 -3.146792 -6.350719 2.401424 5.014886 -177.815898
Car 621 -3.217546 -11.537670 2.400025 4.838015 -179.931215
Car 622 4.028192 -11.162027 2.423621 5.021136 1.443866
Car 623 -3.115704 -22.345919 2.537355 5.001442 1.975980
Car 585 0.007445 29.719056 2.513845 5.000506 0.358160
Car 614 -3.157600 6.218991 2.465793 4.751741 -179.429558
Car 624 4.061650 -16.391885 2.393452 4.723734 1.969303
Car 625 4.002607 -21.330763 2.383959 4.362121 7.613553
Car 626 3.914620 -26.459535 2.446312 5.421468 1.844888
Car 627 -3.149616 -27.327854 2.523424 4.739124 -0.856980
Car 628 -8.644597 -17.511958 2.262303 4.210553 83.769444
