Car 676 2.510707 5.049156 2.477123 4.882916 -1.087227
Car 675 -2.290658 6.836566 2.525925 5.208517 0.551526
Car 673 -2.155619 16.018055 2.562077 4.682991 -0.733966
Car 674 2.676362 11.217644 2.577324 4.939944 -0.543113
Car 677 -2.561776 -9.184607 2.525206 5.198171 -1.687250
Car 678 -2.755667 -23.864106 2.360369 4.447799 -0.880137
Car 672 2.692586 17.298259 2.512770 4.718191 -0.061787
Car 671 -2.024530 22.059685 2.584736 5.249863 -0.060449
Car 647 0.213540 20.472952 2.466797 4.852192 0.708926
Car 679 -2.663947 -29.553900 2.351573 4.767702 -0.124985
