Car 2 -0.781958 11.615296 2.906382 5.849356 -1.190241
Car 10 13.888613 11.783638 2.589331 5.392134 179.663335
Car 3 13.415709 6.688597 2.623568 5.374746 -175.190134
Car 4 13.556889 2.081683 2.623636 5.173045 -177.865035
Car 5 13.120010 -4.935056 2.934462 6.829767 -174.547671
Car 6 12.405390 -12.084614 2.826072 5.947627 3.893008
Car 7 11.900260 -18.521045 2.644685 5.670566 5.305889
Car 8 10.980533 -27.208420 2.926247 5.943830 -179.716433
Car 17 3.276872 -5.982282 2.763575 5.364150 -0.744872
Car 11 13.264010 27.036888 2.325997 4.612012 -176.725473
Car 12 -2.667959 21.198831 3.504505 8.833812 -6.020828
