Car 2 -0.782306 11.614617 2.906382 5.849356 -1.190699
Car 10 13.888462 11.783448 2.589331 5.392134 179.662877
Car 3 13.415594 6.688404 2.623568 5.374746 -175.190592
Car 4 13.556800 2.081494 2.623636 5.173045 -177.865494
Car 5 13.119955 -4.935240 2.934462 6.829767 -174.548130
Car 6 12.405387 -12.084803 2.826072 5.947627 3.892550
Car 7 11.900404 -18.521055 2.644685 5.670566 5.305431
Car 8 10.980581 -27.208878 2.926247 5.943830 -179.716891
Car 20 2.774203 13.675876 2.668627 5.367014 -6.354648
Car 11 13.263523 27.036308 2.325997 4.612012 -176.724327
Car 12 -2.668715 21.198659 3.504505 8.833812 -6.019682
