Car 2 -0.782296 11.614375 2.906382 5.849356 -1.190428
Car 10 13.888473 11.783183 2.589331 5.392134 179.663147
Car 3 13.415581 6.688142 2.623568 5.374746 -175.190321
Car 4 13.556705 2.081057 2.623636 5.173045 -177.865223
Car 5 13.119899 -4.935500 2.934462 6.829767 -174.547859
Car 6 12.405298 -12.085060 2.826072 5.947627 3.892821
Car 7 11.900276 -18.521311 2.644685 5.670566 5.305701
Car 8 10.980552 -27.208753 2.926247 5.943830 -179.716621
Car 16 3.574176 -24.616246 2.847877 5.625341 -0.836982
Car 11 13.264062 27.038820 2.325997 4.612012 -176.727117
Car 12 -2.667799 21.199984 3.504505 8.833812 -6.022472
