Car 639 -0.261233 23.142888 2.443784 4.906412 164.140276
Car 640 -4.978207 15.027524 2.368496 4.947482 164.656741
Car 641 1.943079 16.744419 2.225573 4.149933 -17.915332
Car 652 -11.693527 -10.648196 2.372153 4.914585 78.527617
Car 647 -1.575743 13.197379 2.466797 4.852192 -11.466479
Car 653 13.004472 -5.423668 2.570778 5.734013 78.497197
Car 645 -2.506563 -23.468166 2.580505 5.134879 -98.047845
Car 646 -9.970345 -23.885529 2.459569 5.079300 -95.144858
Car 649 -19.494022 -24.784666 2.475636 4.785736 -96.172214
Car 648 -15.196022 -24.280855 2.366348 4.922649 -94.731033
