Car 44 -0.033446 7.302839 2.484940 4.894949 1.803659
Car 226 -0.415937 -19.871956 3.226672 6.720448 2.646591
Car 227 -11.709303 -10.598914 2.520158 4.875969 -88.225659
Car 228 -10.361812 -14.478901 2.364129 4.745641 -177.256931
Car 229 -18.060894 -13.797895 2.609746 5.527851 -176.384120
Car 230 -12.904247 -14.400072 2.507865 4.752691 -177.228476
Car 235 -27.892818 -12.736840 2.240086 5.082344 -164.740610
Car 231 -20.719731 -13.202137 2.705446 5.461498 -175.455960
Car 232 -25.583056 -13.493853 2.542957 5.375406 -171.426107
Car 233 -15.357796 -13.864685 2.188943 4.416155 179.244509
Car 234 -23.028238 -13.114060 2.293837 4.368731 8.246212
