Car 1119 3.682110 24.198665 2.295672 4.645189 -179.661551
Car 1120 3.713666 19.156610 2.326130 4.463335 -178.818266
Car 1121 3.549792 13.535404 2.510938 4.920578 0.522718
Car 1122 -3.890713 11.805984 2.432441 4.967326 -0.955584
Car 1124 3.673111 7.484371 2.434040 4.815709 175.995989
Car 1125 3.589170 0.716637 2.420116 5.246667 179.167756
Car 1127 3.467267 -9.254237 2.753363 6.040592 0.623598
Car 1128 -3.830631 -12.859780 2.592485 5.526956 179.560814
Car 1126 -3.917292 6.017678 2.330394 4.544666 179.201786
Car 1129 3.697677 -14.570234 2.460654 4.801230 177.917933
