Car 2 -0.782250 11.614731 2.906382 5.849356 -1.190558
Car 10 13.888499 11.783582 2.589331 5.392134 179.663018
Car 3 13.415621 6.688538 2.623568 5.374746 -175.190450
Car 4 13.556822 2.081626 2.623636 5.173045 -177.865352
Car 5 13.119975 -4.935112 2.934462 6.829767 -174.547988
Car 6 12.405374 -12.084685 2.826072 5.947627 3.892791
Car 7 11.900320 -18.520944 2.644685 5.670566 5.305787
Car 8 10.980464 -27.208589 2.926247 5.943830 -179.716423
Car 11 13.263972 27.036032 2.325997 4.612012 -176.723541
Car 12 -2.668294 21.198538 3.504505 8.833812 -6.018896
