Car 585 -0.002354 14.828755 2.513845 5.000506 0.827083
Car 586 -3.680155 11.497413 2.415834 4.963284 -0.101928
Car 587 3.630313 0.345154 2.786875 5.500053 178.443986
Car 559 -5.361015 29.000826 2.569796 5.038259 -61.054053
Car 588 3.343391 11.142698 2.508349 5.019377 -1.492166
Car 591 -3.664461 5.962775 2.424698 4.229058 1.266302
Car 592 -3.436011 0.741935 2.339386 4.684691 0.054214
Car 593 -3.516658 -4.782341 2.477353 5.392885 179.889424
Car 594 3.726923 -4.916309 2.338608 4.213961 3.754523
Car 605 3.590893 -9.220080 2.263204 4.670924 1.630330
Car 606 3.898917 -15.307766 2.512605 5.125231 1.322765
Car 607 -3.520437 -15.229847 2.416424 4.721798 -1.861021
Car 608 -3.360854 -20.600208 2.360221 5.119146 -2.147040
Car 609 -3.255132 -26.439504 2.370879 5.055512 -1.701412
Car 610 3.463124 -23.377036 2.423712 4.632498 -179.139890
Car 597 13.851436 8.776985 2.298477 4.430074 10.208678
Car 598 16.454644 8.937576 2.360192 4.357331 -10.527687
Car 599 19.114938 9.309933 2.462367 4.688690 -15.514661
