Car 355 -0.786072 -11.851209 2.561116 4.803128 -3.570661
Car 356 0.566633 7.247605 3.155101 7.001118 -1.767857
Car 374 5.665302 13.616438 2.410547 4.762323 -93.290805
Car 375 5.581298 11.054753 2.360978 4.278431 -88.725443
Car 376 5.319572 8.587286 2.593828 5.167003 89.677207
Car 377 5.732046 6.410918 2.203975 4.232805 -92.555856
Car 378 5.063462 4.089047 2.485824 4.901630 89.606465
Car 380 5.280671 1.788394 2.463206 5.228150 84.467882
Car 381 5.889401 -1.004472 2.337296 4.931138 89.085647
Car 382 6.315239 -6.754488 2.688688 5.276532 91.241906
Car 383 6.501313 -9.278382 2.642896 5.168802 -91.207093
Car 384 6.577105 -3.347062 2.314202 5.306313 -96.300548
Car 385 6.700171 -11.932899 2.434097 5.129521 -86.425111
Car 386 16.585199 -4.821159 2.737829 5.799408 171.273931
Car 368 -4.032173 20.589079 2.446748 4.936346 0.342844
Car 373 5.304276 16.008351 2.258351 4.273423 -95.861654
