Car 1313 -5.150090 17.412356 2.554457 5.419360 -3.212959
Car 1314 2.501587 13.269520 2.537583 5.311616 -6.456342
Car 1322 3.001173 8.442829 2.520821 5.047737 -3.972782
Car 1323 -4.737628 11.891447 2.539594 4.925910 -8.052828
Car 1324 3.473405 3.486666 2.426169 4.352884 3.299012
Car 1325 -3.119084 -2.980090 2.488490 4.498556 -5.896311
Car 1327 3.834276 -1.627116 2.563966 5.603610 -3.449938
Car 1328 -1.790089 -8.733413 2.455885 5.227670 -30.851538
Car 1330 4.817343 -9.012721 2.654894 5.072065 173.496930
Car 1331 -7.647097 -7.855356 2.351648 5.514666 87.871049
Car 1332 -7.933257 -10.126288 2.290981 4.323369 86.802163
Car 1329 -1.812744 -14.708557 2.616369 5.582392 -5.425035
Car 1333 6.032481 -22.311128 2.507637 4.721419 -4.518784
Car 1321 -3.535204 1.574812 2.545098 5.032806 -7.992707
Car 1336 -0.447349 -28.073586 2.832032 5.608284 -7.081764
Car 1337 6.665538 -27.538635 2.510250 5.097755 -6.321812
Car 1317 -11.794256 22.477962 2.351419 4.839364 82.953817
Car 1326 -9.553066 6.162743 2.363792 4.402403 79.732798
Car 1334 -6.747245 -20.305583 2.468584 4.829678 83.292285
Car 1335 8.474085 -15.257744 2.433290 4.620580 80.097701
