Car 496 -4.787029 7.558402 2.606818 5.273824 176.665652
Car 497 3.592541 0.803485 2.531779 4.994978 178.596322
Car 499 -4.264552 -8.310256 2.724602 5.262676 179.293112
Car 500 -4.639485 -2.324288 2.400916 4.984866 178.192829
Car 501 3.801715 -5.149285 2.679479 5.234773 178.459620
Car 502 -4.052321 -20.663380 2.522880 4.672916 178.001326
Car 503 3.902700 -10.880457 2.682315 5.781179 177.847477
Car 504 -3.575482 -28.099590 2.401937 4.880105 177.440691
Car 495 -5.111886 15.103868 2.646460 5.137516 -0.296582
Car 506 4.195340 -19.554877 2.371072 4.593160 176.677657
Car 507 4.338588 -25.344935 2.499223 4.610272 179.147388
