Car 289 -2.397592 26.261623 2.545030 4.926900 5.956702
Car 290 -2.862362 20.378439 2.715440 5.472997 3.136330
Car 292 5.049290 25.899798 2.572315 5.104374 1.283012
Car 293 -2.890561 13.556252 2.575737 5.621989 2.482527
Car 294 4.550998 20.696237 2.429819 4.757367 0.313785
Car 301 -2.960367 -10.000025 2.392000 4.381714 -3.182266
Car 304 3.929287 -7.032739 2.587284 4.909506 -2.101590
Car 305 4.232351 -13.343878 2.550386 4.811516 -0.044523
Car 306 4.413329 -23.609856 2.552733 4.930009 -0.044532
Car 300 22.721357 15.672976 1.878365 3.519419 -84.310582
Car 302 23.113395 18.059316 2.192753 4.242172 -84.796917
Car 303 23.133664 20.736599 2.212003 4.089237 -77.425179
Car 307 4.421789 -18.557523 2.265454 4.114002 2.956578
Car 308 4.343089 -28.641315 2.643240 5.205126 0.784380
Car 311 -9.283454 -23.877978 2.299198 4.405205 88.095492
Car 299 13.664244 19.167798 2.208763 4.119466 -77.219387
