Car 676 2.496578 17.413959 2.477123 4.882916 -0.702180
Car 675 -2.365709 18.959478 2.525925 5.208517 0.935957
Car 677 -2.553827 4.119798 2.525206 5.198171 -0.459297
Car 678 -2.625756 -11.748815 2.360369 4.447799 -1.011839
Car 647 -0.038820 19.815334 2.466797 4.852192 0.492904
Car 679 -2.606930 -17.455897 2.351573 4.767702 -0.349343
Car 680 2.123109 -23.585010 2.372472 4.422735 -0.241215
Car 681 13.089721 -1.520147 2.311743 4.031598 -88.872715
Car 673 -2.262534 28.238126 2.562077 4.682991 -0.953609
Car 674 2.587203 23.333971 2.577324 4.939944 -0.762383
