Car 1313 -5.596389 15.196415 2.554457 5.419360 -8.009554
Car 1314 2.233745 11.292339 2.537583 5.311616 -7.331629
Car 1321 -3.597439 -0.584606 2.545098 5.032806 -9.289529
Car 1322 2.858528 6.422304 2.520821 5.047737 -4.418099
Car 1323 -4.962110 9.730096 2.539594 4.925910 -9.967843
Car 1324 3.380776 1.607209 2.426169 4.352884 1.146342
Car 1325 -3.108531 -5.089696 2.488490 4.498556 -6.991992
Car 1327 3.839560 -3.568864 2.563966 5.603610 -4.964332
Car 1328 -0.898286 -11.282096 2.455885 5.227670 -42.970418
Car 1330 4.947972 -10.937996 2.654894 5.072065 175.946849
Car 1312 -7.117072 27.873802 2.500008 4.657291 170.587870
Car 1329 -1.439668 -16.730706 2.616369 5.582392 -6.918602
Car 1332 -7.708437 -12.329013 2.290981 4.323369 85.502810
Car 1333 6.531106 -24.196060 2.507637 4.721419 -5.817315
Car 1337 7.281553 -29.407666 2.510250 5.097755 -7.620113
Car 1317 -12.304676 20.179436 2.351419 4.839364 81.655618
Car 1326 -9.697094 3.926136 2.363792 4.402403 78.432834
Car 1331 -7.473232 -10.052402 2.351648 5.514666 86.571715
Car 1334 -6.293055 -22.478743 2.468584 4.829678 81.992888
Car 1335 8.811513 -17.088767 2.433290 4.620580 78.797766
