Car 620 -3.101085 19.862546 2.401424 5.014886 -178.304308
Car 621 -3.217252 14.226915 2.400025 4.838015 -179.168526
Car 622 4.042090 14.322845 2.423621 5.021136 0.954405
Car 623 -3.255539 3.542609 2.537355 5.001442 -0.162989
Car 624 4.012206 9.372673 2.393452 4.723734 2.965522
Car 625 3.946859 4.614258 2.383959 4.362121 8.610177
Car 626 3.661842 -0.652292 2.446312 5.421468 2.841148
Car 627 -3.438992 -1.282706 2.523424 4.739124 0.139875
Car 629 3.853576 -8.075047 2.510860 5.147421 -177.973974
Car 630 -3.348599 -12.837687 2.569306 5.480733 0.536827
Car 631 3.713859 -21.530282 2.348890 4.788791 0.571199
Car 632 -3.333484 -26.269755 2.600271 5.326049 -0.978672
Car 633 3.588203 -26.704382 2.402361 5.049811 0.654014
Car 634 -8.218444 -5.585801 2.358273 5.219298 93.202198
Car 635 -8.909907 -7.821915 2.237664 4.498803 93.526109
Car 618 -8.957663 25.178836 2.293181 4.329943 90.429502
Car 628 -8.737030 8.764676 2.262303 4.210553 84.674279
Car 637 -8.620702 -18.125454 2.314748 4.622494 90.410004
