Car 1155 -3.671228 23.180434 2.490378 4.887186 -178.990879
Car 1156 3.865444 25.091348 2.593385 5.144399 178.819657
Car 1157 -3.612830 17.639980 2.284094 4.306632 -1.088217
Car 1158 -3.496284 12.475779 2.354059 4.722298 -1.742587
Car 1159 3.988845 6.721565 2.456841 4.781479 177.211134
Car 1160 -3.052562 2.374455 2.403375 5.271937 178.687639
Car 1161 4.136209 1.550904 2.508027 4.868843 177.173080
Car 1162 4.100626 -2.922435 2.377658 4.524916 179.700129
Car 1163 -2.171345 -28.658233 2.518023 5.483710 179.163668
Car 1153 -3.896221 29.298956 2.426204 4.709211 -2.268802
