Car 585 -0.122723 11.203265 2.513845 5.000506 -3.300178
Car 586 -3.723978 -2.725122 2.415834 4.963284 2.546886
Car 587 2.989834 -13.970669 2.786875 5.500053 -178.159626
Car 590 -4.891731 26.267423 2.410986 5.072774 77.474225
Car 559 -12.069566 17.322471 2.569796 5.038259 -92.046196
Car 588 3.181696 -2.974099 2.508349 5.019377 1.156712
Car 603 11.860090 -13.536809 2.410555 4.591592 169.650596
Car 591 -3.977226 -7.975472 2.424698 4.229058 3.267657
Car 592 -3.988962 -12.965126 2.339386 4.684691 2.702633
Car 593 -4.452577 -18.443998 2.477353 5.392885 -177.462469
Car 594 2.797816 -19.122724 2.338608 4.213961 6.404943
Car 605 2.440202 -23.577827 2.263204 4.670924 4.280738
Car 589 -13.124874 24.044496 2.389026 4.842376 78.152166
Car 604 12.575331 29.977441 2.483250 4.737408 79.388551
Car 607 -4.912529 -29.119427 2.416424 4.721798 0.768090
