Car 684 -2.447783 17.248421 2.470694 5.023676 0.223598
Car 685 2.431598 21.210189 2.430860 4.945714 0.413620
Car 686 2.460088 15.266699 2.461310 5.198720 0.316709
Car 687 -2.443666 4.704643 2.482760 4.315389 -0.996153
Car 688 2.470272 9.850525 2.416776 4.619690 0.552146
Car 647 -0.174758 20.902683 2.466797 4.852192 0.681355
Car 689 2.429783 0.335658 2.330014 4.702572 -0.774131
Car 690 2.440622 -5.961656 2.496604 4.653381 2.238581
Car 691 2.379834 -13.398367 2.426153 4.959073 1.224022
Car 680 2.714110 29.436537 2.372472 4.422735 0.602937
Car 692 -2.379341 -25.493106 2.428364 4.694511 0.401198
Car 693 2.607406 -27.751207 2.619833 5.462271 -0.690772
