Car 514 4.234709 24.546196 2.556059 5.144187 -1.575370
Car 517 4.527671 12.379711 2.723858 5.071493 174.785016
Car 518 4.943381 6.166961 2.654861 5.257452 177.739644
Car 521 -3.565884 9.703438 2.411020 4.977752 -2.141331
Car 522 -3.420247 2.512097 2.572933 5.082710 177.835022
Car 523 -3.127414 -3.211429 2.588114 4.654171 -177.715041
Car 516 4.261161 18.496661 2.556059 5.169370 0.806393
Car 519 -3.668607 20.517379 2.427963 5.215682 -179.877820
Car 520 -3.672850 15.276791 2.447930 4.716090 -179.435596
Car 515 -4.087051 26.105756 2.605390 5.134550 176.801163
