Car 795 -0.127379 -7.678319 2.480460 4.912614 -1.941213
Car 814 -0.166569 6.439603 2.765413 5.281266 2.567544
Car 816 1.971150 17.500441 2.570953 5.025377 16.540645
Car 818 3.564219 6.393042 2.604609 5.005498 -177.016400
Car 819 3.488010 -14.179773 2.926410 6.498190 178.240789
Car 817 7.756587 23.160737 2.558104 5.059665 -161.871699
Car 799 -0.045103 -14.299504 2.496501 5.257452 -0.672895
Car 797 0.335082 -28.039042 3.027616 7.141880 0.150050
Car 808 0.244485 -20.263278 2.453783 5.015134 -0.758637
Car 820 4.191874 -28.244617 2.471697 5.151392 178.570935
