Car 639 -0.286356 23.049503 2.443784 4.906412 164.437425
Car 640 -5.011667 15.081919 2.368496 4.947482 164.953893
Car 641 1.890068 16.791157 2.225573 4.149933 -17.618221
Car 647 -0.917885 8.443317 2.466797 4.852192 -8.906621
Car 654 -9.810274 -9.887379 2.504089 5.431842 78.490377
Car 656 12.862638 -12.643704 2.582642 5.231501 -102.305058
Car 657 -24.188185 -18.820939 2.601998 4.734204 -97.925527
Car 645 -2.804659 -23.460283 2.580505 5.134879 -96.049839
Car 646 -10.165804 -23.825024 2.459569 5.079300 -94.396949
Car 648 -14.871736 -24.205956 2.366348 4.922649 -95.052736
Car 655 -3.584568 20.121413 2.503319 4.650300 -17.047454
Car 649 -19.655386 -24.725278 2.475636 4.785736 -96.976141
