Car 2 -0.782299 11.614935 2.906382 5.849356 -1.191079
Car 10 13.888401 11.783652 2.589331 5.392134 179.662497
Car 3 13.415565 6.688605 2.623568 5.374746 -175.190971
Car 4 13.556799 2.081695 2.623636 5.173045 -177.865873
Car 5 13.119995 -4.935045 2.934462 6.829767 -174.548509
Car 6 12.405473 -12.084613 2.826072 5.947627 3.892170
Car 7 11.900540 -18.520864 2.644685 5.670566 5.305051
Car 8 10.980855 -27.208474 2.926247 5.943830 -179.717271
Car 20 -6.408436 5.805462 2.668627 5.367014 79.935792
Car 11 13.262025 27.036906 2.325997 4.612012 -176.726173
Car 12 -1.955648 20.982186 3.504505 8.833812 -11.496635
