Car 585 0.203079 21.386993 2.513845 5.000506 1.649859
Car 587 3.962108 23.598237 2.786875 5.500053 179.267216
Car 592 -3.105052 24.023144 2.339386 4.684691 0.876401
Car 593 -3.334610 18.685818 2.477353 5.392885 -179.288707
Car 594 3.899826 18.175910 2.338608 4.213961 3.986096
Car 605 3.729145 13.852673 2.263204 4.670924 2.454588
Car 606 3.996453 7.716102 2.512605 5.125231 0.982830
Car 607 -3.357402 7.831956 2.416424 4.721798 -1.039477
Car 608 -3.419145 2.461986 2.360221 5.119146 -1.325541
Car 609 -3.366283 -3.635064 2.370879 5.055512 -0.419145
Car 610 3.398372 -0.302209 2.423712 4.632498 -178.315655
Car 611 -3.443470 -12.037359 2.601082 5.583330 -0.596971
Car 591 -3.302564 29.320014 2.424698 4.229058 2.211216
Car 613 -3.538091 -17.285103 2.465520 5.090675 -0.418614
Car 614 -3.414143 -22.571669 2.465793 4.751741 -178.917375
Car 615 16.376323 -13.604215 2.458834 4.620300 -91.250990
