Car 277 -3.255966 11.026886 2.385746 4.537955 -1.744903
Car 278 -3.288168 6.345043 2.398078 4.802337 -1.229596
Car 280 -3.156522 0.418524 2.404476 4.859232 0.152551
Car 281 -3.367243 -6.146871 2.382901 4.380683 -2.383236
Car 282 -3.215589 -10.878968 2.532186 5.234501 178.016528
Car 283 -2.992727 -16.925056 2.342406 4.807016 -0.779884
Car 284 3.836935 -3.237059 2.580685 5.161265 0.432791
Car 285 4.043291 -10.784221 2.640591 5.358321 179.219463
Car 286 3.991420 -18.762831 2.494853 4.871039 1.695474
Car 287 4.133163 -24.753674 2.575652 5.453852 -0.780289
Car 274 -2.256264 28.616007 2.283032 4.590420 4.017444
Car 275 -2.707231 22.929926 2.496588 4.792415 -172.855030
Car 276 -3.123717 17.110250 2.479491 4.666399 0.960639
