Car 2 -0.782201 11.614825 2.906382 5.849356 -1.190585
Car 10 13.888456 11.783394 2.589331 5.392134 179.662991
Car 3 13.415579 6.688351 2.623568 5.374746 -175.190478
Car 4 13.556780 2.081440 2.623636 5.173045 -177.865380
Car 5 13.119931 -4.935296 2.934462 6.829767 -174.548016
Car 6 12.405349 -12.084858 2.826072 5.947627 3.892664
Car 7 11.900343 -18.521105 2.644685 5.670566 5.305545
Car 8 10.980421 -27.209155 2.926247 5.943830 -179.716777
Car 16 1.332897 28.682379 2.847877 5.625341 -6.541718
Car 11 13.265428 27.039371 2.325997 4.612012 -176.725304
Car 12 -2.666658 21.200928 3.504505 8.833812 -6.020660
