Car 2 -0.782223 11.614710 2.906382 5.849356 -1.190810
Car 10 13.888472 11.783389 2.589331 5.392134 179.662766
Car 3 13.415613 6.688344 2.623568 5.374746 -175.190703
Car 4 13.556830 2.081433 2.623636 5.173045 -177.865605
Car 5 13.120000 -4.935305 2.934462 6.829767 -174.548241
Car 6 12.405447 -12.084870 2.826072 5.947627 3.892439
Car 7 11.900475 -18.521118 2.644685 5.670566 5.305320
Car 8 10.980674 -27.208929 2.926247 5.943830 -179.717002
Car 20 1.605104 8.350204 2.668627 5.367014 22.028648
Car 11 13.262206 27.036420 2.325997 4.612012 -176.726280
Car 12 -2.669786 21.198258 3.504505 8.833812 -6.021635
