Car 44 -0.251643 15.202303 2.484940 4.894949 0.142213
Car 181 3.223616 12.491247 2.797485 5.701709 179.914115
Car 180 2.590125 19.380842 2.938258 6.503689 178.372547
Car 186 3.074477 6.678396 2.620011 4.833693 -179.763033
Car 187 2.792781 -5.816865 2.373935 4.484418 -179.639297
Car 189 2.721622 -21.384828 2.512030 5.111586 -177.958526
Car 190 2.887025 -12.879900 2.395411 4.357616 -178.053249
Car 191 5.437549 -0.420471 2.366892 4.800753 179.916072
Car 179 2.347926 28.454548 2.431678 4.168643 176.688248
Car 192 2.225648 -28.187448 2.588084 5.077642 -175.719222
