Car 2 -0.782257 11.614761 2.906382 5.849356 -1.190659
Car 10 13.888420 11.783369 2.589331 5.392134 179.662916
Car 3 13.415548 6.688326 2.623568 5.374746 -175.190552
Car 4 13.556754 2.081415 2.623636 5.173045 -177.865454
Car 5 13.119909 -4.935320 2.934462 6.829767 -174.548090
Car 6 12.405338 -12.084882 2.826072 5.947627 3.892590
Car 7 11.900345 -18.521133 2.644685 5.670566 5.305470
Car 8 10.980598 -27.208736 2.926247 5.943830 -179.716852
Car 20 -8.670864 5.346113 2.668627 5.367014 79.936211
Car 11 13.262153 27.036628 2.325997 4.612012 -176.725754
Car 12 -0.892743 19.412996 3.504505 8.833812 -25.507583
