Car 2 -0.697596 11.616190 2.906382 5.849356 -1.190905
Car 10 13.888394 11.783489 2.589331 5.392134 179.662670
Car 3 13.420754 6.750359 2.623568 5.374746 -175.190798
Car 4 13.556768 2.081534 2.623636 5.173045 -177.865700
Car 5 13.119952 -4.935203 2.934462 6.829767 -174.548336
Car 6 12.405410 -12.084769 2.826072 5.947627 3.892344
Car 7 11.950912 -18.525709 2.644685 5.670566 5.305224
Car 8 10.980717 -27.208678 2.926247 5.943830 -179.717098
Car 19 3.338281 9.058217 2.955814 5.703587 -3.498837
Car 11 13.261757 27.037235 2.325997 4.612012 -176.728558
Car 12 -2.669728 21.198281 3.504505 8.833812 -6.023913
