Car 355 -1.755178 -13.785600 2.561116 4.803128 2.056722
Car 356 0.319313 9.327472 3.155101 7.001118 11.940508
Car 358 5.062868 11.298166 2.583945 5.383743 -85.585755
Car 360 4.921476 6.216227 2.432621 5.289113 -85.068489
Car 361 5.213261 8.668398 2.224324 4.295091 -86.801770
Car 362 4.852545 3.747621 2.313968 4.295129 -86.710696
Car 363 4.925430 1.478775 2.338602 4.942848 -83.696754
Car 364 4.712097 -0.862658 2.357258 4.920373 -84.012932
Car 366 4.519908 -3.224844 2.378304 4.829287 -84.176204
Car 367 4.726789 -5.697211 2.368837 4.546709 -90.115921
Car 365 3.987920 -8.018960 2.534250 4.794490 -87.300859
Car 368 -4.560563 -14.331380 2.446748 4.936346 4.499276
Car 369 3.645185 -17.030212 2.414196 4.727995 -89.184959
Car 370 3.939748 -12.868912 2.362458 4.602458 -85.308169
Car 371 4.340181 -10.659299 2.443164 4.928734 -84.625012
