Car 2 -0.891143 11.568914 2.906382 5.849356 -4.776928
Car 1 3.142252 8.868799 2.834095 5.580886 -5.884879
Car 0 3.924355 -6.766707 2.628676 4.974674 0.281285
Car 10 13.925542 11.657737 2.589331 5.392134 179.662136
Car 3 13.394503 6.744756 2.623568 5.374746 -176.003233
Car 4 13.603061 2.012767 2.623636 5.173045 -178.222674
Car 5 12.996315 -4.875359 2.934462 6.829767 -174.131658
Car 6 12.404603 -12.302900 2.826072 5.947627 4.033003
Car 8 11.052799 -27.177028 2.926247 5.943830 -179.208156
Car 11 13.265674 27.040431 2.325997 4.612012 -176.725867
Car 12 -2.666312 21.201558 3.504505 8.833812 -6.021222
Car 13 5.720927 22.805732 2.175463 4.211966 -36.859249
