Car 576 -10.098388 28.533679 2.705789 5.520750 142.096033
Car 584 -2.851081 20.668711 2.633292 4.906806 141.764351
Car 585 11.066415 -3.960218 2.513845 5.000506 133.260596
Car 586 -16.057183 -10.148533 2.415834 4.963284 67.083475
Car 587 -23.251702 -20.942692 2.786875 5.500053 66.978911
Car 590 27.382491 -19.532320 2.410986 5.072774 142.912106
Car 589 18.540032 -8.519398 2.389026 4.842376 144.026127
Car 588 -13.176167 -16.462567 2.508349 5.019377 65.926722
Car 559 -14.086235 24.652723 2.569796 5.038259 -35.230657
Car 591 -20.657371 -12.245562 2.424698 4.229058 69.059485
Car 592 -25.180879 -14.291311 2.339386 4.684691 67.649945
Car 594 -28.101461 -23.053789 2.338608 4.213961 70.996340
Car 577 15.023452 26.918304 2.292768 4.552424 52.630395
Car 579 4.257043 26.685087 2.438951 4.779554 -115.115978
Car 581 11.457895 17.797817 2.376857 5.006941 93.903507
Car 582 14.697821 13.793468 2.785747 5.573591 88.388508
