Car 2 -0.782125 11.614932 2.906382 5.849356 -1.190247
Car 10 13.888629 11.783571 2.589331 5.392134 179.663328
Car 3 13.415719 6.688531 2.623568 5.374746 -175.190140
Car 4 13.556886 2.081618 2.623636 5.173045 -177.865042
Car 5 13.119980 -4.935117 2.934462 6.829767 -174.547678
Car 6 12.405355 -12.084674 2.826072 5.947627 3.893002
Car 7 11.900329 -18.520915 2.644685 5.670566 5.305882
Car 8 10.980730 -27.207936 2.926247 5.943830 -179.716440
Car 16 2.897061 10.793909 2.847877 5.625341 -3.131952
Car 11 13.265306 27.039341 2.325997 4.612012 -176.725312
Car 12 -2.666749 21.200918 3.504505 8.833812 -6.020667
