Car 513 4.647219 20.513076 2.640715 5.379752 179.657130
Car 514 4.671672 14.601809 2.556059 5.144187 1.955564
Car 516 4.528530 8.539088 2.556059 5.169370 1.942538
Car 517 4.781265 2.476040 2.723858 5.071493 177.295904
Car 518 4.932072 -3.488933 2.654861 5.257452 179.843528
Car 519 -3.363045 10.749810 2.427963 5.215682 -178.743138
Car 520 -3.465318 5.619962 2.447930 4.716090 -178.300412
Car 521 -3.421847 -0.011649 2.411020 4.977752 0.580474
Car 522 -3.520782 -7.204153 2.572933 5.082710 178.805987
Car 523 -3.301584 -12.846626 2.588114 4.654171 -176.994173
Car 515 -3.679335 16.191995 2.605390 5.134550 177.933788
Car 511 4.420455 27.526299 2.299426 5.023632 176.813223
