Car 280 -2.764900 19.676875 2.404476 4.859232 0.562286
Car 281 -3.132583 14.112856 2.382901 4.380683 1.228701
Car 282 -3.139245 8.888836 2.532186 5.234501 -178.613049
Car 283 -3.189042 3.090830 2.342406 4.807016 0.122251
Car 284 4.116494 16.220022 2.580685 5.161265 0.843793
Car 285 4.036973 8.453200 2.640591 5.358321 179.629924
Car 286 3.713174 0.556898 2.494853 4.871039 3.829034
Car 287 3.693914 -5.256949 2.575652 5.453852 0.230030
Car 288 -3.117850 -15.976532 2.729916 5.439777 -5.511091
Car 289 -2.767629 -21.573859 2.545030 4.926900 -6.781017
Car 290 -2.167150 -27.869065 2.715440 5.472997 -6.327940
Car 291 3.756548 -11.467203 2.782329 5.420161 -3.074514
Car 292 4.580226 -20.906982 2.572315 5.104374 -6.326843
Car 278 -2.615712 26.066899 2.398078 4.802337 0.971137
Car 294 4.994349 -25.988238 2.429819 4.757367 -6.082144
