Car 355 -1.678445 -13.825090 2.561116 4.803128 2.201754
Car 356 0.545613 10.224807 3.155101 7.001118 27.221968
Car 358 5.066669 9.707842 2.583945 5.383743 -85.563730
Car 360 4.922775 4.609906 2.432621 5.289113 -84.802142
Car 361 5.210974 7.018857 2.224324 4.295091 -86.779745
Car 362 4.849916 2.114449 2.313968 4.295129 -86.688690
Car 363 4.932877 0.025210 2.338602 4.942848 -86.015964
Car 364 4.716397 -2.424039 2.357258 4.920373 -83.991011
Car 366 4.500445 -4.892303 2.378304 4.829287 -82.443818
Car 367 4.719387 -7.355147 2.368837 4.546709 -90.093989
Car 365 3.982006 -9.628659 2.534250 4.794490 -87.278965
Car 368 -4.818906 -15.897981 2.446748 4.936346 3.873164
Car 369 3.620653 -18.634593 2.414196 4.727995 -89.163063
Car 370 3.903348 -14.524053 2.362458 4.602458 -85.286302
Car 371 4.335786 -12.260864 2.443164 4.928734 -84.605438
