Car 1325 -3.790113 22.831265 2.488490 4.498556 -1.545834
Car 1328 -3.569218 18.003094 2.455885 5.227670 -9.315773
Car 1330 3.610694 15.936587 2.654894 5.072065 179.757574
Car 1332 -9.247553 16.316870 2.290981 4.323369 91.462921
Car 1329 -3.636902 11.332358 2.616369 5.582392 -0.039931
Car 1333 3.448611 2.564875 2.507637 4.721419 1.018001
Car 1334 -8.983185 6.126662 2.468584 4.829678 88.683363
Car 1336 -3.603211 -2.411734 2.832032 5.608284 -0.014546
Car 1337 3.451175 -2.635177 2.510250 5.097755 -1.341689
Car 1338 -9.244776 4.030393 2.193271 4.215895 88.706025
Car 1339 3.446930 -8.060584 2.506606 5.042568 3.348598
Car 1335 6.571537 9.644172 2.433290 4.620580 86.867282
Car 1340 3.515189 -13.116158 2.394937 4.896445 -176.598404
Car 1342 3.689594 -20.181625 2.327965 4.526008 0.013663
Car 1341 -3.517811 -7.229304 2.468575 4.420341 -1.607550
Car 1343 -3.491198 -19.404064 2.590929 5.118352 -176.889147
Car 1324 3.519739 28.919655 2.426169 4.352884 1.827649
Car 1327 3.423170 23.534252 2.563966 5.603610 2.194616
Car 1321 -3.539180 27.388557 2.545098 5.032806 0.300128
Car 1331 -8.614283 18.313193 2.351648 5.514666 87.249892
Car 1345 -12.557190 -11.472680 2.614936 5.108185 90.219486
Car 1347 -15.194766 -20.361435 2.431029 4.797379 -163.843601
