Car 2 -0.782143 11.614384 2.906382 5.849356 -1.190021
Car 10 13.888618 11.783092 2.589331 5.392134 179.663555
Car 3 13.415691 6.688054 2.623568 5.374746 -175.189914
Car 4 13.556784 2.080968 2.623636 5.173045 -177.864815
Car 5 13.119931 -4.935587 2.934462 6.829767 -174.547451
Car 6 12.405280 -12.085141 2.826072 5.947627 3.893228
Car 7 11.900208 -18.521388 2.644685 5.670566 5.306109
Car 8 10.980422 -27.208824 2.926247 5.943830 -179.716213
Car 16 3.616947 -27.868742 2.847877 5.625341 -0.836574
Car 11 13.264314 27.038733 2.325997 4.612012 -176.726709
Car 12 -2.667573 21.200006 3.504505 8.833812 -6.022064
