Car 1175 -12.903307 11.949628 2.594937 5.801307 -90.830192
Car 1195 21.132622 5.428551 2.303134 4.721831 -85.153965
Car 1196 21.791617 -9.344519 2.489995 4.701507 -90.030601
Car 1197 -13.103632 -14.596598 2.200245 4.309783 -91.493570
Car 1198 22.192063 2.427397 2.673816 4.980143 90.970031
Car 1199 22.306725 -16.863889 2.399317 4.881915 92.985299
Car 1200 22.269223 -19.552194 2.427975 4.961828 91.334979
Car 1201 22.708767 -23.668334 2.311600 4.474112 87.669918
Car 1194 -13.043645 -3.688632 2.520220 4.926571 86.438815
Car 1182 20.712271 20.871583 2.555143 5.024028 -100.187762
Car 1181 20.398983 26.606508 2.502303 4.985540 85.138236
Car 1193 -16.434989 -0.649647 2.407565 5.254451 1.193925
Car 1178 20.620202 29.339776 2.556123 4.869412 88.875691
Car 1173 -16.366118 20.332061 2.516088 5.096764 177.930133
