Car 44 -0.029771 21.078283 2.484940 4.894949 1.731622
Car 83 7.606643 6.358383 3.018592 8.538422 -178.118648
Car 96 -15.887025 -8.398772 2.297213 4.153566 85.951456
Car 98 -16.085217 -13.594672 2.236530 4.339138 84.108715
Car 86 -9.090506 4.370331 2.431303 4.845150 -0.267111
Car 87 -8.994338 -0.556495 2.189406 4.291981 -0.267068
Car 88 -9.309789 9.070271 2.274299 4.368737 47.429282
Car 91 -16.457366 3.566035 2.175141 4.218411 -75.803382
Car 92 -17.262087 5.646644 2.305770 4.331033 -74.579879
Car 93 -16.252821 -0.861805 2.271311 4.506161 113.030898
Car 94 -16.033053 -3.137035 2.338919 4.432664 104.659390
Car 97 -8.951707 -11.669756 2.211601 4.072234 -178.696100
