Car 2 -0.782070 11.614748 2.906382 5.849356 -1.189809
Car 10 13.888687 11.783250 2.589331 5.392134 179.663767
Car 3 13.415737 6.688213 2.623568 5.374746 -175.189702
Car 4 13.556866 2.081298 2.623636 5.173045 -177.864603
Car 5 13.119901 -4.935437 2.934462 6.829767 -174.547239
Car 6 12.405220 -12.084988 2.826072 5.947627 3.893440
Car 7 11.900152 -18.521221 2.644685 5.670566 5.306321
Car 21 3.399194 -7.498872 2.572838 4.941534 -1.695837
Car 11 13.260792 27.036744 2.325997 4.612012 -176.727287
Car 8 11.070727 -26.970039 2.926247 5.943830 -176.148119
