Car 546 0.206564 -7.524103 2.702487 5.132290 1.399976
Car 549 -8.219440 -3.814319 2.305356 4.757945 82.816953
Car 558 -2.161256 -9.095615 2.723822 5.456314 -1.560164
Car 559 0.029396 12.436230 2.569796 5.038259 1.702276
Car 547 -2.468204 -15.289549 2.475778 4.667500 10.007031
Car 550 -10.798118 -27.955479 3.067537 7.478715 60.073328
Car 552 -10.933882 -23.334390 2.499677 5.239921 73.505511
Car 551 -0.134742 -14.324894 2.369010 4.933984 10.440881
Car 560 0.338277 21.114011 2.661195 5.439123 2.583597
Car 554 -1.556447 -19.661369 2.266345 4.486932 28.585746
