Car 386 -4.778564 23.889192 2.737829 5.799408 -2.802458
Car 391 5.113857 22.387478 2.325108 4.924018 84.348206
Car 394 5.484033 14.755801 2.356834 4.358713 -84.073716
Car 396 4.977667 10.329552 2.452165 4.857709 -86.203307
Car 397 4.714026 8.086323 2.449816 4.496148 94.032584
Car 398 4.922727 5.278354 2.461406 4.533678 88.860501
Car 399 -3.783476 3.316717 2.511274 5.177445 -2.431813
Car 406 14.229637 -2.208493 2.363505 4.401079 -176.723802
Car 400 5.191107 2.938321 2.472722 4.479739 87.822028
Car 401 5.687973 0.392683 2.495547 4.971532 88.327669
Car 402 4.734505 -1.834186 2.445639 4.564324 89.122248
Car 404 5.366678 -3.978429 2.400478 4.273474 -89.230278
Car 405 4.893848 -6.303745 2.652175 4.950517 93.067545
Car 407 5.324885 -8.852230 2.466998 4.641460 91.661552
Car 408 4.910788 -11.134757 2.488110 4.889539 91.228727
Car 409 5.021574 -13.569069 2.431686 4.932890 91.912484
Car 410 4.983090 -15.866257 2.357493 5.092914 92.788737
Car 412 4.743232 -20.666711 2.363329 4.833912 92.918566
Car 382 5.731464 25.702899 2.688688 5.276532 -88.943156
Car 392 5.420806 19.937067 2.186642 4.464555 -92.294176
Car 393 5.574222 17.167202 2.321202 4.535959 -94.757979
Car 395 5.197786 12.496183 2.232809 4.413702 90.933950
Car 403 12.060592 18.902840 2.363505 4.401079 -178.141565
Car 411 4.894290 -18.242272 2.316628 4.910659 93.008497
Car 416 5.451059 -28.497914 2.725955 5.194973 94.366137
