Car 44 0.087954 11.732922 2.484940 4.894949 0.084011
Car 101 0.036777 -20.217359 2.658356 4.807008 1.814856
Car 104 11.290306 7.966843 2.236689 4.436917 -2.662614
Car 114 3.087964 20.497531 2.434856 4.905654 178.332863
Car 113 -3.009094 -21.466892 2.574141 5.266266 2.603997
Car 115 3.118629 -16.522219 2.478260 4.597892 -178.441095
Car 105 14.466646 8.688171 2.442396 4.547087 179.386819
Car 106 17.728587 15.292587 2.635427 5.208626 -88.641992
Car 116 -13.056697 -11.511373 2.310642 4.058419 8.356994
Car 117 -10.506938 -12.339364 2.222023 4.110525 8.754796
Car 119 -18.621706 -7.720166 2.499157 4.531591 -84.140061
Car 121 -11.650191 -4.284054 2.143731 4.244424 -42.058173
