Car 1 3.686675 -10.795834 2.834095 5.580886 -0.371547
Car 2 -0.791656 11.575511 2.906382 5.849356 -1.538629
Car 10 13.981079 11.731730 2.589331 5.392134 -178.927109
Car 3 13.383036 6.629308 2.623568 5.374746 -175.152073
Car 4 13.411609 2.106382 2.623636 5.173045 -177.931054
Car 5 13.070656 -4.861661 2.934462 6.829767 -174.551033
Car 6 12.364919 -12.245363 2.826072 5.947627 4.373737
Car 11 13.265464 27.040529 2.325997 4.612012 -176.726102
Car 7 11.927710 -18.466946 2.644685 5.670566 4.148599
Car 12 -2.666469 21.201665 3.504505 8.833812 -6.021457
