Car 2 -0.782531 11.614277 2.906382 5.849356 -1.190833
Car 10 13.888281 11.783298 2.589331 5.392134 179.662743
Car 3 13.418524 6.724339 2.623568 5.374746 -175.190726
Car 4 13.556644 2.081345 2.623636 5.173045 -177.865627
Car 5 13.119822 -4.935390 2.934462 6.829767 -174.548263
Car 6 12.405270 -12.084955 2.826072 5.947627 3.892416
Car 7 11.900296 -18.521209 2.644685 5.670566 5.305297
Car 8 10.980431 -27.209207 2.926247 5.943830 -179.717025
Car 11 13.264752 27.038122 2.325997 4.612012 -176.725230
Car 12 -2.667273 21.199903 3.504505 8.833812 -6.020585
