Car 1312 -4.054936 20.572714 2.500008 4.657291 -177.371920
Car 1313 -4.039486 7.834199 2.554457 5.419360 -1.244741
Car 1314 3.169064 2.914293 2.537583 5.311616 0.132130
Car 1321 -3.988250 -7.906725 2.545098 5.032806 -1.765346
Car 1322 3.195089 -1.982785 2.520821 5.047737 1.608387
Car 1323 -4.239505 2.573868 2.539594 4.925910 -2.487521
Car 1324 3.164590 -6.660713 2.426169 4.352884 8.453355
Car 1325 -4.149177 -12.710275 2.488490 4.498556 -0.238255
Car 1326 -9.565007 -3.040168 2.363792 4.402403 84.309447
Car 1327 3.046797 -11.940805 2.563966 5.603610 1.996906
Car 1328 -1.486289 -22.593413 2.455885 5.227670 -10.887081
Car 1329 -3.984808 -24.374145 2.616369 5.582392 -0.324823
Car 1311 -4.154147 25.678940 2.435854 4.972899 -0.356921
Car 1317 -10.232667 13.581564 2.351419 4.839364 88.456441
Car 1330 3.297759 -19.511891 2.654894 5.072065 -179.510819
Car 1334 -9.316911 -29.670450 2.468584 4.829678 88.790845
