Car 640 -8.584680 16.954293 2.368496 4.947482 151.458385
Car 641 -2.176581 20.146241 2.225573 4.149933 -30.720558
Car 647 -1.711685 7.865153 2.466797 4.852192 -20.590307
Car 657 7.418038 -9.300302 2.601998 4.734204 -112.163134
Car 645 2.065535 -20.053132 2.580505 5.134879 -109.288026
Car 646 -5.106300 -22.045254 2.459569 5.079300 -108.129131
Car 648 -9.702374 -23.418979 2.366348 4.922649 -109.402002
Car 649 -14.188840 -24.917197 2.475636 4.785736 -106.268802
Car 655 -6.487313 19.301734 2.503319 4.650300 -29.128880
Car 639 -5.545386 25.780804 2.443784 4.906412 152.496952
