Car 1296 5.156330 27.718893 2.563560 5.138226 1.484874
Car 1298 4.139759 17.031420 2.740110 5.800786 2.062316
Car 1308 -2.437000 22.689028 2.467625 5.218305 1.693652
Car 1309 -2.770770 16.675432 2.438327 5.083933 2.064141
Car 1311 -3.507429 3.064295 2.435854 4.972899 1.714809
Car 1312 -3.695351 -2.340732 2.500008 4.657291 -177.812357
Car 1313 -4.300265 -15.326745 2.554457 5.419360 0.692487
Car 1314 2.668431 -20.095708 2.537583 5.311616 5.121180
Car 1315 16.529545 -0.724057 2.517450 4.761750 -87.832728
Car 1316 16.812874 5.693776 2.518653 5.132698 -87.286559
Car 1317 -10.137268 -9.212097 2.351419 4.839364 90.814605
Car 1297 -2.121105 28.571122 2.413169 4.900146 1.744225
Car 1318 21.811498 -0.542951 2.344425 4.778889 -89.747190
Car 1320 27.132121 -0.500822 2.343922 4.550589 -89.798979
Car 1319 -10.300147 -6.656451 2.285324 4.509228 -87.355605
Car 1322 2.544952 -25.183715 2.520821 5.047737 4.431744
Car 1323 -4.619486 -20.568548 2.539594 4.925910 -0.588932
