Car 2 -0.782190 11.614596 2.906382 5.849356 -1.190290
Car 10 13.888509 11.783176 2.589331 5.392134 179.663285
Car 3 13.415606 6.688136 2.623568 5.374746 -175.190183
Car 4 13.556783 2.081227 2.623636 5.173045 -177.865085
Car 5 13.119896 -4.935499 2.934462 6.829767 -174.547721
Car 6 12.405279 -12.085057 2.826072 5.947627 3.892959
Car 7 11.900240 -18.521313 2.644685 5.670566 5.305839
Car 8 10.980335 -27.209186 2.926247 5.943830 -179.716483
Car 11 13.264782 27.037505 2.325997 4.612012 -176.724822
Car 12 -2.667219 21.199465 3.504505 8.833812 -6.020177
