Car 410 4.887037 15.361529 2.357493 5.092914 92.169658
Car 411 4.920884 13.011383 2.316628 4.910659 92.389428
Car 412 4.830983 10.560119 2.363329 4.833912 92.299456
Car 413 10.875302 10.098138 3.238519 7.301345 -176.682044
Car 414 5.246804 8.249318 2.544475 4.924147 92.883970
Car 415 5.310786 5.672688 2.431812 4.436301 91.966781
Car 416 5.515856 3.131493 2.725955 5.194973 90.768706
Car 417 -3.428799 -1.928127 2.430096 4.794458 3.290706
Car 402 4.419735 29.560802 2.445639 4.564324 87.732181
Car 404 4.744294 27.377825 2.400478 4.273474 -90.437132
Car 405 4.696095 24.929470 2.652175 4.950517 91.860607
Car 407 5.196095 22.546712 2.466998 4.641460 90.454622
Car 408 4.832034 20.230724 2.488110 4.889539 88.150642
Car 409 4.977084 17.789266 2.431686 4.932890 91.474709
