Car 1196 22.103732 14.382451 2.489995 4.701507 -90.752685
Car 1194 -12.875237 21.008119 2.520220 4.926571 87.261238
Car 1199 22.327807 6.959433 2.399317 4.881915 93.911612
Car 1200 22.239002 4.342704 2.427975 4.961828 91.246961
Car 1201 22.687037 0.212397 2.311600 4.474112 87.248002
Car 1197 -13.033114 10.133143 2.200245 4.309783 -87.684765
Car 1195 21.594507 29.331549 2.303134 4.721831 -84.064361
Car 1198 22.548245 26.463892 2.673816 4.980143 92.059206
Car 1202 -1.192538 29.344239 2.699050 5.191700 0.534948
Car 1203 22.785002 -14.378936 2.332649 4.159992 -92.622069
