Car 1202 0.751777 7.119600 2.699050 5.191700 -49.350644
Car 1283 -13.470560 -10.743516 2.368898 4.804879 54.125757
Car 1284 -9.258194 -16.178718 2.406069 5.007592 52.371370
Car 1290 -18.069224 -23.021838 2.740101 5.643675 53.417933
Car 1291 -17.767451 -13.821185 2.335356 4.440528 55.614834
Car 1292 -21.636478 -16.924425 2.413698 4.723988 54.963353
Car 1293 -26.281327 -20.045590 2.558149 5.411021 -125.187869
Car 1278 6.684049 22.761647 2.320210 4.897208 80.422085
Car 1279 10.939644 19.578642 2.435852 5.075653 76.887779
Car 1285 18.283535 12.052610 2.381735 4.344452 69.017594
Car 1286 25.558952 7.657667 2.499209 5.127977 68.688845
Car 1287 27.120931 5.542563 2.593809 4.815375 67.894922
Car 1288 29.540561 3.888271 2.335925 4.892095 -112.945518
