Car 425 4.744360 26.156300 2.386037 5.046938 178.137271
Car 426 4.580715 20.552974 2.322121 4.839994 -178.436130
Car 427 4.618854 14.932675 2.525322 5.017267 176.797764
Car 430 4.430383 9.218060 2.655086 5.246916 -179.630259
Car 431 3.859053 -4.692579 2.626723 5.191393 -178.563773
Car 432 -3.208209 -1.000217 2.514329 5.041837 -0.427895
Car 433 2.910846 -10.566775 2.626571 5.243298 6.745917
Car 434 3.538289 -18.084915 2.554152 4.933398 -178.225814
Car 435 3.358366 -23.603551 2.603216 5.193611 -177.450444
Car 436 2.986382 -29.193342 2.444768 4.705286 -178.308120
Car 429 -7.532655 25.923266 2.292355 4.662374 90.714849
