Car 786 -3.054964 5.065436 2.405356 4.787526 0.405596
Car 784 -3.095149 12.771351 2.545813 5.355492 -179.968254
Car 782 -3.118968 17.583962 2.355980 4.477198 -179.405831
Car 787 -3.260880 -0.062060 2.369738 4.728707 0.670837
Car 785 4.241237 15.019834 2.482852 5.255473 2.741656
Car 781 4.299112 20.816902 2.460852 4.691826 4.018768
Car 789 -3.225275 -12.436225 2.610833 4.914498 -0.892453
Car 783 -3.015973 22.831808 2.391253 5.053458 0.063973
Car 788 -3.382079 -6.026840 2.461909 5.507203 0.064527
Car 780 4.366059 25.622131 2.346829 4.737245 2.067401
Car 790 -3.339696 -23.300357 2.328377 4.995947 -0.964652
Car 791 -3.326131 -19.063752 2.289378 4.595680 -2.083897
