Car 585 -0.219413 12.399710 2.513845 5.000506 -0.895499
Car 586 -3.619955 2.161126 2.415834 4.963284 0.558601
Car 587 3.471043 -9.556396 2.786875 5.500053 179.852044
Car 590 -8.618844 29.712910 2.410986 5.072774 75.485908
Car 559 -9.684320 21.255538 2.569796 5.038259 -86.024552
Car 588 3.286409 1.281375 2.508349 5.019377 -0.831659
Car 603 12.333871 -8.730420 2.410555 4.591592 167.662288
Car 595 15.435885 -8.874331 2.211036 4.124539 -18.293480
Car 591 -3.699503 -3.798405 2.424698 4.229058 1.279558
Car 592 -3.537320 -8.829398 2.339386 4.684691 0.714626
Car 593 -3.808645 -14.227466 2.477353 5.392885 -179.450473
Car 594 3.447882 -14.696727 2.338608 4.213961 4.416590
Car 605 3.251966 -19.110389 2.263204 4.670924 2.292391
Car 606 3.393047 -25.216909 2.512605 5.125231 1.984870
Car 607 -3.897682 -24.913174 2.416424 4.721798 -1.221209
Car 600 17.960448 -8.581357 2.055848 3.701138 162.616815
Car 589 -16.092411 27.474805 2.389026 4.842376 76.163983
