Car 355 -5.963665 3.778902 2.561116 4.803128 73.826614
Car 356 22.107693 15.171050 3.155101 7.001118 -114.428638
Car 385 4.906640 -1.289135 2.434097 5.129521 61.435338
Car 386 0.091096 -12.684982 2.737829 5.799408 -35.120408
Car 383 6.628199 -3.497696 2.642896 5.168802 63.833040
Car 382 8.003528 -5.512154 2.688688 5.276532 -113.955294
Car 391 9.068489 -8.730146 2.325108 4.924018 67.494153
Car 392 10.626937 -10.539066 2.186642 4.464555 -110.930800
Car 390 -17.070712 15.564465 2.254135 4.710161 -30.381535
Car 387 1.395731 27.657004 2.436076 4.686705 62.139990
Car 388 -21.139876 21.770562 2.927126 5.385648 -32.036534
Car 389 -0.844246 29.609595 2.355127 4.745786 54.153384
Car 394 13.302210 -15.017015 2.356834 4.358713 -111.838614
Car 395 14.165483 -17.196136 2.232809 4.413702 69.385021
Car 396 15.016680 -19.185032 2.452165 4.857709 -110.520824
Car 393 12.234886 -12.959542 2.321202 4.535959 -117.017804
