Car 786 -3.106817 1.472409 2.405356 4.787526 -0.360537
Car 784 -3.232320 9.102241 2.545813 5.355492 179.265567
Car 782 -3.321570 13.830784 2.355980 4.477198 179.828360
Car 787 -3.291778 -3.818492 2.369738 4.728707 -0.096018
Car 785 4.100957 11.408240 2.482852 5.255473 1.975499
Car 781 4.085327 17.240975 2.460852 4.691826 3.252551
Car 789 -3.085786 -16.145598 2.610833 4.914498 0.416697
Car 783 -3.306037 19.144570 2.391253 5.053458 -0.701811
Car 788 -3.298731 -9.702056 2.461909 5.507203 -0.702277
Car 778 4.310613 28.050253 2.306850 4.496094 -176.934312
Car 780 4.041469 21.949205 2.346829 4.737245 1.300648
Car 790 -3.013382 -27.021588 2.328377 4.995947 -1.735209
Car 791 -3.053255 -22.788167 2.289378 4.595680 -2.854555
