Car 1153 -3.576880 20.607698 2.426204 4.709211 -1.415316
Car 1155 -3.445751 14.568151 2.490378 4.887186 -179.098296
Car 1156 4.098906 16.286757 2.593385 5.144399 178.711995
Car 1157 -3.452589 8.924504 2.284094 4.306632 -0.161792
Car 1158 -3.380421 3.910849 2.354059 4.722298 -0.472259
Car 1159 3.974074 -1.890598 2.456841 4.781479 179.139843
Car 1160 -3.166974 -6.203138 2.403375 5.271937 178.580694
Car 1161 4.005880 -7.137875 2.508027 4.868843 177.456800
Car 1162 3.919719 -11.884412 2.377658 4.524916 -179.563403
Car 1152 -3.509500 27.357549 2.534129 5.435360 -0.263475
Car 1154 4.069704 22.112987 2.476428 4.653723 0.040036
