Car 795 -0.098611 -7.672079 2.480460 4.912614 -2.914886
Car 812 3.539870 8.630283 2.465126 4.975824 -174.703113
Car 813 3.260019 -3.065671 3.070286 6.145272 178.506298
Car 814 0.082191 9.405473 2.765413 5.281266 9.316651
Car 815 3.841300 -17.679868 2.372270 4.555887 179.220572
Car 799 -0.046381 -14.300681 2.496501 5.257452 -0.665221
Car 797 0.331998 -28.040233 3.027616 7.141880 0.157724
Car 808 0.242414 -20.264492 2.453783 5.015134 -0.750963
Car 816 3.160022 21.267021 2.570953 5.025377 18.217683
Car 817 4.516482 -28.307939 2.558104 5.059665 178.417490
