Car 355 -1.743969 -14.502554 2.561116 4.803128 1.992624
Car 356 -0.122890 8.330509 3.155101 7.001118 2.099878
Car 360 4.752062 10.649106 2.432621 5.289113 -84.071699
Car 362 4.758700 8.277881 2.313968 4.295129 -88.643806
Car 363 4.901145 6.011477 2.338602 4.942848 -86.183124
Car 364 4.774037 3.530070 2.357258 4.920373 -84.612565
Car 366 4.667033 1.142622 2.378304 4.829287 -86.383138
Car 367 4.886811 -1.263105 2.368837 4.546709 -89.494390
Car 365 4.216856 -3.583941 2.534250 4.794490 -89.244217
Car 368 -4.321090 -10.086842 2.446748 4.936346 3.412515
Car 369 4.043347 -12.639852 2.414196 4.727995 -88.563895
Car 371 4.609978 -6.049942 2.443164 4.928734 -84.687030
Car 370 4.325057 -8.490965 2.362458 4.602458 96.080477
Car 372 4.861918 -10.509339 2.217292 3.911442 -89.550476
Car 358 4.716471 15.724630 2.583945 5.383743 -86.233823
Car 361 4.987971 13.230394 2.224324 4.295091 -88.132688
Car 376 4.388469 -22.835360 2.593828 5.167003 99.275169
Car 378 3.813631 -27.199373 2.485824 4.901630 102.516085
Car 375 4.799481 -20.357266 2.360978 4.278431 -83.119173
Car 377 4.591743 -25.038464 2.203975 4.232805 -79.663535
