Car 436 5.805673 11.334208 2.444768 4.705286 179.457855
Car 437 5.554493 5.356671 2.613283 5.853174 -1.029442
Car 438 5.916338 -1.654908 2.552663 5.071112 -179.953064
Car 439 5.869337 -6.778485 2.592761 5.120505 -178.226812
Car 440 5.862487 -12.399893 2.513466 5.046182 179.242706
Car 441 5.873388 -18.937293 2.533566 4.710038 0.800371
Car 433 5.962065 28.237914 2.626571 5.243298 -8.092603
Car 434 6.242273 22.264210 2.554152 4.933398 179.716820
Car 435 6.008146 16.637651 2.603216 5.193611 -179.281070
Car 442 5.840952 -25.379422 2.568579 4.958384 178.784618
