Car 32 9.541304 -7.711161 2.808199 7.361680 1.313020
Car 28 9.724356 21.077650 2.471295 5.824149 179.996600
Car 26 10.008664 27.519103 2.264938 4.674540 0.626118
Car 38 -9.069252 14.722412 2.366470 4.400379 -55.375800
Car 39 -8.616174 11.211030 2.144205 4.206293 -52.816712
Car 40 -9.635602 8.840285 2.347752 4.529285 -52.690559
Car 41 -9.168714 2.263750 2.433556 4.505356 -75.142052
Car 42 -9.581495 5.258789 2.213678 4.266074 128.242169
Car 43 -8.714027 -0.731143 2.484886 4.461620 -68.089960
Car 35 -8.375154 24.247258 2.261204 4.313418 150.631934
Car 36 -8.688972 21.095387 2.404494 4.905887 -52.733307
Car 37 -8.330977 17.262028 2.257904 4.614538 -53.767509
