Car 546 0.148298 -6.979358 2.702487 5.132290 1.400660
Car 549 -8.230732 -3.160789 2.305356 4.757945 82.817167
Car 559 -0.162094 7.577421 2.569796 5.038259 2.113388
Car 550 -10.926031 -27.377301 3.067537 7.478715 58.239645
Car 553 -5.476787 -23.396155 2.454663 4.466349 46.245046
Car 563 3.562033 15.688887 2.516686 5.483291 -179.905085
Car 551 -0.147412 -13.771610 2.369010 4.933984 10.863188
Car 564 2.546468 -26.959412 2.465546 5.178205 -166.042573
Car 560 0.184538 15.979191 2.661195 5.439123 1.185975
Car 554 -1.823446 -19.628678 2.266345 4.486932 29.007865
