Car 639 -0.384021 23.349906 2.443784 4.906412 164.187643
Car 640 -5.075615 15.363073 2.368496 4.947482 164.704093
Car 641 1.821409 17.103032 2.225573 4.149933 -17.867964
Car 647 -0.890312 8.348849 2.466797 4.852192 -9.085888
Car 654 -17.008903 -11.179159 2.504089 5.431842 78.242268
Car 656 21.207146 -10.456026 2.582642 5.231501 -105.755144
Car 657 -15.805242 -17.215838 2.601998 4.734204 -97.834956
Car 645 -2.669372 -23.159513 2.580505 5.134879 -96.297902
Car 646 -10.047451 -23.559310 2.459569 5.079300 -94.645003
Car 648 -14.746076 -23.960624 2.366348 4.922649 -95.300787
Car 649 -19.500600 -24.507930 2.475636 4.785736 -97.224200
Car 655 -3.423713 19.492659 2.503319 4.650300 -16.966006
