Car 1202 0.251870 22.158146 2.699050 5.191700 0.278459
Car 1227 -14.799370 2.283851 2.344094 4.585162 94.601803
Car 1228 -14.720567 -7.632402 2.278422 4.104561 81.874310
Car 1241 4.650946 -25.376835 2.838700 7.610657 -179.327157
Car 1236 -15.001970 4.689592 2.226757 4.173802 109.188254
Car 1238 -14.818441 -10.651440 2.411112 4.359051 78.470084
Car 1239 -14.728354 -2.470021 2.276627 4.272705 78.779478
Car 1229 -7.901749 10.225826 2.130638 4.071992 2.551717
Car 1230 -7.903964 5.460369 2.164205 3.906659 2.773144
Car 1232 -8.122621 14.840096 2.090262 4.280287 46.277426
Car 1233 -7.728315 -5.851905 2.390229 4.208710 -177.024206
Car 1234 -8.263340 -10.513742 2.311355 4.143513 -176.584445
Car 1237 -14.870804 6.844581 2.257724 4.023152 111.752040
