Car 386 -4.739159 22.357887 2.737829 5.799408 -2.688969
Car 391 5.150222 20.823383 2.325108 4.924018 84.463532
Car 394 5.511081 13.218903 2.356834 4.358713 -83.958412
Car 396 4.992317 8.763203 2.452165 4.857709 -86.087940
Car 397 4.724502 6.517826 2.449816 4.496148 95.286806
Car 398 4.927220 3.737573 2.461406 4.533678 89.597615
Car 399 -3.784548 1.757617 2.511274 5.177445 -2.318432
Car 406 14.229659 -3.665815 2.363505 4.401079 -176.610236
Car 400 5.188957 1.407524 2.472722 4.479739 87.937529
Car 401 5.672794 -1.136279 2.495547 4.971532 89.127262
Car 402 4.723397 -3.381737 2.445639 4.564324 89.373083
Car 404 5.342564 -5.517674 2.400478 4.273474 -89.114814
Car 405 4.875603 -7.859655 2.652175 4.950517 93.182966
Car 407 5.300705 -10.413394 2.466998 4.641460 91.776994
Car 408 4.881788 -12.690075 2.488110 4.889539 91.344119
Car 409 4.987696 -15.131637 2.431686 4.932890 92.027873
Car 410 4.946137 -17.402443 2.357493 5.092914 92.904124
Car 412 4.696543 -22.205290 2.363329 4.833912 93.033927
Car 382 5.775257 24.168094 2.688688 5.276532 -88.828847
Car 392 5.448086 18.400207 2.186642 4.464555 -92.179893
Car 393 5.594694 15.625870 2.321202 4.535959 -94.643723
Car 395 5.212570 10.955092 2.232809 4.413702 91.048269
Car 403 12.044774 16.043565 2.363505 4.401079 -178.027515
Car 411 4.851489 -19.799363 2.316628 4.910659 93.123906
