Car 795 -0.098549 -7.672134 2.480460 4.912614 -2.915350
Car 812 3.758643 9.916757 2.465126 4.975824 -173.282934
Car 813 3.226640 -1.950667 3.070286 6.145272 178.733953
Car 814 0.020441 8.849990 2.765413 5.281266 9.316186
Car 815 3.809855 -16.696092 2.372270 4.555887 178.692844
Car 799 -0.046277 -14.300775 2.496501 5.257452 -0.665685
Car 797 0.332232 -28.040328 3.027616 7.141880 0.157260
Car 808 0.242555 -20.264590 2.453783 5.015134 -0.751427
Car 816 3.002968 20.777740 2.570953 5.025377 18.015118
Car 817 4.489053 -27.308608 2.558104 5.059665 178.417026
