Car 2 -0.605407 11.666203 2.906382 5.849356 -1.043334
Car 14 7.578495 14.300500 2.890541 6.161839 177.535263
Car 15 7.614096 -2.534065 2.681705 5.950330 178.293718
Car 5 12.995115 -4.760591 2.934462 6.829767 -174.158411
Car 6 12.380185 -12.230651 2.826072 5.947627 4.349285
Car 8 10.980916 -27.339805 2.926247 5.943830 -176.646121
Car 4 13.528476 2.013853 2.623636 5.173045 -178.117236
Car 10 13.986700 11.692509 2.589331 5.392134 179.567198
Car 3 13.477357 6.748623 2.623568 5.374746 -174.438302
Car 7 11.927434 -18.467176 2.644685 5.670566 4.149704
Car 12 -2.666005 21.201753 3.504505 8.833812 -6.020352
