Car 2 -0.782258 11.614822 2.906382 5.849356 -1.190686
Car 10 13.888504 11.783637 2.589331 5.392134 179.662890
Car 3 13.415634 6.688594 2.623568 5.374746 -175.190579
Car 4 13.556839 2.081683 2.623636 5.173045 -177.865480
Car 5 13.119992 -4.935054 2.934462 6.829767 -174.548116
Car 6 12.405422 -12.084617 2.826072 5.947627 3.892563
Car 7 11.900439 -18.520865 2.644685 5.670566 5.305444
Car 8 10.980701 -27.208453 2.926247 5.943830 -179.716878
Car 11 13.264363 27.038718 2.325997 4.612012 -176.726645
Car 12 -2.667555 21.200031 3.504505 8.833812 -6.022000
