Car 1153 -3.794913 27.671634 2.426204 4.709211 -2.047507
Car 1155 -3.609092 21.665105 2.490378 4.887186 -179.730424
Car 1156 3.926820 23.444057 2.593385 5.144399 178.079907
Car 1157 -3.561275 16.038352 2.284094 4.306632 -0.793975
Car 1158 -3.417481 10.874365 2.354059 4.722298 -1.104441
Car 1159 4.004570 5.092823 2.456841 4.781479 178.507792
Car 1161 4.096894 0.037914 2.508027 4.868843 176.824144
Car 1162 4.048241 -4.524048 2.377658 4.524916 179.804175
Car 1160 -3.084991 0.733305 2.403375 5.271937 177.947245
Car 1154 3.824142 29.497320 2.476428 4.653723 -0.591305
