Car 687 -2.358677 18.169512 2.482760 4.315389 -1.373500
Car 689 2.519052 13.921474 2.330014 4.702572 -1.151489
Car 690 2.507864 7.345416 2.496604 4.653381 2.166891
Car 691 2.430953 -0.038278 2.426153 4.959073 0.875499
Car 692 -2.429557 -12.021159 2.428364 4.694511 0.347441
Car 693 2.429879 -14.240214 2.619833 5.462271 0.384719
Car 694 -2.427015 -24.022949 2.410023 4.697440 0.489775
Car 688 2.582537 23.442453 2.416776 4.619690 0.638998
Car 647 0.029953 19.528671 2.466797 4.852192 0.045852
Car 695 2.537989 -19.664872 2.251386 4.181008 0.729863
Car 696 2.425434 -29.307494 2.258822 4.455208 -0.170086
