Car 355 -0.812376 -11.760990 2.561116 4.803128 -3.584632
Car 356 0.486143 7.394116 3.155101 7.001118 -1.781845
Car 374 5.655061 12.488397 2.410547 4.762323 -93.304624
Car 375 5.573497 9.905921 2.360978 4.278431 -88.739229
Car 376 5.312134 7.472166 2.593828 5.167003 89.663406
Car 377 5.722777 5.311525 2.203975 4.232805 -92.569684
Car 378 5.057181 2.933437 2.485824 4.901630 91.202181
Car 380 5.270963 0.675484 2.463206 5.228150 84.454005
Car 381 5.883268 -2.083588 2.337296 4.931138 89.071783
Car 382 6.313210 -7.853138 2.688688 5.276532 91.228026
Car 383 6.497940 -10.405223 2.642896 5.168802 -91.220999
Car 384 6.568459 -4.461814 2.314202 5.306313 -96.314483
Car 385 6.700723 -13.045416 2.434097 5.129521 -86.438991
Car 386 16.577606 -5.941232 2.737829 5.799408 171.260000
Car 368 -4.042279 19.478390 2.446748 4.936346 0.328697
Car 373 5.293961 14.863954 2.258351 4.273423 -95.875385
