Car 639 0.258779 22.005984 2.443784 4.906412 165.315067
Car 640 -4.653913 14.099297 2.368496 4.947482 165.831519
Car 641 2.339083 15.584018 2.225573 4.149933 -16.740535
Car 650 2.075497 -15.439195 2.345006 4.681503 -99.514019
Car 638 -7.856991 26.189657 2.354651 4.274868 -13.061361
Car 647 -3.738228 22.917422 2.466797 4.852192 -17.286745
Car 645 -3.192190 -24.446481 2.580505 5.134879 -96.485303
Car 646 -10.665328 -24.659011 2.459569 5.079300 -93.582305
Car 648 -15.876415 -24.882315 2.366348 4.922649 -91.565481
Car 649 -20.223815 -25.380648 2.475636 4.785736 -94.654611
Car 652 24.566266 -4.748876 2.372153 4.914585 79.682535
