Car 684 -2.481372 16.017283 2.470694 5.023676 0.135234
Car 685 2.392725 20.023404 2.430860 4.945714 0.325270
Car 686 2.430441 14.056394 2.461310 5.198720 0.228360
Car 687 -2.484194 3.533402 2.482760 4.315389 -1.084531
Car 688 2.448845 8.651348 2.416776 4.619690 0.463804
Car 647 -0.216948 20.978514 2.466797 4.852192 0.593005
Car 689 2.423437 -0.852944 2.330014 4.702572 -0.862494
Car 690 2.454382 -7.170584 2.496604 4.653381 2.150068
Car 691 2.394178 -14.606787 2.426153 4.959073 1.761761
Car 680 2.666837 28.240761 2.372472 4.422735 0.514449
Car 692 -2.341649 -26.697319 2.428364 4.694511 0.312845
Car 693 2.648333 -28.953527 2.619833 5.462271 -0.779245
