Car 613 -3.230098 14.676001 2.465520 5.090675 -1.833300
Car 614 -3.110440 9.629589 2.465793 4.751741 -179.218977
Car 619 -9.846446 5.035300 2.624441 5.241429 -89.147232
Car 620 -3.130006 -2.874810 2.401424 5.014886 -179.090503
Car 621 -3.159316 -8.222554 2.400025 4.838015 -179.954658
Car 622 4.002210 -7.788444 2.423621 5.021136 0.167525
Car 623 -3.041143 -19.013784 2.537355 5.001442 -0.949049
Car 624 4.044167 -12.940256 2.393452 4.723734 2.178516
Car 625 3.974096 -17.875925 2.383959 4.362121 7.822828
Car 626 3.862724 -23.012284 2.446312 5.421468 2.054089
Car 627 -3.224260 -23.903771 2.523424 4.739124 -0.646170
Car 628 -8.672619 -14.081663 2.262303 4.210553 83.980679
Car 609 -2.886907 28.648762 2.370879 5.055512 2.578638
Car 611 -2.993752 20.347396 2.601082 5.583330 -0.348210
Car 615 16.833447 18.465925 2.458834 4.620300 -91.125835
Car 618 -9.050262 2.531264 2.293181 4.329943 89.734930
Car 635 -8.578349 -30.632226 2.237664 4.498803 92.833591
