Car 2 -0.782063 11.615139 2.906382 5.849356 -1.190573
Car 10 13.888536 11.783550 2.589331 5.392134 179.663002
Car 3 13.415659 6.688507 2.623568 5.374746 -175.190466
Car 4 13.556858 2.081596 2.623636 5.173045 -177.865368
Car 5 13.120009 -4.935142 2.934462 6.829767 -174.548004
Car 6 12.405425 -12.084703 2.826072 5.947627 3.892676
Car 7 11.900346 -18.521143 2.644685 5.670566 5.305556
Car 8 10.980668 -27.208523 2.926247 5.943830 -179.716766
Car 17 3.309492 -8.365966 2.763575 5.364150 -0.745204
Car 11 13.263847 27.036797 2.325997 4.612012 -176.725805
Car 12 -2.668141 21.198674 3.504505 8.833812 -6.021160
