Car 44 1.880824 28.999826 2.484940 4.894949 0.682907
Car 55 19.586439 26.281056 2.780579 4.768665 -94.639910
Car 58 19.894704 11.896869 2.521105 4.623795 -97.595155
Car 59 20.743156 8.719071 2.630356 4.451235 -97.385821
Car 60 21.222824 5.505329 2.507923 5.083173 -95.219635
Car 61 21.257587 2.142068 2.464343 4.193495 -96.264022
Car 62 21.861435 -5.760030 3.186136 6.104540 -95.181495
Car 64 12.348119 20.544572 2.390345 4.729587 -178.064527
Car 56 19.536632 22.481297 2.412610 4.483358 -94.634000
Car 57 20.593804 15.713948 2.670895 4.765689 -93.699909
Car 65 19.110653 -20.601963 2.650909 5.657444 88.058963
Car 66 19.102656 -26.056597 2.353162 4.127910 -94.882650
Car 67 18.963120 -29.366001 2.484932 4.662943 -95.788314
