Car 355 0.194979 -15.486821 2.561116 4.803128 -5.650343
Car 356 5.610312 7.952853 3.155101 7.001118 106.922400
Car 358 4.649924 2.288963 2.583945 5.383743 -93.107303
Car 360 4.979599 -2.770465 2.432621 5.289113 -89.711205
Car 361 5.161894 -0.304055 2.224324 4.295091 -90.698408
Car 362 5.249207 -5.245873 2.313968 4.295129 -94.916876
Car 363 5.541781 -7.515419 2.338602 4.942848 -90.311898
Car 364 5.673883 -9.875695 2.357258 4.920373 -89.780794
Car 366 5.739745 -12.453683 2.378304 4.829287 -86.171180
Car 367 6.147679 -14.876949 2.368837 4.546709 -94.009948
Car 365 5.793061 -17.134440 2.534250 4.794490 -93.246178
Car 368 -2.068129 -24.306713 2.446748 4.936346 -2.792355
Car 369 6.485369 -26.085091 2.414196 4.727995 -95.843562
Car 370 6.293211 -21.908385 2.362458 4.602458 -91.966738
