Car 355 -1.542319 -13.943045 2.561116 4.803128 1.510269
Car 356 -0.197246 8.381594 3.155101 7.001118 0.765121
Car 360 4.562740 16.177535 2.432621 5.289113 -86.280106
Car 362 4.700745 13.736910 2.313968 4.295129 -89.128113
Car 363 4.813327 11.448825 2.338602 4.942848 -86.667464
Car 364 4.681455 9.064063 2.357258 4.920373 -86.085113
Car 366 4.650499 6.693400 2.378304 4.829287 -86.867528
Car 367 4.897544 4.127392 2.368837 4.546709 -89.978777
Car 365 4.270641 1.884387 2.534250 4.794490 -89.728493
Car 368 -4.027856 -4.836132 2.446748 4.936346 2.930175
Car 369 4.306994 -7.137885 2.414196 4.727995 -90.919366
Car 371 4.751150 -0.449501 2.443164 4.928734 -87.565270
Car 370 4.533783 -2.858944 2.362458 4.602458 92.782682
Car 372 5.142569 -4.983357 2.217292 3.911442 -90.034480
Car 374 5.343384 -12.207007 2.410547 4.762323 -87.470815
Car 375 5.186322 -14.749990 2.360978 4.278431 -84.199670
Car 376 4.810607 -17.296784 2.593828 5.167003 98.194515
Car 378 4.337740 -21.544396 2.485824 4.901630 101.436953
Car 380 4.463488 -24.210217 2.463206 5.228150 96.651164
Car 373 4.955106 -9.780334 2.258351 4.273423 -90.960822
Car 377 5.081785 -19.319091 2.203975 4.232805 -80.742631
Car 379 14.410364 -12.321531 2.421225 4.950727 175.414879
