Car 576 -0.517542 25.223154 2.705789 5.520750 163.138697
Car 584 4.389944 12.025510 2.633292 4.906806 163.634016
Car 585 8.346585 -14.346106 2.513845 5.000506 164.965025
Car 586 -19.772746 -8.917202 2.415834 4.963284 92.672306
Car 588 -19.456087 -15.991970 2.508349 5.019377 86.712628
Car 579 12.158748 18.166681 2.438951 4.779554 -94.330082
Car 580 11.728116 20.768156 2.373443 4.518793 -93.907245
Car 581 15.738606 7.322134 2.376857 5.006941 114.878813
Car 582 17.345116 2.399666 2.785747 5.573591 109.149910
Car 583 21.574526 24.098523 2.408414 4.769906 -116.793562
