Car 44 -0.099779 21.291228 2.484940 4.894949 2.177550
Car 83 7.586540 16.871669 3.018592 8.538422 -179.322040
Car 94 -15.867233 7.358440 2.338919 4.432664 104.589106
Car 86 -9.025164 15.046197 2.431303 4.845150 -0.338349
Car 87 -8.951544 10.022474 2.189406 4.291981 -0.338348
Car 88 -9.300699 19.727196 2.274299 4.368737 47.357612
Car 90 -16.285406 11.925462 2.604711 4.769257 112.040902
Car 91 -16.418279 14.189260 2.175141 4.218411 -75.873713
Car 93 -16.205639 9.718100 2.271311 4.506161 112.960682
Car 96 -15.770267 2.285615 2.297213 4.153566 -94.119125
Car 97 -8.857788 -0.660325 2.211601 4.072234 -178.767118
Car 98 -15.967178 -2.743311 2.236530 4.339138 84.038414
Car 99 -16.088422 -5.955683 2.468291 4.668218 80.929954
Car 100 -9.169745 -5.917811 2.201631 4.629153 179.519477
