Car 424 -5.222776 17.997288 2.434950 4.834490 -87.756584
Car 425 6.511600 12.102604 2.386037 5.046938 -175.120282
Car 426 5.757256 6.450941 2.322121 4.839994 -172.473852
Car 427 5.426170 0.850995 2.525322 5.017267 -176.518855
Car 429 -5.746532 12.936314 2.292355 4.662374 94.918929
Car 430 4.685541 -4.615566 2.655086 5.246916 -176.131296
Car 431 2.973481 -18.634610 2.626723 5.191393 -171.968107
Car 432 -3.699744 -14.508526 2.514329 5.041837 4.326572
Car 433 1.653459 -23.983926 2.626571 5.243298 16.457366
Car 428 -5.933323 15.762359 2.455680 3.809896 90.444491
