Car 57 20.534555 17.717793 2.670895 4.765689 -96.836417
Car 59 20.670422 10.693395 2.630356 4.451235 -95.724535
Car 60 21.152538 7.529669 2.507923 5.083173 -96.908698
Car 61 21.165140 3.933759 2.464343 4.193495 -91.774684
Car 62 21.744096 -3.778752 3.186136 6.104540 -93.888740
Car 64 12.510017 24.490173 2.390345 4.729587 -178.801795
Car 65 19.081878 -18.584954 2.650909 5.657444 88.209912
Car 66 19.218686 -24.085488 2.353162 4.127910 -94.731249
Car 67 18.899901 -27.379994 2.484932 4.662943 -95.636768
Car 55 19.671862 28.320625 2.780579 4.768665 -94.484559
Car 58 19.930904 13.932238 2.521105 4.623795 -97.440915
Car 56 19.566101 25.037969 2.412610 4.483358 -94.477355
Car 69 19.255462 -30.681742 2.387653 4.444470 87.254514
