Car 355 -2.783798 18.597813 2.561116 4.803128 101.858447
Car 385 4.895935 8.949660 2.434097 5.129521 82.956322
Car 386 -4.815570 1.976910 2.737829 5.799408 -6.695103
Car 383 5.345586 6.515058 2.642896 5.168802 82.276731
Car 382 5.657280 3.910365 2.688688 5.276532 -88.743727
Car 391 5.186630 0.550465 2.325108 4.924018 83.686360
Car 392 5.544137 -1.764006 2.186642 4.464555 -92.096259
Car 393 5.893328 -4.675064 2.321202 4.535959 -94.560730
Car 394 5.869755 -6.961119 2.356834 4.358713 -85.297341
Car 395 5.667169 -9.356824 2.232809 4.413702 91.131278
Car 396 5.567622 -11.469054 2.452165 4.857709 -88.377911
Car 397 5.350244 -13.983702 2.449816 4.496148 95.482645
Car 398 5.635805 -16.542489 2.461406 4.533678 97.106689
Car 399 -3.062295 -18.620660 2.511274 5.177445 -5.061259
Car 400 5.897216 -18.840689 2.472722 4.479739 89.306157
Car 401 6.559828 -21.438545 2.495547 4.971532 90.123974
Car 402 5.689754 -23.793008 2.445639 4.564324 93.309782
Car 404 6.323434 -25.940469 2.400478 4.273474 -85.123217
Car 405 5.936084 -28.281380 2.652175 4.950517 97.148369
