Car 647 -0.033266 18.355786 2.466797 4.852192 -0.684735
Car 696 2.701927 24.829567 2.258822 4.455208 -1.449354
Car 697 -2.284209 19.785426 2.350194 4.941724 0.510556
Car 698 2.430421 8.808410 2.471384 4.784328 0.340569
Car 699 -2.511159 10.622963 2.245090 4.136137 1.876016
Car 700 -2.396531 0.353386 2.385022 4.667324 0.749977
Car 701 2.322142 -2.510545 2.409525 4.718374 -0.252757
Car 702 -2.496389 -7.935468 2.508209 4.812451 0.541625
Car 703 2.350938 -7.963919 2.264520 4.618860 2.099628
Car 704 2.105681 -14.145233 2.424242 4.558275 1.705227
Car 705 -2.646744 -18.195933 2.418116 4.113710 -0.248940
Car 694 -1.973638 29.879383 2.410023 4.697440 0.621543
Car 706 2.175858 -24.045554 2.430573 4.255037 3.385434
