Car 312 4.563024 19.751699 3.047431 5.574637 179.726750
Car 313 -2.398321 25.158715 2.501963 5.149210 -179.862356
Car 314 4.047575 7.599191 2.480724 4.983088 0.936652
Car 315 -2.930043 9.856280 2.499398 4.938650 -1.081272
Car 316 -3.198718 -3.267959 2.278624 4.444495 -1.338652
Car 317 -3.278915 2.198007 2.319073 4.118106 -2.457320
Car 318 3.928328 1.320947 2.457838 4.928327 -178.081525
Car 319 4.056182 -3.945743 2.395558 4.918542 2.159365
Car 320 4.028498 -9.041807 2.479253 5.365078 1.931997
Car 321 -3.132263 -18.527085 2.488370 4.602139 178.166502
Car 322 4.271163 -21.019430 2.566348 4.873839 -1.118996
Car 323 -9.523746 -14.453107 2.169006 4.704703 -88.781387
Car 324 4.445126 -26.295253 2.431282 4.901389 -0.812465
