Car 1202 6.467926 9.892366 2.699050 5.191700 -79.384967
Car 1283 -7.566510 -10.576976 2.368898 4.804879 27.409214
Car 1284 -1.222937 -13.314343 2.406069 5.007592 23.782833
Car 1290 -5.691998 -23.510210 2.740101 5.643675 22.840789
Car 1291 -9.775553 -15.267503 2.335356 4.440528 27.085761
Car 1292 -11.770063 -19.799133 2.413698 4.723988 26.434260
Car 1293 -14.312145 -24.776517 2.558149 5.411021 -153.716966
Car 1294 -7.913702 -28.374185 2.337007 4.395079 28.754084
Car 1278 -5.829398 28.647535 2.320210 4.897208 51.897544
Car 1279 -0.500699 27.751891 2.435852 5.075653 48.360563
Car 1280 2.587783 26.764897 2.563817 4.813769 49.745268
Car 1287 20.425721 23.198979 2.593809 4.815375 39.369042
