Car 44 -0.082710 21.307876 2.484940 4.894949 1.808179
Car 83 7.636954 18.978843 3.018592 8.538422 -179.167164
Car 87 -8.926695 12.107422 2.189406 4.291981 -0.183450
Car 88 -9.248187 21.816832 2.274299 4.368737 47.512889
Car 90 -16.273400 14.058172 2.604711 4.769257 112.195773
Car 91 -16.382046 16.320452 2.175141 4.218411 -75.718771
Car 92 -17.057195 18.358806 2.305770 4.331033 -74.495276
Car 93 -16.181538 11.836030 2.271311 4.506161 113.115544
Car 94 -15.823118 9.460323 2.338919 4.432664 104.744005
Car 97 -8.852879 1.544729 2.211601 4.072234 -178.612200
Car 98 -15.966900 -0.529792 2.236530 4.339138 84.193536
Car 99 -16.093531 -3.760588 2.468291 4.668218 81.085127
Car 100 -9.179370 -3.711367 2.201631 4.629153 179.674355
