Car 2 -0.782328 11.614761 2.906382 5.849356 -1.190940
Car 10 13.888430 11.783594 2.589331 5.392134 179.662635
Car 3 13.415651 6.688737 2.623568 5.374746 -175.190833
Car 4 13.556804 2.081636 2.623636 5.173045 -177.865735
Car 5 13.119981 -4.935107 2.934462 6.829767 -174.548371
Car 6 12.405442 -12.084673 2.826072 5.947627 3.892309
Car 7 11.900496 -18.520917 2.644685 5.670566 5.305189
Car 8 10.980784 -27.208540 2.926247 5.943830 -179.717133
Car 12 2.037205 14.312052 3.504505 8.833812 -27.939398
Car 11 13.262084 27.036445 2.325997 4.612012 -176.725581
