Car 288 -2.455420 24.158321 2.729916 5.439777 3.764309
Car 289 -3.043550 18.355841 2.545030 4.926900 4.277936
Car 290 -3.351819 12.311606 2.715440 5.472997 1.456652
Car 292 4.306847 18.091765 2.572315 5.104374 1.414709
Car 293 -3.177384 5.752322 2.575737 5.621989 0.802607
Car 294 4.062245 12.948915 2.429819 4.757367 0.154546
Car 301 -2.623817 -17.953716 2.392000 4.381714 -4.866977
Car 304 4.237740 -14.857977 2.587284 4.909506 -3.781101
Car 305 4.726868 -21.067656 2.550386 4.811516 -1.723603
Car 291 4.939065 27.329096 2.782329 5.420161 4.332913
Car 300 22.363882 8.282443 1.878365 3.519419 -85.988312
Car 302 22.686182 10.690692 2.192753 4.242172 -86.474681
Car 303 22.632279 13.373837 2.212003 4.089237 -79.104086
Car 307 5.076023 -26.369072 2.265454 4.114002 1.277983
Car 296 13.290480 16.457437 2.433314 4.852487 92.056287
Car 298 24.264269 17.793530 2.218129 4.499696 98.601180
Car 299 12.976677 11.789682 2.208763 4.119466 -78.904779
