Car 1093 -2.301906 24.935596 2.388219 4.758449 -0.640221
Car 1095 3.525420 21.023245 2.538057 4.925098 -177.649773
Car 1096 3.374687 2.217078 2.427324 4.935617 0.003633
Car 1097 -3.206825 2.126539 2.606591 5.172145 -0.246687
Car 1098 -3.098830 -4.120034 2.575014 4.888491 0.716750
Car 1099 3.031507 -3.340793 2.472956 5.109475 -0.110030
Car 1101 2.896277 -13.417583 2.427575 4.951940 0.217307
Car 1102 -3.448200 -10.734445 2.439849 4.885450 2.018186
Car 1103 2.667106 -19.380574 2.511166 5.417990 3.739417
Car 1104 -3.626162 -16.131752 2.313047 4.413517 2.513832
Car 1105 -3.809735 -24.254638 2.513236 4.589340 1.869105
Car 1094 3.836327 27.348023 2.462278 4.445491 0.495695
