Car 647 -0.025620 17.742847 2.466797 4.852192 -0.606455
Car 698 2.514711 26.219848 2.471384 4.784328 0.418861
Car 700 -2.217146 17.332966 2.385022 4.667324 0.828526
Car 701 2.401950 14.787812 2.409525 4.718374 -1.133216
Car 702 -2.359282 9.099252 2.508209 4.812451 0.620321
Car 703 2.501637 9.632471 2.264520 4.618860 1.868798
Car 704 2.346696 3.010598 2.424242 4.558275 0.127751
Car 705 -2.394601 -0.791298 2.418116 4.113710 -0.170265
Car 706 2.445542 -6.540613 2.430573 4.255037 0.375925
Car 707 2.606666 -27.161300 2.376588 4.668838 3.763487
Car 699 -2.497034 28.085607 2.245090 4.136137 1.475363
