Car 386 -4.821939 26.967678 2.737829 5.799408 -2.937736
Car 391 5.078155 25.491826 2.325108 4.924018 84.211891
Car 394 5.450858 17.862723 2.356834 4.358713 -84.210602
Car 396 4.959719 13.460335 2.452165 4.857709 -86.340093
Car 397 4.701982 11.218563 2.449816 4.496148 92.566679
Car 398 4.920337 8.401637 2.461406 4.533678 87.976909
Car 399 -3.778037 6.377636 2.511274 5.177445 -2.567194
Car 406 14.238490 0.797475 2.363505 4.401079 -176.858446
Car 400 5.196803 6.049925 2.472722 4.479739 87.685491
Car 401 5.709648 3.497676 2.495547 4.971532 87.317859
Car 402 4.749827 1.291464 2.445639 4.564324 88.802339
Car 404 5.400353 -0.872779 2.400478 4.273474 -89.367161
Car 405 4.914297 -3.198461 2.652175 4.950517 92.930479
Car 407 5.354439 -5.718152 2.466998 4.641460 91.524543
Car 408 4.946026 -8.013302 2.488110 4.889539 90.764012
Car 409 5.062120 -10.432880 2.431686 4.932890 91.775402
Car 410 5.027230 -12.773588 2.357493 5.092914 92.651611
Car 411 4.944453 -15.122914 2.316628 4.910659 92.871358
Car 412 4.797472 -17.573688 2.363329 4.833912 92.781383
Car 382 5.671996 28.795083 2.688688 5.276532 -89.078996
Car 392 5.385228 23.033666 2.186642 4.464555 -92.429950
Car 393 5.548421 20.272209 2.321202 4.535959 -94.893713
Car 395 5.175701 15.603468 2.232809 4.413702 90.798118
Car 416 5.523183 -25.376145 2.725955 5.194973 94.230471
