Car 2 -0.782291 11.614545 2.906382 5.849356 -1.190492
Car 10 13.888461 11.783373 2.589331 5.392134 179.663084
Car 3 13.415577 6.688331 2.623568 5.374746 -175.190385
Car 4 13.556772 2.081420 2.623636 5.173045 -177.865287
Car 5 13.119915 -4.935316 2.934462 6.829767 -174.547923
Car 6 12.405323 -12.084877 2.826072 5.947627 3.892757
Car 7 11.900303 -18.521123 2.644685 5.670566 5.305638
Car 8 10.980466 -27.208900 2.926247 5.943830 -179.716684
Car 20 1.846797 24.941486 2.668627 5.367014 -8.700660
Car 11 13.263951 27.035825 2.325997 4.612012 -176.723475
Car 12 -2.668327 21.198359 3.504505 8.833812 -6.018830
