Car 546 0.206570 -7.524037 2.702487 5.132290 1.400270
Car 549 -8.219427 -3.814204 2.305356 4.757945 82.817247
Car 558 -2.161264 -9.095535 2.723822 5.456314 -1.559869
Car 559 -0.020443 11.362079 2.569796 5.038259 1.702571
Car 547 -2.468429 -15.288946 2.475778 4.667500 10.008312
Car 550 -10.798615 -27.954689 3.067537 7.478715 60.074608
Car 552 -10.934272 -23.333595 2.499677 5.239921 73.506791
Car 551 -0.134945 -14.324342 2.369010 4.933984 10.442161
Car 560 0.233638 19.314917 2.661195 5.439123 2.584878
Car 554 -1.556766 -19.660785 2.266345 4.486932 28.587027
