Car 1175 -18.460246 -8.323802 2.594937 5.801307 -44.830428
Car 1174 12.240510 19.219156 2.187572 4.369842 -45.839121
Car 1191 10.894866 -8.301797 2.601865 5.596367 -135.046171
Car 1172 14.629763 21.451374 2.867011 6.015109 -44.601451
Car 1178 17.150062 -20.966199 2.556123 4.869412 132.666240
Car 1179 24.094491 -12.895165 2.555143 5.072568 130.809427
Car 1166 -8.731065 20.601240 2.455938 4.702832 -31.525347
Car 1173 -14.395510 0.478718 2.516088 5.096764 -134.545742
Car 1167 -13.395395 27.054874 3.028129 5.707796 -36.635641
Car 1181 14.886345 -22.652064 2.502303 4.985540 135.666309
Car 1182 10.897700 -26.743945 2.555143 5.024028 -53.844581
Car 1187 26.784386 -9.937014 2.554735 4.649230 130.988977
