Car 786 -3.114031 -2.284050 2.405356 4.787526 -0.597890
Car 784 -3.204582 5.641587 2.545813 5.355492 179.839069
Car 782 -3.313228 10.335260 2.355980 4.477198 -179.513380
Car 787 -3.211120 -7.084549 2.369738 4.728707 -0.334329
Car 785 3.974256 7.960969 2.482852 5.255473 2.637208
Car 778 4.192976 24.571731 2.306850 4.496094 -177.157409
Car 781 3.996653 13.756685 2.460852 4.691826 3.914625
Car 780 3.953869 18.468708 2.346829 4.737245 1.077140
Car 783 -3.274036 15.525219 2.391253 5.053458 -0.043833
Car 788 -3.172731 -13.102391 2.461909 5.507203 -0.941058
Car 774 -3.037925 25.618485 2.392073 4.989091 2.524089
Car 789 -3.024868 -19.502206 2.610833 4.914498 0.178924
Car 791 -2.969670 -26.247284 2.289378 4.595680 -3.098321
