Car 436 5.720772 7.298163 2.444768 4.705286 178.954108
Car 437 5.519059 1.418405 2.613283 5.853174 -1.533224
Car 438 5.944655 -5.543269 2.552663 5.071112 179.543012
Car 439 5.946268 -10.763432 2.592761 5.120505 -178.730797
Car 440 5.984349 -16.356681 2.513466 5.046182 178.738759
Car 441 6.055981 -22.948327 2.533566 4.710038 0.296382
Car 433 5.735298 24.254353 2.626571 5.243298 -8.596659
Car 434 6.066697 18.285720 2.554152 4.933398 179.212793
Car 435 5.878920 12.660061 2.603216 5.193611 -179.785118
Car 442 6.076599 -29.349628 2.568579 4.958384 178.280307
