Car 1075 7.564817 11.328931 2.528548 5.358964 178.487918
Car 1076 -3.974679 15.138740 2.534311 5.977802 178.792825
Car 1077 -3.900713 8.241038 2.598977 4.930140 -2.762260
Car 1079 7.409347 5.438130 2.367804 4.436907 178.090186
Car 1080 7.692621 -0.323230 2.367364 4.863065 179.611306
Car 1084 4.430554 13.739744 2.387726 4.624292 -178.863384
Car 1081 -3.626639 0.836195 2.182583 5.024719 -3.488405
Car 1082 -3.571354 -3.912361 2.244938 4.315730 -1.792971
Car 1083 -3.529611 -8.764384 2.263315 4.042265 179.587949
Car 1085 -3.629110 -15.095998 2.384425 4.532631 -0.388865
Car 1086 7.829161 -15.923452 2.521374 5.336999 178.632210
Car 1087 4.428046 -15.702712 2.586021 4.788955 179.611090
Car 1070 -4.345523 27.585450 2.573942 4.946841 -0.890255
Car 1073 -4.056480 22.248653 2.574730 4.955986 -1.973584
