Car 325 -2.722243 17.639573 2.428368 4.844387 -175.891501
Car 326 4.331289 15.724021 2.579207 5.030037 1.968550
Car 327 4.207064 8.187715 2.760518 5.731702 179.026171
Car 328 -2.951875 10.212369 2.248886 4.281652 -0.612924
Car 329 -3.169456 0.884510 2.753244 5.559905 -179.008076
Car 330 -3.211598 -4.759042 2.862534 5.616306 -0.593444
Car 332 21.717980 -12.106304 2.530912 4.465557 -100.300972
Car 321 -2.429091 29.328220 2.488370 4.602139 -177.356946
Car 322 4.713052 26.548186 2.566348 4.873839 0.049786
Car 324 4.535519 21.287348 2.431282 4.901389 0.792443
