Car 1101 3.204961 18.966270 2.427575 4.951940 -1.496449
Car 1102 -3.235128 21.034552 2.439849 4.885450 1.709082
Car 1103 3.023476 12.390316 2.511166 5.417990 1.972915
Car 1104 -3.263106 16.086996 2.313047 4.413517 0.695049
Car 1105 -3.320317 7.353832 2.513236 4.589340 0.188213
Car 1106 3.081918 -0.850544 2.605756 5.382891 1.128002
Car 1108 -3.359958 -5.332593 2.365549 4.623273 -0.974073
Car 1109 2.995440 -12.030347 2.522326 4.993848 0.847101
Car 1110 -3.535251 -14.953564 2.265246 4.749625 -178.920053
Car 1111 3.196762 -24.136640 2.436297 4.669967 0.039194
Car 1107 -3.200059 0.480829 2.456679 5.385229 1.638732
Car 1098 -2.951803 27.683120 2.575014 4.888491 0.412180
Car 1099 3.155044 28.610498 2.472956 5.109475 -1.011409
Car 1112 3.274067 -18.500785 2.395804 5.290825 2.177804
