Car 1311 -4.084977 18.887318 2.435854 4.972899 -0.099385
Car 1312 -4.059932 13.775600 2.500008 4.657291 -178.246084
Car 1313 -4.058816 1.097058 2.554457 5.419360 0.261963
Car 1314 3.078033 -3.684320 2.537583 5.311616 -0.072499
Car 1321 -4.094938 -14.730743 2.545098 5.032806 -0.498892
Car 1319 -10.447593 9.261067 2.285324 4.509228 -91.557317
Car 1322 3.109712 -8.820741 2.520821 5.047737 1.403773
Car 1323 -4.280241 -4.318947 2.539594 4.925910 -2.692081
Car 1324 3.042966 -13.662527 2.426169 4.352884 9.232682
Car 1325 -4.281516 -19.521570 2.488490 4.498556 0.373450
Car 1326 -9.739878 -9.786802 2.363792 4.402403 87.705249
Car 1317 -10.221897 6.762299 2.351419 4.839364 88.714587
Car 1327 2.953091 -18.823442 2.563966 5.603610 2.254760
Car 1330 3.163430 -26.523261 2.654894 5.072065 -179.253302
Car 1316 16.170254 22.716244 2.518653 5.132698 -90.906933
