Car 1290 3.870747 28.417272 2.740101 5.643675 178.707847
Car 1293 -3.379850 23.385879 2.558149 5.411021 179.025128
Car 1294 3.868268 22.868477 2.337007 4.395079 0.795167
Car 1295 3.763910 18.520516 2.378538 4.673774 1.419087
Car 1296 3.964148 12.542453 2.563560 5.138226 -0.659554
Car 1297 -3.370911 12.615431 2.413169 4.900146 -1.541289
Car 1298 3.659859 1.937077 2.740110 5.800786 0.240362
Car 1308 -3.257959 7.177467 2.467625 5.218305 -0.923865
Car 1309 -3.265411 1.499729 2.438327 5.083933 0.552011
Car 1311 -3.283901 -12.516962 2.435854 4.972899 -1.514222
Car 1292 -3.160617 28.620817 2.413698 4.723988 1.010856
Car 1312 -3.186314 -17.848390 2.500008 4.657291 179.543262
Car 1315 16.921378 -15.225473 2.517450 4.761750 -91.108190
Car 1316 16.835628 -8.731426 2.518653 5.132698 -90.436691
Car 1318 22.193177 -15.096767 2.344425 4.778889 -93.033625
Car 1317 -9.352919 -25.136150 2.351419 4.839364 88.698439
