Car 2 -0.790614 11.731340 2.906382 5.849356 -0.969347
Car 14 8.233342 -4.465978 2.890541 6.161839 179.043263
Car 15 7.690208 -19.857998 2.681705 5.950330 -179.167856
Car 1 3.950728 -23.304898 2.834095 5.580886 -1.008700
Car 5 12.964962 -4.703796 2.934462 6.829767 -174.229144
Car 6 12.361730 -12.254757 2.826072 5.947627 4.433201
Car 4 13.579566 2.027346 2.623636 5.173045 -176.789647
Car 10 13.986643 11.692434 2.589331 5.392134 179.566830
Car 3 13.383226 6.628972 2.623568 5.374746 -175.151336
Car 11 13.265915 27.040194 2.325997 4.612012 -176.725364
Car 7 11.927577 -18.467264 2.644685 5.670566 4.149336
Car 12 -2.666088 21.201531 3.504505 8.833812 -6.020719
