Car 546 0.206603 -7.524187 2.702487 5.132290 1.400430
Car 549 -8.219389 -3.814329 2.305356 4.757945 82.817407
Car 558 -2.161235 -9.095677 2.723822 5.456314 -1.559709
Car 559 -0.062724 9.937029 2.569796 5.038259 1.702730
Car 547 -2.469652 -15.287397 2.475778 4.667500 10.011721
Car 550 -10.800681 -27.952615 3.067537 7.478715 60.078014
Car 552 -10.936088 -23.331507 2.499677 5.239921 73.510197
Car 551 -0.136111 -14.322935 2.369010 4.933984 10.445570
Car 560 0.188558 17.771681 2.661195 5.439123 2.588285
Car 554 -1.558275 -19.659287 2.266345 4.486932 28.590435
