Car 546 0.206800 -7.524446 2.702487 5.132290 1.398483
Car 549 -8.219458 -3.814374 2.305356 4.757945 82.817129
Car 558 -2.161018 -9.095974 2.723822 5.456314 -1.561432
Car 559 -0.024031 11.239572 2.569796 5.038259 1.703146
Car 561 3.252816 1.475333 2.650225 4.999799 -179.971453
Car 547 -2.468770 -15.288593 2.475778 4.667500 10.008697
Car 550 -10.799080 -27.954264 3.067537 7.478715 60.074992
Car 552 -10.934717 -23.333164 2.499677 5.239921 73.507175
Car 551 -0.135280 -14.324006 2.369010 4.933984 10.442547
Car 560 0.228991 18.685249 2.661195 5.439123 2.585263
Car 554 -1.557149 -19.660436 2.266345 4.486932 28.587412
