Car 795 -0.125799 -7.678466 2.480460 4.912614 -2.269882
Car 814 -0.155175 6.412930 2.765413 5.281266 3.454962
Car 816 1.971144 17.501304 2.570953 5.025377 16.539710
Car 818 6.939827 21.485030 2.604609 5.005498 -162.514721
Car 819 3.197533 -2.769392 2.926410 6.498190 -179.563343
Car 820 3.881742 -15.900369 2.471697 5.151392 179.661810
Car 821 3.756527 -27.564873 2.788219 5.613046 179.661810
Car 799 -0.044399 -14.299033 2.496501 5.257452 -0.675874
Car 797 0.336525 -28.038555 3.027616 7.141880 0.147071
Car 808 0.245492 -20.262792 2.453783 5.015134 -0.761616
