Car 1202 0.211140 21.400771 2.699050 5.191700 0.231018
Car 1227 -14.865592 -10.171233 2.344094 4.585162 94.757055
Car 1228 -14.798863 -20.018730 2.278422 4.104561 81.813803
Car 1226 4.259909 29.196950 2.689627 5.483724 -179.887571
Car 1231 -16.341497 1.553419 2.270838 4.241956 94.485635
Car 1239 -14.854538 -14.751260 2.276627 4.272705 78.719275
Car 1229 -7.946822 -2.131241 2.130638 4.071992 2.492729
Car 1230 -7.944282 -6.906813 2.164205 3.906659 2.713803
Car 1232 -8.140976 2.409744 2.090262 4.280287 46.221898
Car 1233 -7.743663 -18.115992 2.390229 4.208710 -177.081356
Car 1236 -14.983950 -7.824832 2.226757 4.173802 109.129574
Car 1237 -14.908176 -5.636980 2.257724 4.023152 111.693538
Car 1238 -14.897191 -22.950829 2.411112 4.359051 78.409715
