Car 1 3.840321 -19.477661 2.834095 5.580886 -0.370683
Car 14 8.279029 -9.553404 2.890541 6.161839 179.808765
Car 2 -0.791360 11.575412 2.906382 5.849356 -1.537765
Car 10 13.981364 11.731425 2.589331 5.392134 -178.926245
Car 3 13.383245 6.629012 2.623568 5.374746 -175.151209
Car 4 13.411753 2.106083 2.623636 5.173045 -177.930190
Car 5 13.070700 -4.861959 2.934462 6.829767 -174.550169
Car 6 12.364851 -12.245650 2.826072 5.947627 4.374601
Car 11 13.265977 27.040236 2.325997 4.612012 -176.725238
Car 15 7.627436 -24.563957 2.681705 5.950330 -179.167729
Car 8 10.981070 -27.339855 2.926247 5.943830 -176.646361
Car 7 11.927544 -18.467220 2.644685 5.670566 4.149463
Car 12 -2.666021 21.201584 3.504505 8.833812 -6.020593
Car 13 28.790751 17.458235 2.175463 4.211966 -91.773274
