Car 355 2.564349 -10.913767 2.561116 4.803128 -39.856374
Car 356 0.967254 7.037714 3.155101 7.001118 -2.211466
Car 380 5.442313 10.365873 2.463206 5.228150 84.024181
Car 381 5.907284 7.522125 2.337296 4.931138 88.641909
Car 382 6.435928 1.756807 2.688688 5.276532 90.798143
Car 383 6.555464 -0.685896 2.642896 5.168802 -95.247358
Car 384 6.628664 5.143661 2.314202 5.306313 -96.315233
Car 385 6.833657 -3.082662 2.434097 5.129521 -94.200849
Car 378 5.045450 12.743082 2.485824 4.901630 88.358378
Car 387 -1.847708 -30.778992 2.436076 4.686705 -92.601484
Car 386 16.472159 4.406006 2.737829 5.799408 168.638596
Car 390 19.576774 -27.933720 2.254135 4.710161 175.180327
