Car 904 -4.568486 10.806407 2.433379 4.408692 2.159341
Car 905 -4.349498 5.858786 2.349348 4.317012 -2.019130
Car 906 -4.115791 0.052939 2.481356 5.173947 -0.706749
Car 907 -3.990969 -6.087912 2.528292 4.744564 -1.807876
Car 910 8.544985 8.738040 2.448190 4.481758 138.029513
Car 911 9.227583 -1.096703 2.558871 4.619943 131.653583
Car 915 16.250947 2.534377 2.389155 4.752833 87.240309
Car 916 16.483468 0.251175 2.356426 4.683793 86.347469
Car 917 16.808777 -2.193291 2.435863 5.123936 88.156730
Car 918 16.878838 -4.804436 2.351720 4.654238 87.630952
Car 912 9.151900 -4.127336 2.520398 4.732788 131.604626
Car 913 8.769087 -7.071719 2.459484 4.732788 128.499608
Car 914 8.927385 -9.989902 2.228318 4.387951 127.458841
Car 919 8.816355 -12.670792 2.329115 4.684116 128.599312
Car 920 9.138337 -15.996494 2.500064 5.213309 129.453473
Car 921 9.033125 -19.291480 2.546050 4.854128 134.680742
