Car 1166 -0.750894 16.306710 2.455938 4.702832 -4.978210
Car 1172 20.671798 -6.996553 2.867011 6.015109 -11.354074
Car 1173 -15.272502 -9.590397 2.516088 5.096764 -103.184003
Car 1175 -23.105095 -15.104902 2.594937 5.801307 -14.083913
Car 1174 17.356830 -7.316025 2.187572 4.369842 -13.321367
Car 1171 1.269006 27.529975 2.336153 4.709648 -5.469278
Car 1176 18.561072 -25.586577 2.433120 5.051198 -103.242273
Car 1183 22.932215 -5.966462 2.362209 4.343042 -11.584743
Car 1184 25.419405 -4.952841 2.450648 4.762147 -11.618453
Car 1185 29.318280 -0.940360 2.266529 4.804940 79.937929
