Car 2 -0.697137 11.616125 2.906382 5.849356 -1.188812
Car 4 13.556899 2.080944 2.623636 5.173045 -177.863607
Car 5 13.119817 -4.935777 2.934462 6.829767 -174.546243
Car 6 12.405012 -12.085316 2.826072 5.947627 3.894437
Car 7 11.950291 -18.526239 2.644685 5.670566 5.307318
Car 8 10.979777 -27.209173 2.926247 5.943830 -179.715004
Car 19 3.538325 2.517393 2.955814 5.703587 -0.014561
Car 11 13.262812 27.036657 2.325997 4.612012 -176.726464
Car 12 -2.668933 21.198288 3.504505 8.833812 -6.021819
Car 3 13.421060 6.749774 2.623568 5.374746 -175.188705
