Car 355 -0.252925 -8.213051 2.561116 4.803128 4.552515
Car 356 -0.108453 10.565322 3.155101 7.001118 142.037729
Car 385 8.295899 -0.308914 2.434097 5.129521 -6.467880
Car 388 -22.196390 -16.775794 2.927126 5.385648 -101.547771
Car 386 17.184063 -9.092836 2.737829 5.799408 -102.532694
Car 390 -15.252682 -15.087199 2.254135 4.710161 -101.501776
Car 382 13.347205 0.887445 2.688688 5.276532 167.218702
Car 383 10.948777 0.456219 2.642896 5.168802 -10.236757
Car 387 -19.981636 6.387321 2.436076 4.686705 -8.684285
Car 389 -22.583215 4.966787 2.355127 4.745786 -15.387221
