Car 510 4.518037 22.370992 2.607817 4.728413 179.562132
Car 511 4.528578 16.490692 2.299426 5.023632 177.247543
Car 512 -3.625176 26.558711 2.528754 5.336449 -178.955777
Car 513 4.739845 9.528870 2.640715 5.379752 179.564230
Car 514 4.617768 3.571300 2.556059 5.144187 1.862713
Car 516 4.393430 -2.445349 2.556059 5.169370 1.850110
Car 517 4.558838 -8.282695 2.723858 5.071493 177.203806
Car 518 4.903457 -14.547798 2.654861 5.257452 176.715824
Car 519 -3.423194 -0.377290 2.427963 5.215682 -178.836897
Car 520 -3.521811 -5.483098 2.447930 4.716090 -178.394491
Car 521 -3.535562 -10.784470 2.411020 4.977752 0.486037
Car 509 4.481841 27.895516 2.476679 5.041989 176.930920
Car 522 -3.664151 -18.091689 2.572933 5.082710 179.245762
Car 523 -3.473822 -23.887129 2.588114 4.654171 -176.554443
Car 515 -3.642748 5.125800 2.605390 5.134550 178.374483
