Car 312 4.766720 27.882306 3.047431 5.574637 -179.808907
Car 314 4.159110 15.784277 2.480724 4.983088 1.400429
Car 316 -3.176055 5.049509 2.278624 4.444495 -0.874050
Car 317 -3.205090 10.390763 2.319073 4.118106 -1.992924
Car 318 3.979764 9.486818 2.457838 4.928327 -179.393821
Car 319 4.227436 4.241158 2.395558 4.918542 1.413904
Car 320 4.001737 -1.045930 2.479253 5.365078 1.169318
Car 321 -3.196356 -10.539282 2.488370 4.602139 178.631077
Car 322 4.215581 -12.897074 2.566348 4.873839 -4.409377
Car 323 -9.604939 -6.275242 2.169006 4.704703 -88.328056
Car 324 4.287654 -18.069463 2.431282 4.901389 -0.351874
Car 325 -2.678292 -21.798687 2.428368 4.844387 178.840248
Car 315 -2.798475 17.924092 2.499398 4.938650 -0.617593
Car 326 4.445439 -23.441055 2.579207 5.030037 0.643679
Car 328 -2.413114 -29.720022 2.248886 4.281652 -3.333857
