Car 44 0.029118 12.136864 2.484940 4.894949 1.773027
Car 227 -11.469730 -5.285077 2.520158 4.875969 -88.254103
Car 228 -10.472257 -9.170847 2.364129 4.745641 -177.287393
Car 230 -13.020858 -8.930519 2.507865 4.752691 -179.959416
Car 233 -15.411960 -8.743654 2.188943 4.416155 179.598603
Car 229 -18.205578 -8.314742 2.609746 5.527851 -176.338819
Car 231 -20.773422 -7.691623 2.705446 5.461498 -175.101379
Car 232 -25.638241 -7.952718 2.542957 5.375406 -171.071460
Car 234 -23.081718 -7.588973 2.293837 4.368731 8.600719
Car 226 -0.836250 -25.330255 3.226672 6.720448 2.478153
Car 235 -27.945973 -7.181415 2.240086 5.082344 -164.386179
