Car 773 -3.041768 3.267729 2.516578 5.146691 -2.197068
Car 772 -2.996546 8.768352 2.586465 5.416937 -178.127628
Car 771 -2.925063 15.445915 2.348656 4.807058 0.121400
Car 774 -2.910139 -16.963715 2.392073 4.989091 -0.991803
Car 770 -2.899020 23.073163 2.798662 5.942355 -0.754831
Car 775 12.380177 -4.296608 2.644666 5.004611 -85.194868
Car 776 11.809654 0.914182 2.285284 4.080713 -86.655817
Car 777 4.604707 -12.714526 2.195639 3.904469 179.996313
Car 778 4.322930 -18.079092 2.306850 4.496094 -177.104676
Car 779 18.025495 0.248659 2.513533 4.984899 -84.230139
Car 780 4.066542 -24.108717 2.346829 4.737245 0.117796
Car 781 4.170774 -29.281285 2.460852 4.691826 2.052686
Car 783 -3.054976 -27.557645 2.391253 5.053458 -0.782464
