Car 2 -0.774440 11.615898 2.906382 5.849356 -1.155655
Car 10 13.895844 11.776145 2.589331 5.392134 179.697917
Car 3 13.419898 6.681387 2.623568 5.374746 -175.155553
Car 4 13.558423 2.074314 2.623636 5.173045 -177.830455
Car 5 13.117525 -4.942296 2.934462 6.829767 -174.513094
Car 6 12.398652 -12.091438 2.826072 5.947627 3.927586
Car 7 11.889478 -18.527159 2.644685 5.670566 5.340465
Car 21 3.488052 -13.595593 2.572838 4.941534 -1.661633
Car 11 13.276940 27.029998 2.325997 4.612012 -176.693181
Car 8 11.055336 -26.975662 2.926247 5.943830 -176.114042
