Car 546 0.206520 -7.524186 2.702487 5.132290 1.399932
Car 549 -8.219497 -3.814410 2.305356 4.757945 82.816909
Car 558 -2.161305 -9.095701 2.723822 5.456314 -1.560207
Car 559 -0.024875 11.218314 2.569796 5.038259 1.702233
Car 561 3.619677 -18.474874 2.650225 4.999799 179.654608
Car 547 -2.468652 -15.288819 2.475778 4.667500 10.008432
Car 550 -10.798868 -27.954534 3.067537 7.478715 60.074728
Car 552 -10.934515 -23.333436 2.499677 5.239921 73.506911
Car 551 -0.135167 -14.324220 2.369010 4.933984 10.442281
Car 560 0.228950 18.685037 2.661195 5.439123 2.584998
Car 554 -1.557000 -19.660657 2.266345 4.486932 28.587147
