Car 289 -2.364466 28.236138 2.545030 4.926900 6.022878
Car 290 -2.836313 22.354059 2.715440 5.472997 3.202940
Car 292 5.086345 27.879402 2.572315 5.104374 1.350320
Car 293 -2.875014 15.496106 2.575737 5.621989 2.548988
Car 294 4.549520 22.640644 2.429819 4.757367 0.380991
Car 301 -2.971322 -8.004871 2.392000 4.381714 -3.117522
Car 304 3.930742 -5.051936 2.587284 4.909506 -2.030902
Car 305 4.225281 -11.358976 2.550386 4.811516 0.026412
Car 306 4.393495 -21.651389 2.552733 4.930009 0.026372
Car 302 23.143160 20.033702 2.192753 4.242172 -84.731894
Car 303 23.165722 22.709212 2.212003 4.089237 -77.360618
Car 307 4.401869 -16.577925 2.265454 4.114002 3.026398
Car 308 4.311877 -26.678318 2.643240 5.205126 0.854057
Car 310 -2.668553 -29.340222 2.591118 5.279086 177.740927
Car 311 -9.308786 -21.908432 2.299198 4.405205 88.163727
Car 299 13.648826 21.112099 2.208763 4.119466 -77.152815
