Car 1175 -14.712229 -7.695847 2.594937 5.801307 -67.481505
Car 1174 2.686428 29.777704 2.187572 4.369842 -69.211942
Car 1177 24.514447 -0.242983 2.545334 5.010847 112.064870
Car 1191 18.852875 19.957340 2.601865 5.596367 -158.032969
Car 1178 23.123529 -5.279461 2.556123 4.869412 112.655282
Car 1179 26.125362 4.945686 2.555143 5.072568 110.432863
Car 1167 -21.939036 25.679731 3.028129 5.707796 -59.629263
Car 1193 -23.157790 -17.821608 2.407565 5.254451 24.067463
Car 1192 4.518859 -18.481114 2.372939 4.744095 -161.469725
Car 1188 29.608353 12.924092 2.509024 4.539562 -70.791173
Car 1180 25.450802 2.176665 2.516540 4.993729 112.014947
Car 1181 21.727836 -7.616434 2.502303 4.985540 112.559564
Car 1182 19.720886 -12.980072 2.555143 5.024028 -76.951087
Car 1166 -15.647394 21.835509 2.455938 4.702832 -58.636551
Car 1187 27.507007 8.699251 2.554735 4.649230 107.878143
Car 1173 -14.395520 1.734766 2.516088 5.096764 -158.305280
Car 1194 -21.032097 -21.900252 2.520220 4.926571 110.220646
Car 1195 13.967787 -27.221537 2.303134 4.721831 -61.170078
