Car 1202 -0.622710 7.776461 2.699050 5.191700 -38.163617
Car 1283 -15.662112 -10.011572 2.368898 4.804879 65.312299
Car 1284 -12.648985 -16.119567 2.406069 5.007592 63.558057
Car 1290 -22.627674 -21.106619 2.740101 5.643675 64.604436
Car 1291 -20.506485 -12.171601 2.335356 4.440528 66.803806
Car 1292 -24.900477 -14.474144 2.413698 4.723988 66.152236
Car 1275 3.316349 27.680075 2.456694 5.079724 -117.642908
Car 1278 10.574157 18.965812 2.320210 4.897208 91.611284
Car 1279 14.109194 15.011152 2.435852 5.075653 88.071474
Car 1285 19.870990 6.193291 2.381735 4.344452 80.206372
Car 1287 27.276252 -1.903866 2.593809 4.815375 79.083959
Car 1288 29.328584 -3.995156 2.335925 4.892095 -101.756283
