Car 576 4.713996 18.426592 2.705789 5.520750 176.940242
Car 584 6.526188 -2.565549 2.633292 4.906806 178.320625
Car 577 24.274081 2.788648 2.292768 4.552424 87.040577
Car 578 25.483923 5.809278 2.498893 5.014466 94.413937
Car 585 3.898247 -23.020835 2.513845 5.000506 178.594617
Car 579 15.248052 8.537400 2.438951 4.779554 -80.714899
Car 580 15.442933 11.168219 2.373443 4.518793 -80.292570
Car 581 16.184671 -2.832871 2.376857 5.006941 128.507060
Car 582 16.494428 -7.968715 2.785747 5.573591 122.777077
Car 583 25.782549 12.029783 2.408414 4.769906 -101.360295
Car 588 -23.487263 -17.049776 2.508349 5.019377 100.344059
