Car 2 -0.782156 11.614552 2.906382 5.849356 -1.190048
Car 10 13.888494 11.782972 2.589331 5.392134 179.663528
Car 3 13.415571 6.687934 2.623568 5.374746 -175.189940
Car 4 13.556730 2.081023 2.623636 5.173045 -177.864842
Car 5 13.119819 -4.935704 2.934462 6.829767 -174.547478
Car 6 12.405173 -12.085259 2.826072 5.947627 3.893202
Car 7 11.900101 -18.521509 2.644685 5.670566 5.306082
Car 8 10.980098 -27.209550 2.926247 5.943830 -179.716240
Car 16 2.357292 18.977377 2.847877 5.625341 -5.218221
Car 11 13.265613 27.038955 2.325997 4.612012 -176.724767
Car 12 -2.666513 21.200683 3.504505 8.833812 -6.020122
