Car 546 0.206612 -7.524045 2.702487 5.132290 1.400108
Car 549 -8.219397 -3.814243 2.305356 4.757945 82.817085
Car 558 -2.161217 -9.095551 2.723822 5.456314 -1.560032
Car 559 -0.020156 13.732746 2.569796 5.038259 1.702408
Car 547 -2.468267 -15.289557 2.475778 4.667500 10.007249
Car 550 -10.798220 -27.955463 3.067537 7.478715 60.073547
Car 552 -10.933963 -23.334376 2.499677 5.239921 73.505729
Car 551 -0.134801 -14.324909 2.369010 4.933984 10.441099
Car 560 0.210797 22.611891 2.661195 5.439123 0.277371
Car 554 -1.556523 -19.661381 2.266345 4.486932 28.585965
