Car 1298 4.111587 25.359505 2.740110 5.800786 1.945843
Car 1309 -2.770931 25.009375 2.438327 5.083933 2.127606
Car 1311 -3.530863 11.277268 2.435854 4.972899 1.776082
Car 1312 -3.723148 6.064033 2.500008 4.657291 -177.751571
Car 1313 -4.347850 -6.951498 2.554457 5.419360 0.751764
Car 1314 2.743664 -11.710626 2.537583 5.311616 3.210718
Car 1316 16.822356 14.095982 2.518653 5.132698 -88.729259
Car 1317 -10.179850 -0.917715 2.351419 4.839364 90.892615
Car 1321 -4.943061 -22.455260 2.545098 5.032806 1.302415
Car 1319 -10.348973 1.590190 2.285324 4.509228 -87.279045
Car 1322 2.535243 -16.791713 2.520821 5.047737 4.497072
Car 1323 -4.668499 -12.024633 2.539594 4.925910 -0.515291
Car 1324 2.286430 -21.751406 2.426169 4.352884 11.405967
Car 1325 -5.235680 -27.266399 2.488490 4.498556 2.549712
Car 1327 1.978447 -27.084310 2.563966 5.603610 4.429903
Car 1315 16.546137 7.705812 2.517450 4.761750 -89.400778
