Car 430 3.836718 13.434407 2.655086 5.246916 177.174553
Car 431 4.222462 -0.601526 2.626723 5.191393 177.942596
Car 432 -3.111064 2.765620 2.514329 5.041837 -1.528742
Car 433 3.611064 -6.660373 2.626571 5.243298 1.041579
Car 434 4.591473 -13.840637 2.554152 4.933398 178.183961
Car 435 4.756026 -19.348859 2.603216 5.193611 178.958806
Car 436 4.734901 -24.936600 2.444768 4.705286 178.101689
Car 426 3.210252 24.786080 2.322121 4.839994 177.982111
Car 427 3.604812 19.148639 2.525322 5.017267 173.232278
Car 429 -9.210779 29.330634 2.292355 4.662374 87.117187
