Car 609 -3.326817 16.454885 2.370879 5.055512 1.553680
Car 610 3.388728 19.786737 2.423712 4.632498 -179.091645
Car 611 -3.297340 8.174246 2.601082 5.583330 -1.372695
Car 613 -3.305871 2.672471 2.465520 5.090675 -1.319185
Car 615 16.557896 6.621765 2.458834 4.620300 -92.147662
Car 616 17.008740 0.172886 2.436079 4.757336 -90.450655
Car 618 -9.032869 -9.835687 2.293181 4.329943 88.714420
Car 619 -9.855514 -7.374766 2.624441 5.241429 -88.683455
Car 620 -3.009036 -14.658923 2.401424 5.014886 -178.629608
Car 621 -3.033512 -20.180105 2.400025 4.838015 179.255393
Car 622 4.220493 -19.842449 2.423621 5.021136 0.630544
Car 606 3.861847 27.837501 2.512605 5.125231 0.500504
Car 607 -3.519943 28.138719 2.416424 4.721798 -1.520602
Car 608 -3.409469 22.464315 2.360221 5.119146 -1.806482
Car 617 22.323184 0.327305 2.399816 5.040518 -92.965413
Car 585 -0.258100 27.252980 2.513845 5.000506 0.165656
Car 614 -3.211822 -2.532050 2.465793 4.751741 179.759486
Car 624 4.270149 -25.213928 2.393452 4.723734 1.163758
Car 628 -8.392634 -26.311615 2.262303 4.210553 82.955093
