Car 546 0.206605 -7.524104 2.702487 5.132290 1.400154
Car 549 -8.219399 -3.814289 2.305356 4.757945 82.817131
Car 558 -2.160657 -9.115737 2.723822 5.456314 -1.559986
Car 559 -0.153436 9.111691 2.569796 5.038259 1.702454
Car 547 -2.787886 -16.178525 2.475778 4.667500 12.391472
Car 548 -6.907740 -21.538094 2.494128 5.023186 49.460663
Car 550 -10.800544 -27.952916 3.067537 7.478715 60.077748
Car 552 -15.092263 -23.610531 2.499677 5.239921 90.059905
Car 551 -0.136016 -14.323201 2.369010 4.933984 10.445304
Car 560 0.188508 17.771424 2.661195 5.439123 2.588020
Car 554 -1.689485 -19.760120 2.266345 4.486932 28.590169
