Car 355 -0.910694 -11.243128 2.561116 4.803128 -1.906078
Car 356 0.254332 7.320539 3.155101 7.001118 -1.832003
Car 368 -4.067331 14.520401 2.446748 4.936346 0.253581
Car 369 4.476287 12.257749 2.414196 4.727995 -91.159970
Car 373 5.279549 9.821135 2.258351 4.273423 -93.737581
Car 374 5.693653 7.454850 2.410547 4.762323 -91.563512
Car 375 5.640443 4.815809 2.360978 4.278431 -87.076116
Car 376 5.332406 2.469492 2.593828 5.167003 90.542246
Car 377 5.626573 0.327181 2.203975 4.232805 -92.619310
Car 378 4.971522 -1.934766 2.485824 4.901630 93.501152
Car 380 5.204746 -4.278710 2.463206 5.228150 88.852728
Car 381 5.847239 -7.056069 2.337296 4.931138 89.022156
Car 382 6.279738 -12.853128 2.688688 5.276532 89.403401
Car 383 6.318370 -15.590595 2.642896 5.168802 -88.129850
Car 384 6.483127 -9.651742 2.314202 5.306313 -90.173218
Car 379 14.347260 9.759844 2.421225 4.950727 173.425594
Car 385 6.648055 -18.163321 2.434097 5.129521 -86.314230
Car 386 16.481533 -10.687880 2.737829 5.799408 171.093344
Car 371 4.660343 19.092133 2.443164 4.928734 -89.906536
