Car 2 -0.782318 11.614741 2.906382 5.849356 -1.190910
Car 10 13.888392 11.783495 2.589331 5.392134 179.662666
Car 3 13.415543 6.688450 2.623568 5.374746 -175.190803
Car 4 13.556767 2.081540 2.623636 5.173045 -177.865705
Car 5 13.119952 -4.935197 2.934462 6.829767 -174.548341
Car 6 12.405411 -12.084762 2.826072 5.947627 3.892339
Car 7 11.900448 -18.521015 2.644685 5.670566 5.305220
Car 8 10.980637 -27.208898 2.926247 5.943830 -179.717102
Car 11 13.264500 27.037819 2.325997 4.612012 -176.725442
Car 12 -2.667462 21.199576 3.504505 8.833812 -6.020797
