Car 895 12.945141 -7.527893 2.455711 4.712242 85.890347
Car 896 13.566588 -9.984126 2.472778 4.802144 90.930860
Car 891 -23.119400 13.092746 2.162719 4.227080 -96.317964
Car 902 23.020016 -4.481458 2.363587 4.648732 -102.637433
Car 889 -8.394679 30.602323 2.635980 5.097562 85.402050
Car 892 -14.390258 25.808120 2.247493 4.472108 176.015027
Car 893 -16.655171 25.504432 2.212479 4.464109 -6.398612
Car 897 25.210127 -9.424276 2.272665 4.360845 -105.845354
Car 899 14.184820 -24.841853 2.485182 5.139204 -94.961025
Car 901 28.001561 -21.445348 2.363469 4.617009 -101.829562
