Car 355 -0.313161 -15.071086 2.561116 4.803128 -3.567269
Car 356 4.504391 8.934293 3.155101 7.001118 94.499072
Car 358 4.717140 3.581917 2.583945 5.383743 -92.054562
Car 360 4.871568 -1.556239 2.432621 5.289113 -87.958221
Car 361 5.159704 0.959854 2.224324 4.295091 -88.606420
Car 362 5.067608 -3.935498 2.313968 4.295129 -92.826092
Car 363 5.250285 -6.266538 2.338602 4.942848 -88.222055
Car 364 5.295491 -8.637803 2.357258 4.920373 -87.691081
Car 366 5.267607 -11.171378 2.378304 4.829287 -84.082375
Car 367 5.590703 -13.614285 2.368837 4.546709 -91.921090
Car 365 5.153697 -15.858352 2.534250 4.794490 -91.157377
Car 368 -2.965548 -22.777530 2.446748 4.936346 -0.709291
Car 369 5.520673 -24.840337 2.414196 4.727995 -93.756558
Car 370 5.479860 -20.663131 2.362458 4.602458 -89.879700
