Car 2 -0.781839 11.614811 2.906382 5.849356 -1.188428
Car 10 13.888730 11.783053 2.589331 5.392134 179.665145
Car 3 13.415666 6.688029 2.623568 5.374746 -175.188325
Car 4 13.556745 2.081089 2.623636 5.173045 -177.863227
Car 5 13.119699 -4.935661 2.934462 6.829767 -174.545865
Car 6 12.404874 -12.085204 2.826072 5.947627 3.894814
Car 7 11.899556 -18.521388 2.644685 5.670566 5.307695
Car 21 3.455427 -11.554856 2.572838 4.941534 -1.694430
Car 11 13.261186 27.036546 2.325997 4.612012 -176.725935
Car 8 11.070038 -26.970220 2.926247 5.943830 -176.146779
