Car 398 4.936744 24.939252 2.461406 4.533678 88.109912
Car 399 -3.578968 22.527593 2.511274 5.177445 -2.436964
Car 400 5.251311 22.513497 2.472722 4.479739 87.818494
Car 401 5.394514 20.041066 2.495547 4.971532 87.450851
Car 402 4.908907 17.683481 2.445639 4.564324 88.935412
Car 404 5.199494 15.459533 2.400478 4.273474 -89.233993
Car 405 5.081191 13.002599 2.652175 4.950517 93.063742
Car 407 5.529698 10.584534 2.466998 4.641460 91.657752
Car 408 5.129030 8.269151 2.488110 4.889539 89.353761
Car 409 5.217302 5.835039 2.431686 4.932890 92.677824
Car 410 5.021464 3.385622 2.357493 5.092914 92.784841
Car 411 5.085746 0.946377 2.316628 4.910659 93.004567
Car 412 4.887819 -1.360635 2.363329 4.833912 92.914541
Car 413 8.789213 -17.007641 3.238519 7.301345 -166.357006
Car 414 5.172494 -3.751150 2.544475 4.924147 98.188136
Car 415 5.242251 -6.251185 2.431812 4.436301 94.813351
Car 416 5.505306 -9.003648 2.725955 5.194973 92.517717
Car 417 -3.590782 -13.617625 2.430096 4.794458 3.906231
Car 396 5.090146 29.695855 2.452165 4.857709 -86.102604
Car 397 4.833292 27.463722 2.449816 4.496148 92.804130
Car 418 10.622729 2.421925 2.295910 4.602385 179.829970
