Car 430 3.221975 17.599938 2.655086 5.246916 174.598378
Car 431 4.238308 3.547632 2.626723 5.191393 175.367214
Car 432 -3.235273 6.522228 2.514329 5.041837 -4.104106
Car 433 4.018301 -2.853909 2.626571 5.243298 -6.607125
Car 434 5.196970 -9.614368 2.554152 4.933398 175.609128
Car 435 5.605203 -15.099951 2.603216 5.193611 176.384620
Car 436 5.832224 -20.604447 2.444768 4.705286 175.526805
Car 437 6.131934 -26.403065 2.613283 5.853174 -6.691187
Car 426 2.083208 28.947655 2.322121 4.839994 175.402338
Car 427 2.723559 23.332971 2.525322 5.017267 170.647631
