Car 814 -0.932200 14.282241 2.765413 5.281266 -4.272001
Car 795 -1.448570 -20.174787 2.480460 4.912614 6.912195
Car 858 3.267552 3.657727 2.519526 4.961969 -179.317835
Car 849 -7.279443 6.073397 2.507521 4.982797 -107.587457
Car 850 -8.040058 8.546470 2.391802 4.854679 69.291800
Car 844 -9.379103 10.927303 2.689840 5.268191 -118.212915
Car 857 5.117493 24.111177 2.561445 5.311653 -155.397230
Car 856 -0.969217 25.826461 2.532380 5.089389 15.328175
Car 842 -2.799111 -29.165815 2.581775 5.171088 7.162369
Car 848 -13.558336 17.426803 2.393400 4.817498 -135.998272
Car 851 -6.884064 3.010315 2.519862 5.016331 -91.298339
