Car 1202 -1.321564 11.143556 2.699050 5.191700 -14.166399
Car 1281 21.575566 25.412287 2.501256 5.257153 -110.408776
Car 1283 -19.596180 -8.215642 2.368898 4.804879 -90.259653
Car 1284 -19.109318 -15.135688 2.406069 5.007592 85.609647
Car 1275 12.140337 19.392021 2.456694 5.079724 -95.612405
Car 1278 15.628661 8.545447 2.320210 4.897208 113.634970
Car 1279 17.327550 3.605533 2.435852 5.075653 108.824732
Car 1280 17.961832 0.308051 2.563817 4.813769 111.482303
Car 1282 11.708732 22.072864 2.462162 5.026018 -95.650240
Car 1285 19.421545 -6.811943 2.381735 4.344452 102.258580
Car 1286 23.095130 -14.469042 2.499209 5.127977 101.929887
Car 1287 23.243729 -17.096023 2.593809 4.815375 101.135679
Car 1288 24.359412 -19.804588 2.335925 4.892095 -79.705162
