Car 639 -0.259458 23.142567 2.443784 4.906412 164.144022
Car 640 -4.976972 15.027504 2.368496 4.947482 164.660486
Car 641 1.944422 16.743940 2.225573 4.149933 -17.911587
Car 652 -16.646926 -11.654373 2.372153 4.914585 78.526405
Car 647 -1.580956 12.332426 2.466797 4.852192 -11.462733
Car 653 8.265184 -6.388657 2.570778 5.734013 78.495985
Car 645 -2.506123 -23.468027 2.580505 5.134879 -98.049056
Car 646 -9.969895 -23.885549 2.459569 5.079300 -95.146070
Car 649 -19.493555 -24.784890 2.475636 4.785736 -96.173428
Car 648 -15.195565 -24.280988 2.366348 4.922649 -94.732247
