Car 355 4.986501 -8.693257 2.561116 4.803128 -25.500460
Car 356 1.061396 5.756940 3.155101 7.001118 74.346634
Car 382 12.275422 5.799727 2.688688 5.276532 136.162526
Car 383 10.276870 4.113883 2.642896 5.168802 -41.294314
Car 385 8.139150 2.198124 2.434097 5.129521 -38.394474
Car 387 -19.346730 -6.838694 2.436076 4.686705 -39.742001
Car 388 -9.259380 -27.455489 2.927126 5.385648 -132.016121
Car 386 20.313031 -0.784559 2.737829 5.799408 -135.669082
Car 389 -20.849227 -9.399599 2.355127 4.745786 -46.441586
Car 390 -4.412679 -22.682353 2.254135 4.710161 -130.615731
Car 384 14.889686 7.357575 2.314202 5.306313 -40.797859
Car 381 16.437183 9.389086 2.337296 4.931138 139.089651
Car 380 18.260747 11.487754 2.463206 5.228150 138.224190
Car 378 20.101380 13.208896 2.485824 4.901630 142.560070
