Car 2 -0.782171 11.614804 2.906382 5.849356 -1.190872
Car 10 13.888560 11.783553 2.589331 5.392134 179.662704
Car 3 13.415705 6.688508 2.623568 5.374746 -175.190765
Car 4 13.556923 2.081597 2.623636 5.173045 -177.865666
Car 5 13.120042 -4.935244 2.934462 6.829767 -174.548331
Car 6 12.405447 -12.084921 2.826072 5.947627 3.892318
Car 7 11.900445 -18.521274 2.644685 5.670566 5.305173
Car 8 10.980566 -27.209349 2.926247 5.943830 -179.717175
Car 11 13.264680 27.037876 2.325997 4.612012 -176.725404
Car 12 -2.667322 21.199635 3.504505 8.833812 -6.020759
