Car 1077 -5.302985 24.969933 2.598977 4.930140 -6.746861
Car 1080 6.929967 17.309038 2.367364 4.863065 174.668980
Car 1081 -4.419127 17.692208 2.182583 5.024719 -7.264046
Car 1082 -4.061833 13.170825 2.244938 4.315730 -5.667375
Car 1083 -3.555972 7.983280 2.263315 4.042265 175.218576
Car 1085 -3.188540 1.686700 2.384425 4.532631 -5.818045
Car 1086 8.165218 1.732245 2.521374 5.336999 175.376222
Car 1087 3.315310 20.391190 2.586021 4.788955 174.196055
Car 1089 4.853350 0.557489 2.391943 4.521024 174.972807
Car 1088 -5.381793 -23.377829 2.751545 5.987820 -81.084321
Car 1075 5.890663 28.859578 2.528548 5.358964 174.176559
Car 1079 6.194231 22.985007 2.367804 4.436907 173.778861
Car 1090 6.757487 -18.121436 2.549979 4.846891 174.844323
