Car 321 -2.546142 26.104773 2.488370 4.602139 -177.606545
Car 322 4.611576 23.328979 2.566348 4.873839 -0.199804
Car 324 4.456982 18.066493 2.431282 4.901389 0.542847
Car 325 -2.757065 14.364613 2.428368 4.844387 -176.601505
Car 326 4.261351 12.558200 2.579207 5.030037 1.922136
Car 327 4.137191 5.552319 2.760518 5.731702 179.882691
Car 328 -2.952459 7.039971 2.248886 4.281652 -1.322333
Car 329 -3.166199 -2.440964 2.753244 5.559905 -179.717610
Car 330 -3.304950 -8.025573 2.862534 5.616306 -1.302941
Car 331 -10.154520 1.778973 2.314500 4.117842 87.485935
