Car 1283 -3.636869 10.950279 2.368898 4.804879 2.223237
Car 1284 3.243854 10.495829 2.406069 5.007592 -2.339519
Car 1290 3.570707 -0.283012 2.740101 5.643675 -1.489971
Car 1291 -3.651829 5.482588 2.335356 4.440528 1.896119
Car 1292 -3.416963 0.245724 2.413698 4.723988 0.877635
Car 1293 -3.630288 -5.082995 2.558149 5.411021 -179.568542
Car 1294 3.626703 -5.431392 2.337007 4.395079 3.658485
Car 1295 3.526082 -9.749893 2.378538 4.673774 1.539832
Car 1296 3.756084 -15.807855 2.563560 5.138226 0.742541
Car 1297 -3.637961 -15.850891 2.413169 4.900146 -1.729765
Car 1298 3.315655 -26.621737 2.740110 5.800786 3.139511
Car 1308 -3.575620 -21.204813 2.467625 5.218305 -1.603691
Car 1309 -3.462184 -26.858204 2.438327 5.083933 -0.128048
Car 1305 13.738312 8.049644 2.286801 4.361678 2.713724
Car 1306 16.528337 8.268886 2.279226 4.382857 1.501567
Car 1307 19.279701 8.573505 2.343634 4.485164 1.581672
Car 1304 10.889526 8.427454 2.146785 4.099147 3.473889
