Car 2 -0.782098 11.614921 2.906382 5.849356 -1.190068
Car 10 13.888542 11.783379 2.589331 5.392134 179.663508
Car 3 13.415621 6.688339 2.623568 5.374746 -175.189960
Car 4 13.556782 2.081425 2.623636 5.173045 -177.864862
Car 5 13.119877 -4.935313 2.934462 6.829767 -174.547498
Car 6 12.405233 -12.084869 2.826072 5.947627 3.893182
Car 7 11.900161 -18.521102 2.644685 5.670566 5.306062
Car 8 10.980162 -27.209143 2.926247 5.943830 -179.716260
Car 11 13.265648 27.039363 2.325997 4.612012 -176.724787
Car 12 -2.666458 21.201027 3.504505 8.833812 -6.020142
