Car 355 -5.942041 2.696935 2.561116 4.803128 68.945245
Car 356 20.918602 16.147284 3.155101 7.001118 -118.876932
Car 385 5.082715 -1.559253 2.434097 5.129521 56.987046
Car 386 1.150016 -13.277218 2.737829 5.799408 -39.561685
Car 383 6.981078 -3.648326 2.642896 5.168802 60.286141
Car 382 8.501115 -5.532021 2.688688 5.276532 -118.403244
Car 391 9.820307 -8.670655 2.325108 4.924018 63.046243
Car 392 11.515960 -10.356482 2.186642 4.464555 -115.378624
Car 390 -18.127536 13.520918 2.254135 4.710161 -34.830691
Car 387 -0.661853 27.028412 2.436076 4.686705 57.693735
Car 388 -22.672686 19.403025 2.927126 5.385648 -36.485725
Car 389 -3.029980 28.786772 2.355127 4.745786 49.707439
Car 394 14.526466 -14.609679 2.356834 4.358713 -116.282558
Car 395 15.558087 -16.717171 2.232809 4.413702 64.941071
Car 396 16.556546 -18.624758 2.452165 4.857709 -114.964700
Car 393 13.306281 -12.639796 2.321202 4.535959 -121.461722
