Car 355 6.151960 -5.967234 2.561116 4.803128 -75.874830
Car 356 2.215808 6.038132 3.155101 7.001118 18.285299
Car 382 8.444787 8.098837 2.688688 5.276532 101.586573
Car 383 7.718184 5.497652 2.642896 5.168802 -76.704432
Car 384 9.700615 10.752380 2.314202 5.306313 -75.576672
Car 385 7.169282 2.760719 2.434097 5.129521 -72.520462
Car 387 -10.428504 -20.273561 2.436076 4.686705 -73.973377
Car 381 9.812681 13.305628 2.337296 4.931138 104.310876
Car 386 18.769668 7.206455 2.737829 5.799408 -171.938790
Car 389 -10.159274 -23.306005 2.355127 4.745786 -81.220705
Car 390 10.849604 -24.747129 2.254135 4.710161 -165.395891
Car 378 10.668495 18.573057 2.485824 4.901630 107.782128
