Car 1061 -2.835073 17.520762 2.484346 5.093800 4.563274
Car 1067 11.289703 28.874461 2.499580 4.923102 -155.184717
Car 1069 8.496207 17.968088 2.351158 4.390927 -174.906915
Car 1072 7.288620 6.508138 2.605648 5.750301 -177.490408
Car 1070 -3.701964 -11.783492 2.573942 4.946841 0.602290
Car 1074 5.337728 -17.990667 2.507904 4.863964 -174.002691
Car 1073 -3.833481 -16.530418 2.574730 4.955986 2.229246
Car 1066 -3.197036 -0.406200 2.648395 5.451577 3.560020
Car 1065 -3.256726 6.298685 2.446431 4.834397 2.083756
Car 1076 -3.917690 -23.981961 2.534311 5.977802 -178.101347
