Car 1152 -3.489509 26.115645 2.534129 5.435360 -0.200621
Car 1153 -3.529609 19.263036 2.426204 4.709211 -1.785992
Car 1154 4.091199 20.868947 2.476428 4.653723 0.102747
Car 1155 -3.408086 13.305792 2.490378 4.887186 -179.468956
Car 1156 4.108390 15.045069 2.593385 5.144399 177.520780
Car 1157 -3.457626 7.698391 2.284094 4.306632 0.453571
Car 1158 -3.403841 2.646021 2.354059 4.722298 0.153247
Car 1159 3.927227 -3.121988 2.456841 4.781479 179.285079
Car 1160 -3.186596 -7.451985 2.403375 5.271937 179.182995
Car 1161 3.985885 -8.354922 2.508027 4.868843 178.540074
Car 1162 3.934352 -13.052333 2.377658 4.524916 -179.102399
