Car 546 0.206651 -7.523999 2.702487 5.132290 1.400019
Car 549 -8.219370 -3.814202 2.305356 4.757945 82.816996
Car 558 -2.161179 -9.095507 2.723822 5.456314 -1.560121
Car 559 -0.029151 12.927484 2.569796 5.038259 1.702319
Car 547 -2.468218 -15.289513 2.475778 4.667500 10.007160
Car 550 -10.798159 -27.955427 3.067537 7.478715 60.073458
Car 552 -10.933912 -23.334339 2.499677 5.239921 73.505640
Car 551 -0.134753 -14.324862 2.369010 4.933984 10.441010
Car 560 0.206354 21.695575 2.661195 5.439123 0.277282
Car 554 -1.556470 -19.661335 2.266345 4.486932 28.585876
