Car 44 -0.027135 11.881597 2.484940 4.894949 -0.326236
Car 101 0.077893 -18.487149 2.658356 4.807008 1.486303
Car 104 11.227207 3.669345 2.236689 4.436917 -3.073033
Car 114 3.025772 5.137054 2.434856 4.905654 178.471126
Car 113 -2.867707 -25.925432 2.574141 5.266266 2.193964
Car 115 3.203398 -29.688777 2.478260 4.597892 -178.851456
Car 105 14.526086 4.458342 2.442396 4.547087 178.976453
Car 106 17.617368 11.131497 2.635427 5.208626 -89.052288
Car 116 -12.979100 -15.930209 2.310642 4.058419 7.946809
Car 117 -10.423419 -16.745571 2.222023 4.110525 8.344599
Car 118 -15.660213 -15.701298 2.155395 3.890612 -168.901715
Car 121 -11.625958 -8.652756 2.143731 4.244424 -42.468626
