Car 606 3.760549 20.556037 2.512605 5.125231 0.298228
Car 607 -3.692899 20.671633 2.416424 4.721798 -1.723022
Car 608 -3.522096 15.157875 2.360221 5.119146 -2.008895
Car 609 -3.375650 9.351187 2.370879 5.055512 -1.103139
Car 610 3.300224 12.596374 2.423712 4.632498 -179.000655
Car 611 -3.322270 1.059142 2.601082 5.583330 -1.280294
Car 613 -3.370747 -4.619323 2.465520 5.090675 -1.225670
Car 614 -3.182170 -9.748414 2.465793 4.751741 -179.725656
Car 615 16.493932 -0.510706 2.458834 4.620300 -92.052254
Car 616 16.941089 -6.965245 2.436079 4.757336 -90.354730
Car 617 22.287487 -6.858035 2.399816 5.040518 -93.157317
Car 585 -0.319881 25.089150 2.513845 5.000506 0.842254
Car 605 3.449302 26.740412 2.263204 4.670924 1.646555
Car 620 -2.978402 -21.816347 2.401424 5.014886 -178.825884
Car 621 -2.998219 -27.524161 2.400025 4.838015 179.059641
Car 622 4.263625 -26.999479 2.423621 5.021136 0.430136
Car 618 -9.030600 -17.007628 2.293181 4.329943 88.513366
Car 619 -9.846537 -14.592613 2.624441 5.241429 -88.883991
