Car 1290 3.733448 26.568948 2.740101 5.643675 178.430395
Car 1293 -3.492980 21.514574 2.558149 5.411021 178.747576
Car 1294 3.759364 20.979216 2.337007 4.395079 0.517782
Car 1295 3.676446 16.644491 2.378538 4.673774 1.141711
Car 1296 3.904773 10.679775 2.563560 5.138226 -0.936950
Car 1297 -3.431956 10.723956 2.413169 4.900146 -1.818924
Car 1298 3.652613 0.112374 2.740110 5.800786 -0.037113
Car 1308 -3.293052 5.311551 2.467625 5.218305 -1.201592
Car 1309 -3.271859 -0.419528 2.438327 5.083933 0.273990
Car 1311 -3.241311 -14.406040 2.435854 4.972899 -1.792539
Car 1292 -3.303411 26.740078 2.413698 4.723988 0.732493
Car 1312 -3.100557 -19.728553 2.500008 4.657291 179.264862
Car 1315 16.992872 -17.048868 2.517450 4.761750 -91.386668
Car 1316 16.877260 -10.551892 2.518653 5.132698 -90.715164
Car 1317 -9.233070 -27.027305 2.351419 4.839364 88.419929
