Car 44 0.271705 13.918841 2.484940 4.894949 3.992444
Car 141 19.882275 21.567544 2.959883 7.845195 -90.245416
Car 175 3.422980 11.932924 2.752832 5.571471 -170.034913
Car 178 3.154034 4.302672 2.374719 4.743531 179.497191
Car 179 3.213223 -1.359349 2.431678 4.168643 -178.281558
Car 181 2.452415 -18.390117 2.797485 5.701709 -175.594750
Car 185 5.971643 10.743118 2.732169 5.760023 -176.433163
Car 180 2.786797 -11.381291 2.938258 6.503689 -177.752205
Car 177 11.364329 18.943163 2.479946 5.256964 -129.033225
Car 182 11.394477 1.148687 2.461258 4.541911 -94.917295
Car 186 1.554011 -26.770241 2.620011 4.833693 -176.191355
