Car 2 -0.782300 11.614825 2.906382 5.849356 -1.190944
Car 10 13.888383 11.783510 2.589331 5.392134 179.662631
Car 3 13.417606 6.713061 2.623568 5.374746 -175.190837
Car 4 13.556764 2.081554 2.623636 5.173045 -177.865739
Car 5 13.119952 -4.935183 2.934462 6.829767 -174.548375
Car 6 12.405415 -12.084749 2.826072 5.947627 3.892305
Car 7 11.900457 -18.521002 2.644685 5.670566 5.305185
Car 8 10.980782 -27.208528 2.926247 5.943830 -179.717137
Car 19 3.792514 -25.454551 2.955814 5.703587 0.002952
Car 11 13.263428 27.036046 2.325997 4.612012 -176.724522
Car 12 -2.668731 21.198254 3.504505 8.833812 -6.019877
