Car 786 -3.081023 3.882343 2.405356 4.787526 0.134318
Car 784 -3.158873 11.521402 2.545813 5.355492 179.760535
Car 782 -3.204321 16.293086 2.355980 4.477198 -179.677054
Car 787 -3.290359 -1.314706 2.369738 4.728707 0.399319
Car 785 4.204390 13.790368 2.482852 5.255473 2.470458
Car 781 4.224029 19.606925 2.460852 4.691826 3.747529
Car 789 -3.186399 -13.720272 2.610833 4.914498 -0.315570
Car 783 -3.126300 21.569298 2.391253 5.053458 -0.207233
Car 788 -3.369435 -7.293925 2.461909 5.507203 -0.206857
Car 780 4.245766 24.359833 2.346829 4.737245 1.797226
Car 790 -3.229262 -24.576263 2.328377 4.995947 -1.235771
Car 791 -3.234713 -20.341237 2.289378 4.595680 -2.355116
