Car 282 -1.860348 25.827765 2.532186 5.234501 -175.478346
Car 283 -2.426408 19.575361 2.342406 4.807016 6.304522
Car 286 4.377680 17.245316 2.494853 4.871039 5.801885
Car 287 3.974537 11.424185 2.575652 5.453852 3.846039
Car 288 -3.469748 0.975711 2.729916 5.439777 -1.014199
Car 289 -3.610901 -4.437743 2.545030 4.926900 -1.335903
Car 290 -3.435798 -10.957393 2.715440 5.472997 -3.085885
Car 291 3.488131 4.866068 2.782329 5.420161 0.520262
Car 292 3.794965 -4.389256 2.572315 5.104374 -2.177230
Car 293 -2.796020 -17.575591 2.575737 5.621989 -4.726779
Car 294 3.785012 -9.429176 2.429819 4.757367 -2.073270
Car 298 23.925827 -3.026818 2.218129 4.499696 98.111725
Car 285 5.200607 24.994180 2.640591 5.358321 -176.367993
Car 300 22.571267 -12.860931 1.878365 3.519419 -93.292294
Car 295 13.082040 -2.488797 2.550244 4.771378 90.988474
Car 296 12.484974 -5.277586 2.433314 4.852487 90.366499
