Car 355 -1.520969 -13.951344 2.561116 4.803128 1.070460
Car 356 1.300481 10.541692 3.155101 7.001118 46.316632
Car 358 5.027634 7.922751 2.583945 5.383743 -85.887665
Car 360 4.913437 2.810685 2.432621 5.289113 -83.896944
Car 361 5.190916 5.345597 2.224324 4.295091 -87.103709
Car 362 4.854719 0.372831 2.313968 4.295129 -87.012640
Car 363 4.947031 -1.761231 2.338602 4.942848 -86.719043
Car 364 4.751002 -4.155685 2.357258 4.920373 -84.314969
Car 366 4.545577 -6.661345 2.378304 4.829287 -82.579144
Car 367 4.772922 -9.154223 2.368837 4.546709 -90.418135
Car 365 4.051712 -11.381601 2.534250 4.794490 -87.603040
Car 368 -4.679115 -17.744859 2.446748 4.936346 3.548050
Car 369 3.737974 -20.398771 2.414196 4.727995 -89.487198
Car 370 4.002382 -16.252816 2.362458 4.602458 -85.610312
Car 371 4.419187 -14.028385 2.443164 4.928734 -84.930599
