Car 1070 -4.380418 20.393651 2.573942 4.946841 -0.891998
Car 1073 -4.084113 15.068870 2.574730 4.955986 -1.975273
Car 1075 7.524608 4.036554 2.528548 5.358964 179.061122
Car 1078 5.834136 25.252538 2.398090 4.947532 -177.441828
Car 1076 -3.980205 7.984389 2.534311 5.977802 179.091802
Car 1077 -3.854439 1.061710 2.598977 4.930140 -3.016026
Car 1079 7.335512 -1.750773 2.367804 4.436907 178.835380
Car 1080 7.639833 -7.343673 2.367364 4.863065 179.356888
Car 1084 4.339867 -2.676974 2.387726 4.624292 179.450254
Car 1081 -3.672461 -6.300276 2.182583 5.024719 -2.092768
Car 1082 -3.636537 -10.597629 2.244938 4.315730 -2.047890
Car 1083 -3.563317 -15.852277 2.263315 4.042265 -0.667248
Car 1085 -3.660657 -22.264641 2.384425 4.532631 -0.391896
Car 1086 7.732843 -23.036613 2.521374 5.336999 178.629021
Car 1087 4.431348 -28.328918 2.586021 4.788955 179.608639
