Car 288 -2.263625 26.153056 2.729916 5.439777 4.190035
Car 289 -2.900835 20.302153 2.545030 4.926900 4.703638
Car 290 -3.248727 14.313490 2.715440 5.472997 1.882469
Car 292 4.485026 20.020528 2.572315 5.104374 1.159324
Car 293 -3.124368 7.669230 2.575737 5.621989 1.228444
Car 294 4.180162 14.877193 2.429819 4.757367 0.008495
Car 301 -2.718126 -15.993066 2.392000 4.381714 -4.441066
Car 304 4.139876 -12.897683 2.587284 4.909506 -3.354628
Car 305 4.582590 -19.137784 2.550386 4.811516 -1.297178
Car 306 4.989053 -29.406508 2.552733 4.930009 -1.297178
Car 291 5.149908 29.259258 2.782329 5.420161 4.758573
Car 300 22.434852 10.127398 1.878365 3.519419 -85.562322
Car 302 22.774829 12.529128 2.192753 4.242172 -86.048570
Car 303 22.739698 15.210524 2.212003 4.089237 -78.677938
Car 307 4.890524 -24.420320 2.265454 4.114002 1.704470
Car 311 -8.708988 -29.949300 2.299198 4.405205 86.842846
Car 296 13.422158 18.354730 2.433314 4.852487 92.481431
Car 298 24.404932 19.617199 2.218129 4.499696 99.027071
Car 299 13.178233 13.613855 2.208763 4.119466 -78.476904
