Car 321 -2.866294 17.265452 2.488370 4.602139 -178.292016
Car 322 4.372394 14.435254 2.566348 4.873839 -0.885925
Car 324 4.283538 9.123257 2.431282 4.901389 -0.143032
Car 325 -2.943803 5.551821 2.428368 4.844387 -177.286855
Car 326 4.152842 3.710506 2.579207 5.030037 2.190513
Car 327 4.035448 -3.485714 2.760518 5.731702 179.196467
Car 328 -3.046736 -1.830935 2.248886 4.281652 -2.010481
Car 329 -3.092419 -11.239762 2.753244 5.559905 179.594213
Car 330 -3.161796 -17.002305 2.862534 5.616306 -1.991695
Car 331 -10.218636 -7.411437 2.314500 4.117842 86.794092
Car 320 4.628080 26.374219 2.479253 5.365078 3.452693
