Car 355 2.119476 -8.843577 2.561116 4.803128 -9.693512
Car 356 -0.307395 7.691183 3.155101 7.001118 111.610942
Car 385 8.489128 0.714658 2.434097 5.129521 -19.809999
Car 388 -17.433980 -22.270539 2.927126 5.385648 -114.899461
Car 386 19.146771 -5.752863 2.737829 5.799408 -115.885698
Car 390 -11.062559 -19.034593 2.254135 4.710161 -114.853452
Car 382 13.204500 3.071717 2.688688 5.276532 153.883719
Car 383 10.922448 2.119414 2.642896 5.168802 -23.571210
Car 387 -20.573638 0.686228 2.436076 4.686705 -22.014774
Car 389 -22.775605 -1.297439 2.355127 4.745786 -28.719171
