Car 647 -0.246598 18.010827 2.466797 4.852192 -0.959420
Car 698 2.331411 20.409084 2.471384 4.784328 0.065885
Car 700 -2.322220 11.526040 2.385022 4.667324 0.475572
Car 701 2.309271 8.788439 2.409525 4.718374 -1.486200
Car 702 -2.414202 3.345001 2.508209 4.812451 0.267383
Car 703 2.445952 3.761697 2.264520 4.618860 1.515769
Car 704 2.294983 -2.603304 2.424242 4.558275 0.566762
Car 705 -2.390696 -6.719715 2.418116 4.113710 -0.523095
Car 706 2.485048 -12.438190 2.430573 4.255037 0.022932
Car 699 -2.670100 22.139172 2.245090 4.136137 1.122250
