Car 679 -2.031072 26.237854 2.351573 4.767702 0.336418
Car 680 2.789978 20.814059 2.372472 4.422735 0.900946
Car 684 -2.411572 8.502083 2.470694 5.023676 0.325529
Car 685 2.512789 12.666423 2.430860 4.945714 1.459753
Car 686 2.437958 6.631460 2.461310 5.198720 0.418927
Car 687 -2.546769 -4.086310 2.482760 4.315389 -0.892869
Car 688 2.380307 1.259473 2.416776 4.619690 1.280209
Car 647 0.001082 20.847766 2.466797 4.852192 0.783391
Car 689 2.285444 -8.243328 2.330014 4.702572 1.380801
Car 690 2.294991 -14.581141 2.496604 4.653381 2.340375
Car 691 2.237024 -22.073897 2.426153 4.959073 2.772565
