Car 1022 -14.361043 -16.063128 2.722351 5.215405 67.346561
Car 1023 -1.656930 19.645726 2.556834 4.920067 -6.839447
Car 1034 3.693426 2.306276 2.473623 5.189439 170.970751
Car 1027 8.373438 16.785931 2.406507 4.808497 79.256521
Car 1028 9.556970 14.190775 2.384996 5.593885 64.124712
Car 1029 10.390580 11.796929 2.420384 5.004937 -116.438521
Car 1030 13.517901 7.700973 2.561550 5.590213 45.566580
Car 1031 8.147672 19.398077 2.532583 4.764702 -98.407852
Car 1032 17.102229 4.109208 2.510591 4.938537 36.866842
Car 1035 18.425827 -10.954881 2.246573 4.392640 -109.401791
Car 1036 -0.878134 -15.434051 2.413364 5.099963 -113.620438
Car 1037 -13.118548 -19.784995 2.807083 5.621207 -107.049389
Car 1033 15.060670 5.587154 2.331983 4.632260 40.113526
