Car 425 6.247953 18.000197 2.386037 5.046938 -177.986148
Car 426 5.696657 12.369415 2.322121 4.839994 -174.558998
Car 427 5.357857 6.831575 2.525322 5.017267 -179.325884
Car 429 -5.995407 18.709411 2.292355 4.662374 94.595386
Car 430 4.804216 1.183836 2.655086 5.246916 -175.753319
Car 431 3.285498 -12.769083 2.626723 5.191393 -174.686542
Car 432 -3.528427 -8.795208 2.514329 5.041837 3.448597
Car 433 1.932221 -18.167373 2.626571 5.243298 14.520087
Car 424 -5.535289 23.755257 2.434950 4.834490 -88.640204
Car 434 2.063017 -26.127813 2.554152 4.933398 -174.343554
