Car 0.00 0 -1.36 -1 -1 -1 -1 2.36 2.56 5.14 4.42 1.74 -22.95 -1.55
Car 0.00 0 2.06 -1 -1 -1 -1 2.16 2.72 5.07 4.60 2.06 -10.78 1.65
Car 0.00 0 2.43 -1 -1 -1 -1 2.26 2.65 5.26 4.96 2.24 -4.58 1.60
Car 0.00 0 -1.95 -1 -1 -1 -1 2.29 2.41 4.98 -3.52 1.89 -8.21 -1.54
Car 0.00 0 0.31 -1 -1 -1 -1 1.97 2.57 5.08 -3.43 2.04 -0.98 1.60
Car 0.00 0 2.12 -1 -1 -1 -1 2.37 2.59 4.65 -3.19 2.22 4.67 1.52
Car 0.00 0 -1.34 -1 -1 -1 -1 1.89 2.56 5.17 4.40 1.91 -16.91 -1.59
Car 0.00 0 1.38 -1 -1 -1 -1 2.18 2.43 5.22 -3.51 1.65 -18.97 1.56
Car 0.00 0 1.30 -1 -1 -1 -1 2.11 2.45 4.72 -3.56 1.75 -13.74 1.55
Car 0.00 0 1.46 -1 -1 -1 -1 2.04 2.61 5.13 -3.88 1.54 -24.56 1.62
