Car 0.00 0 -1.49 -1 -1 -1 -1 2.17 2.56 4.80 -1.00 2.34 11.38 -1.58
Car 0.00 0 -1.53 -1 -1 -1 -1 3.06 3.16 7.00 0.07 2.03 -7.45 -1.54
Car 0.00 0 -1.91 -1 -1 -1 -1 2.41 2.45 4.94 -4.04 2.08 -11.68 -1.58
Car 0.00 0 0.46 -1 -1 -1 -1 2.15 2.41 4.73 4.49 2.03 -9.51 0.02
Car 0.00 0 -2.79 -1 -1 -1 -1 2.13 2.36 4.60 4.60 1.98 -13.93 -3.11
Car 0.00 0 0.71 -1 -1 -1 -1 2.24 2.26 4.27 5.29 2.09 -7.02 0.06
Car 0.00 0 0.91 -1 -1 -1 -1 2.21 2.41 4.76 5.70 2.15 -4.68 0.02
Car 0.00 0 1.17 -1 -1 -1 -1 2.00 2.36 4.28 5.64 2.16 -2.02 -0.05
Car 0.00 0 1.61 -1 -1 -1 -1 2.00 2.59 5.17 5.33 2.20 0.29 3.13
Car 0.00 0 -1.13 -1 -1 -1 -1 2.01 2.20 4.23 5.63 2.21 2.36 0.04
Car 0.00 0 2.27 -1 -1 -1 -1 2.14 2.49 4.90 4.96 2.22 4.70 3.08
Car 0.00 0 -3.77 -1 -1 -1 -1 2.01 2.46 5.23 5.18 2.26 7.10 -3.14
Car 0.00 0 -3.66 -1 -1 -1 -1 2.05 2.34 4.93 5.81 2.32 9.84 -3.13
Car 0.00 0 -3.51 -1 -1 -1 -1 2.11 2.69 5.28 6.23 2.36 15.60 -3.13
Car 0.00 0 -0.36 -1 -1 -1 -1 2.10 2.64 5.17 6.26 2.40 18.36 -0.04
Car 0.00 0 -0.48 -1 -1 -1 -1 1.93 2.31 5.31 6.44 2.34 12.41 0.00
Car 0.00 0 0.28 -1 -1 -1 -1 2.32 2.44 4.93 4.70 1.99 -16.30 -0.00
Car 0.00 0 2.81 -1 -1 -1 -1 2.31 2.42 4.95 14.36 2.77 -6.88 1.68
Car 0.00 0 -0.37 -1 -1 -1 -1 2.08 2.43 5.13 6.59 2.30 20.92 -0.07
