Car 0.00 0 -1.59 -1 -1 -1 -1 2.23 2.48 4.89 -0.10 2.09 -11.76 -1.58
Car 0.00 0 -1.58 -1 -1 -1 -1 3.35 3.23 6.72 -0.01 2.55 21.46 -1.58
Car 0.00 0 1.70 -1 -1 -1 -1 2.22 2.26 4.60 3.68 1.87 -29.31 1.57
Car 0.00 0 1.75 -1 -1 -1 -1 2.34 2.74 5.19 4.27 1.96 -22.38 1.56
Car 0.00 0 1.85 -1 -1 -1 -1 2.15 2.63 4.90 4.48 2.12 -16.63 1.59
Car 0.00 0 1.97 -1 -1 -1 -1 2.31 2.73 5.10 3.58 2.15 -8.81 1.58
Car 0.00 0 2.35 -1 -1 -1 -1 2.08 2.42 4.68 3.60 2.22 -3.74 1.59
Car 0.00 0 0.96 -1 -1 -1 -1 2.14 2.55 4.80 3.31 2.31 4.69 1.57
Car 0.00 0 1.29 -1 -1 -1 -1 2.45 2.71 5.85 3.45 2.42 11.39 1.59
Car 0.00 0 1.34 -1 -1 -1 -1 4.28 3.38 8.02 4.05 2.58 19.39 1.55
