Car 0.00 0 -1.49 -1 -1 -1 -1 2.17 2.56 4.80 -0.58 2.38 14.87 -1.53
Car 0.00 0 -2.71 -1 -1 -1 -1 3.06 3.16 7.00 3.94 2.07 -9.44 -3.11
Car 0.00 0 0.87 -1 -1 -1 -1 2.23 2.58 5.38 4.77 2.14 -4.22 0.03
Car 0.00 0 -1.43 -1 -1 -1 -1 2.05 2.43 5.29 4.84 2.21 0.96 -0.05
Car 0.00 0 1.23 -1 -1 -1 -1 2.21 2.22 4.30 5.18 2.40 -1.58 -0.04
Car 0.00 0 -0.96 -1 -1 -1 -1 2.05 2.31 4.30 5.00 2.26 3.29 0.03
Car 0.00 0 -0.79 -1 -1 -1 -1 1.96 2.34 4.94 5.13 2.20 5.65 -0.05
Car 0.00 0 -0.63 -1 -1 -1 -1 1.98 2.36 4.92 5.13 2.28 8.02 -0.06
Car 0.00 0 -0.57 -1 -1 -1 -1 1.98 2.38 4.83 5.05 2.31 10.53 -0.12
Car 0.00 0 -0.37 -1 -1 -1 -1 2.13 2.37 4.55 5.33 2.36 12.99 0.02
Car 0.00 0 -0.31 -1 -1 -1 -1 2.26 2.53 4.79 4.86 2.41 15.22 0.00
Car 0.00 0 -1.42 -1 -1 -1 -1 2.41 2.45 4.94 -3.39 2.36 22.01 -1.58
Car 0.00 0 -0.16 -1 -1 -1 -1 2.15 2.41 4.73 5.06 2.49 24.22 0.05
Car 0.00 0 -0.27 -1 -1 -1 -1 2.13 2.36 4.60 5.09 2.45 20.04 -0.02
