Car 0.00 0 -1.66 -1 -1 -1 -1 2.04 2.48 4.32 -2.29 2.03 -20.50 -1.55
Car 0.00 0 -1.40 -1 -1 -1 -1 2.03 2.33 4.70 2.57 2.01 -16.34 -1.55
Car 0.00 0 -1.34 -1 -1 -1 -1 1.97 2.50 4.65 2.56 2.07 -9.71 -1.60
Car 0.00 0 -0.72 -1 -1 -1 -1 2.00 2.43 4.96 2.47 2.24 -2.10 -1.59
Car 0.00 0 -1.33 -1 -1 -1 -1 1.90 2.43 4.69 -2.47 2.33 9.71 -1.58
Car 0.00 0 -1.78 -1 -1 -1 -1 2.36 2.62 5.46 2.38 2.32 11.93 -1.58
Car 0.00 0 -1.47 -1 -1 -1 -1 2.12 2.41 4.70 -2.52 2.55 21.68 -1.58
Car 0.00 0 -1.48 -1 -1 -1 -1 2.07 2.42 4.62 2.67 1.90 -25.80 -1.59
Car 0.00 0 -1.57 -1 -1 -1 -1 2.16 2.47 4.85 0.06 1.91 -19.41 -1.57
Car 0.00 0 -1.73 -1 -1 -1 -1 2.10 2.25 4.18 2.46 2.36 17.30 -1.59
Car 0.00 0 -1.66 -1 -1 -1 -1 1.99 2.26 4.46 2.32 2.55 26.99 -1.57
