Car 0.00 0 -1.59 -1 -1 -1 -1 2.56 2.91 5.85 -0.81 2.04 -11.59 -1.52
Car 0.00 0 -0.66 -1 -1 -1 -1 2.42 2.83 5.58 3.47 2.13 -2.85 -1.54
Car 0.00 0 -1.83 -1 -1 -1 -1 2.21 2.63 4.97 3.99 2.27 16.87 -1.60
Car 0.00 0 2.60 -1 -1 -1 -1 2.15 2.62 5.37 13.41 2.68 -6.69 1.49
Car 0.00 0 2.97 -1 -1 -1 -1 2.52 2.62 5.17 13.58 2.69 -1.96 1.54
Car 0.00 0 0.26 -1 -1 -1 -1 3.22 2.93 6.83 13.00 2.74 4.88 1.47
Car 0.00 0 -2.43 -1 -1 -1 -1 3.01 2.83 5.95 12.40 2.68 12.30 -1.64
Car 0.00 0 -2.24 -1 -1 -1 -1 2.16 2.64 5.67 11.90 2.80 18.60 -1.67
Car 0.00 0 1.17 -1 -1 -1 -1 2.64 2.93 5.94 11.05 2.93 27.18 1.56
Car 0.00 0 -0.04 -1 -1 -1 -1 1.98 2.18 4.21 10.45 2.40 -19.26 -0.53
Car 0.00 0 -1.59 -1 -1 -1 -1 3.37 3.50 8.83 -2.67 1.84 -21.20 -1.47
