Car 0.00 0 -1.61 -1 -1 -1 -1 2.56 2.91 5.85 -0.79 2.05 -11.58 -1.54
Car 0.00 0 -2.01 -1 -1 -1 -1 2.42 2.83 5.58 3.62 2.22 7.66 -1.57
Car 0.00 0 0.72 -1 -1 -1 -1 1.98 2.18 4.21 19.32 2.91 -17.33 -0.12
Car 0.00 0 2.42 -1 -1 -1 -1 2.14 2.59 5.39 13.98 2.69 -11.73 1.55
Car 0.00 0 2.60 -1 -1 -1 -1 2.15 2.62 5.37 13.39 2.67 -6.64 1.49
Car 0.00 0 2.96 -1 -1 -1 -1 2.52 2.62 5.17 13.49 2.70 -2.00 1.54
Car 0.00 0 -2.22 -1 -1 -1 -1 2.16 2.64 5.67 11.97 2.70 18.77 -1.65
Car 0.00 0 1.28 -1 -1 -1 -1 2.30 2.89 6.16 7.90 2.57 27.10 1.56
Car 0.00 0 -2.44 -1 -1 -1 -1 3.01 2.83 5.95 12.48 2.61 12.26 -1.65
Car 0.00 0 0.26 -1 -1 -1 -1 3.22 2.93 6.83 13.00 2.74 4.87 1.47
Car 0.00 0 1.97 -1 -1 -1 -1 1.94 2.33 4.61 13.27 2.65 -27.04 1.51
Car 0.00 0 -1.59 -1 -1 -1 -1 3.37 3.50 8.83 -2.67 1.84 -21.20 -1.47
