Car 0.00 0 0.56 -1 -1 -1 -1 2.55 2.59 5.80 -15.92 2.44 8.38 -0.53
Car 0.00 0 -0.26 -1 -1 -1 -1 2.09 2.19 4.37 6.41 1.78 -26.35 -0.50
Car 0.00 0 1.31 -1 -1 -1 -1 2.23 2.55 5.01 23.80 3.11 6.40 2.62
Car 0.00 0 2.14 -1 -1 -1 -1 2.50 2.60 5.60 18.26 2.19 -9.61 1.05
Car 0.00 0 -0.24 -1 -1 -1 -1 2.62 2.87 6.02 8.14 1.71 -29.20 -0.51
Car 0.00 0 1.51 -1 -1 -1 -1 2.17 2.56 4.87 21.82 3.45 11.14 2.61
Car 0.00 0 1.13 -1 -1 -1 -1 2.20 2.56 5.07 26.26 3.03 1.42 2.65
Car 0.00 0 -1.30 -1 -1 -1 -1 2.62 3.03 5.71 -19.26 1.57 -26.25 -0.66
Car 0.00 0 -1.15 -1 -1 -1 -1 2.17 2.41 5.25 -25.68 2.68 17.27 -2.13
Car 0.00 0 1.10 -1 -1 -1 -1 1.99 2.37 4.74 0.33 3.08 24.36 1.11
Car 0.00 0 1.21 -1 -1 -1 -1 2.13 2.52 4.99 25.07 3.07 4.05 2.62
Car 0.00 0 1.62 -1 -1 -1 -1 2.07 2.50 4.99 20.16 3.41 13.30 2.61
Car 0.00 0 -1.12 -1 -1 -1 -1 2.20 2.56 5.02 17.34 3.58 18.27 -0.36
Car 0.00 0 -1.24 -1 -1 -1 -1 2.12 2.46 4.70 -13.31 1.86 -21.36 -0.68
Car 0.00 0 4.19 -1 -1 -1 -1 2.17 2.55 4.65 28.13 3.28 -2.13 2.69
Car 0.00 0 -0.45 -1 -1 -1 -1 2.09 2.52 5.10 -14.31 2.31 -0.94 1.05
Car 0.00 0 3.49 -1 -1 -1 -1 2.34 2.52 4.93 -24.08 2.75 21.53 2.65
