Car 0.00 0 -1.36 -1 -1 -1 -1 2.33 2.71 5.38 4.15 2.35 -20.06 -1.56
Car 0.00 0 1.31 -1 -1 -1 -1 2.82 2.92 6.55 -3.42 2.09 -16.19 1.52
Car 0.00 0 -2.05 -1 -1 -1 -1 2.03 2.53 5.44 -3.48 2.09 -6.66 -1.57
Car 0.00 0 -3.11 -1 -1 -1 -1 2.55 2.43 4.71 -3.61 2.19 -0.02 -1.55
Car 0.00 0 -0.33 -1 -1 -1 -1 2.22 2.48 4.65 4.08 2.42 -1.38 -1.57
Car 0.00 0 2.04 -1 -1 -1 -1 2.35 2.49 4.89 -3.47 2.28 6.25 1.53
Car 0.00 0 0.84 -1 -1 -1 -1 2.25 2.59 5.14 3.99 2.43 4.43 1.57
Car 0.00 0 -1.29 -1 -1 -1 -1 2.04 2.28 4.31 -3.56 2.36 11.79 -1.58
Car 0.00 0 -1.37 -1 -1 -1 -1 1.94 2.35 4.72 -3.58 2.41 17.04 -1.57
Car 0.00 0 1.42 -1 -1 -1 -1 2.16 2.46 4.78 3.83 2.71 22.73 1.59
Car 0.00 0 1.73 -1 -1 -1 -1 2.08 2.40 5.27 -3.45 2.48 26.91 1.60
