Car 0.00 0 -1.57 -1 -1 -1 -1 2.16 2.47 4.85 -0.29 2.00 -18.06 -1.55
Car 0.00 0 -1.45 -1 -1 -1 -1 2.04 2.47 4.78 2.29 1.98 -19.24 -1.57
Car 0.00 0 -1.80 -1 -1 -1 -1 2.19 2.39 4.67 -2.34 2.06 -10.35 -1.58
Car 0.00 0 -1.25 -1 -1 -1 -1 2.03 2.41 4.72 2.30 2.11 -7.62 -1.54
Car 0.00 0 -2.40 -1 -1 -1 -1 2.23 2.51 4.81 -2.42 2.10 -2.21 -1.57
Car 0.00 0 -0.84 -1 -1 -1 -1 2.02 2.26 4.62 2.44 2.15 -2.59 -1.60
Car 0.00 0 -2.11 -1 -1 -1 -1 2.03 2.42 4.56 2.27 2.22 3.70 -1.56
Car 0.00 0 -1.27 -1 -1 -1 -1 2.06 2.42 4.11 -2.39 2.25 7.87 -1.56
Car 0.00 0 -1.75 -1 -1 -1 -1 2.05 2.43 4.26 2.50 2.32 13.59 -1.57
Car 0.00 0 -1.72 -1 -1 -1 -1 2.02 2.25 4.14 -2.69 2.12 -20.97 -1.59
