Car 0.00 0 -1.48 -1 -1 -1 -1 2.17 2.56 4.80 -1.57 2.33 13.90 -1.59
Car 0.00 0 -2.17 -1 -1 -1 -1 3.06 3.16 7.00 0.98 2.06 -10.50 -2.26
Car 0.00 0 0.46 -1 -1 -1 -1 2.23 2.58 5.38 5.03 2.10 -8.54 -0.07
Car 0.00 0 0.86 -1 -1 -1 -1 2.05 2.43 5.29 4.91 2.14 -3.43 -0.10
Car 0.00 0 0.67 -1 -1 -1 -1 2.21 2.22 4.30 5.19 2.22 -5.91 -0.05
Car 0.00 0 1.32 -1 -1 -1 -1 2.05 2.31 4.30 4.85 2.18 -0.97 -0.05
Car 0.00 0 -1.40 -1 -1 -1 -1 1.96 2.34 4.94 4.94 2.10 1.13 -0.06
Car 0.00 0 -1.03 -1 -1 -1 -1 1.98 2.36 4.92 4.74 2.21 3.56 -0.10
Car 0.00 0 -0.77 -1 -1 -1 -1 1.98 2.38 4.83 4.53 2.21 6.05 -0.13
Car 0.00 0 -0.50 -1 -1 -1 -1 2.13 2.37 4.55 4.76 2.25 8.53 0.01
Car 0.00 0 -0.40 -1 -1 -1 -1 2.26 2.53 4.79 4.03 2.25 10.78 -0.04
Car 0.00 0 -1.36 -1 -1 -1 -1 2.41 2.45 4.94 -4.76 2.26 17.11 -1.63
Car 0.00 0 -0.20 -1 -1 -1 -1 2.15 2.41 4.73 3.70 2.34 19.79 -0.01
Car 0.00 0 -0.33 -1 -1 -1 -1 2.13 2.36 4.60 3.97 2.34 15.66 -0.08
Car 0.00 0 -0.41 -1 -1 -1 -1 2.32 2.44 4.93 4.39 2.30 13.42 -0.09
