Car 0.00 0 -1.69 -1 -1 -1 -1 2.02 2.53 5.20 -2.88 1.84 -25.41 -1.58
Car 0.00 0 -1.81 -1 -1 -1 -1 1.96 2.36 4.45 -2.66 2.04 -9.48 -1.53
Car 0.00 0 -1.57 -1 -1 -1 -1 2.16 2.47 4.85 -0.27 1.94 -20.67 -1.55
Car 0.00 0 -2.17 -1 -1 -1 -1 1.89 2.35 4.77 -2.55 2.19 -3.72 -1.56
Car 0.00 0 -2.46 -1 -1 -1 -1 1.95 2.37 4.42 2.39 2.25 1.91 -1.56
Car 0.00 0 -1.41 -1 -1 -1 -1 2.29 2.47 5.02 -2.42 2.44 14.45 -1.57
Car 0.00 0 -1.79 -1 -1 -1 -1 2.01 2.43 4.95 2.41 2.36 9.81 -1.55
Car 0.00 0 -1.73 -1 -1 -1 -1 1.98 2.46 5.20 2.49 2.48 15.63 -1.57
Car 0.00 0 -1.50 -1 -1 -1 -1 2.04 2.48 4.32 -2.25 2.73 26.74 -1.58
Car 0.00 0 -1.72 -1 -1 -1 -1 2.07 2.42 4.62 2.63 2.57 21.18 -1.59
