Car 0.00 0 -1.73 -1 -1 -1 -1 2.16 2.39 4.54 -3.07 2.08 -17.02 -1.55
Car 0.00 0 -1.81 -1 -1 -1 -1 2.41 2.40 4.80 -3.18 2.08 -12.24 -1.56
Car 0.00 0 -2.04 -1 -1 -1 -1 2.02 2.40 4.86 -3.09 2.14 -6.32 -1.58
Car 0.00 0 -0.03 -1 -1 -1 -1 1.99 2.38 4.38 -3.37 2.12 0.14 -1.56
Car 0.00 0 2.17 -1 -1 -1 -1 2.18 2.53 5.23 -3.25 2.24 5.02 1.60
Car 0.00 0 -1.29 -1 -1 -1 -1 2.33 2.34 4.81 -3.13 2.28 10.99 -1.57
Car 0.00 0 -0.60 -1 -1 -1 -1 2.18 2.58 5.16 3.90 2.17 -2.59 -1.58
Car 0.00 0 0.90 -1 -1 -1 -1 2.25 2.64 5.36 3.98 2.36 4.95 1.57
Car 0.00 0 -1.90 -1 -1 -1 -1 2.11 2.49 4.87 3.83 2.41 12.87 -1.61
Car 0.00 0 -1.77 -1 -1 -1 -1 2.67 2.58 5.45 3.92 2.43 18.88 -1.57
Car 0.00 0 1.35 -1 -1 -1 -1 2.20 2.50 4.79 -2.43 2.08 -28.91 1.44
Car 0.00 0 -1.72 -1 -1 -1 -1 2.28 2.48 4.67 -2.88 2.20 -23.14 -1.60
Car 0.00 0 -1.66 -1 -1 -1 -1 2.78 2.78 5.42 4.22 2.44 25.07 -1.49
