Car 0.00 0 -1.82 -1 -1 -1 -1 2.32 2.52 4.74 -3.35 2.36 -13.16 -1.57
Car 0.00 0 2.15 -1 -1 -1 -1 2.49 2.51 5.15 3.96 2.30 -6.04 1.57
Car 0.00 0 -2.71 -1 -1 -1 -1 2.19 2.57 5.48 -3.27 2.10 -1.55 -1.58
Car 0.00 0 -2.05 -1 -1 -1 -1 2.01 2.35 4.79 3.71 2.19 7.23 -1.58
Car 0.00 0 -1.33 -1 -1 -1 -1 2.56 2.60 5.33 -3.23 2.02 12.12 -1.59
Car 0.00 0 -1.87 -1 -1 -1 -1 2.05 2.40 5.05 3.68 2.13 12.37 -1.58
Car 0.00 0 -1.76 -1 -1 -1 -1 2.07 2.54 5.00 -3.17 2.38 -17.68 -1.59
Car 0.00 0 -2.16 -1 -1 -1 -1 1.97 2.16 3.93 -8.83 1.85 6.07 -3.13
Car 0.00 0 -1.36 -1 -1 -1 -1 2.00 2.35 4.27 -3.26 1.98 17.07 -1.55
Car 0.00 0 1.34 -1 -1 -1 -1 2.00 2.44 4.91 3.71 2.03 23.03 1.50
Car 0.00 0 1.68 -1 -1 -1 -1 2.00 2.37 4.95 -3.17 1.86 29.19 1.57
Car 0.00 0 1.45 -1 -1 -1 -1 2.12 2.40 4.84 -3.07 2.50 -28.38 1.55
Car 0.00 0 -1.45 -1 -1 -1 -1 2.13 2.39 4.72 4.07 2.57 -23.52 -1.62
Car 0.00 0 -1.51 -1 -1 -1 -1 1.96 2.38 4.36 4.00 2.52 -18.81 -1.72
Car 0.00 0 -1.35 -1 -1 -1 -1 2.03 2.45 5.42 3.79 2.46 -13.45 -1.62
Car 0.00 0 4.28 -1 -1 -1 -1 2.17 2.31 4.62 -8.55 1.89 3.89 3.13
Car 0.00 0 2.34 -1 -1 -1 -1 2.01 2.36 5.22 -8.15 2.36 -8.88 3.09
