Car 0.00 0 -1.75 -1 -1 -1 -1 2.12 2.41 4.70 -2.40 2.02 -12.70 -1.57
Car 0.00 0 -1.58 -1 -1 -1 -1 2.16 2.47 4.85 -0.34 1.94 -19.23 -1.56
Car 0.00 0 -1.45 -1 -1 -1 -1 2.10 2.25 4.18 2.49 1.95 -17.61 -1.59
Car 0.00 0 -1.25 -1 -1 -1 -1 1.99 2.26 4.46 2.31 2.12 -7.64 -1.54
Car 0.00 0 -2.31 -1 -1 -1 -1 1.90 2.35 4.94 -2.46 2.06 -2.73 -1.58
Car 0.00 0 -1.86 -1 -1 -1 -1 2.04 2.47 4.78 2.35 2.32 8.17 -1.58
Car 0.00 0 -1.21 -1 -1 -1 -1 2.02 2.25 4.14 -2.64 2.30 6.64 -1.59
Car 0.00 0 -1.41 -1 -1 -1 -1 2.19 2.39 4.67 -2.40 2.49 17.12 -1.55
Car 0.00 0 -1.71 -1 -1 -1 -1 2.03 2.41 4.72 2.38 2.50 19.63 -1.59
Car 0.00 0 -1.48 -1 -1 -1 -1 2.23 2.51 4.81 -2.48 2.49 25.10 -1.58
Car 0.00 0 -1.44 -1 -1 -1 -1 2.36 2.62 5.46 2.40 1.99 -22.66 -1.55
Car 0.00 0 -1.67 -1 -1 -1 -1 1.90 2.43 4.69 -2.50 2.00 -24.82 -1.57
