Car 0.00 0 -3.75 -1 -1 -1 -1 2.17 2.56 4.80 -5.30 2.12 -7.30 -3.13
Car 0.00 0 1.31 -1 -1 -1 -1 3.06 3.16 7.00 25.34 3.87 -11.76 0.18
Car 0.00 0 -4.40 -1 -1 -1 -1 2.08 2.43 5.13 4.54 2.24 0.20 -2.87
Car 0.00 0 -0.93 -1 -1 -1 -1 2.27 2.74 5.80 -2.86 2.25 10.17 -1.20
Car 0.00 0 -3.99 -1 -1 -1 -1 2.10 2.64 5.17 5.65 2.30 2.69 -2.86
Car 0.00 0 -0.68 -1 -1 -1 -1 2.11 2.69 5.28 6.53 2.26 4.98 0.24
Car 0.00 0 -3.57 -1 -1 -1 -1 2.04 2.33 4.92 6.83 2.33 8.27 -2.88
Car 0.00 0 -0.42 -1 -1 -1 -1 2.13 2.19 4.46 7.81 2.40 10.38 0.22
Car 0.00 0 -0.36 -1 -1 -1 -1 2.04 2.32 4.54 8.90 2.29 13.19 0.24
Car 0.00 0 -0.40 -1 -1 -1 -1 2.05 2.36 4.36 9.46 2.27 15.43 0.15
Car 0.00 0 -3.52 -1 -1 -1 -1 1.93 2.23 4.41 9.80 2.35 17.76 -3.02
Car 0.00 0 -0.35 -1 -1 -1 -1 1.96 2.45 4.86 10.17 2.37 19.91 0.12
Car 0.00 0 -2.62 -1 -1 -1 -1 2.16 2.44 4.69 7.92 3.17 -28.82 -2.89
