Car 0.00 0 -1.65 -1 -1 -1 -1 2.02 2.39 4.76 -2.40 1.85 -26.64 -1.56
Car 0.00 0 1.68 -1 -1 -1 -1 2.35 2.54 4.93 3.44 1.81 -22.76 1.53
Car 0.00 0 -0.86 -1 -1 -1 -1 2.01 2.43 4.94 3.37 2.13 -3.92 -1.57
Car 0.00 0 -2.27 -1 -1 -1 -1 2.49 2.61 5.17 -3.21 2.14 -3.79 -1.56
Car 0.00 0 -0.67 -1 -1 -1 -1 2.21 2.58 4.89 -3.08 2.23 2.39 -1.58
Car 0.00 0 -2.65 -1 -1 -1 -1 2.20 2.47 5.11 3.05 2.23 1.62 -1.56
Car 0.00 0 -1.82 -1 -1 -1 -1 2.07 2.43 4.95 2.96 2.44 11.68 -1.57
Car 0.00 0 -1.24 -1 -1 -1 -1 2.19 2.44 4.89 -3.40 2.49 9.07 -1.60
Car 0.00 0 -1.79 -1 -1 -1 -1 2.01 2.51 5.42 2.76 2.62 17.64 -1.63
Car 0.00 0 -1.37 -1 -1 -1 -1 1.98 2.31 4.41 -3.55 2.53 14.41 -1.61
Car 0.00 0 -1.44 -1 -1 -1 -1 2.19 2.51 4.59 -3.70 2.79 22.54 -1.60
