Car 0.00 0 -1.24 -1 -1 -1 -1 2.17 2.56 4.80 0.78 2.26 11.68 -1.18
Car 0.00 0 -1.43 -1 -1 -1 -1 3.06 3.16 7.00 0.76 2.06 -7.15 -1.54
Car 0.00 0 0.47 -1 -1 -1 -1 2.01 2.20 4.23 5.53 2.09 -12.26 0.04
Car 0.00 0 -2.64 -1 -1 -1 -1 2.14 2.49 4.90 5.06 2.09 -9.76 -3.12
Car 0.00 0 -2.43 -1 -1 -1 -1 2.01 2.46 5.23 5.25 2.16 -7.45 -3.04
Car 0.00 0 -2.21 -1 -1 -1 -1 2.05 2.34 4.93 5.93 2.17 -4.55 -3.13
Car 0.00 0 1.72 -1 -1 -1 -1 2.11 2.69 5.28 6.35 2.25 1.12 3.12
Car 0.00 0 -0.98 -1 -1 -1 -1 2.10 2.64 5.17 6.45 2.19 3.59 0.08
Car 0.00 0 1.35 -1 -1 -1 -1 1.93 2.31 5.31 6.63 2.19 -2.21 0.10
Car 0.00 0 -0.81 -1 -1 -1 -1 2.08 2.43 5.13 6.80 2.23 6.08 0.03
Car 0.00 0 3.24 -1 -1 -1 -1 2.27 2.74 5.80 16.62 3.16 -0.96 1.72
Car 0.00 0 0.30 -1 -1 -1 -1 2.00 2.36 4.28 5.56 2.11 -16.68 -0.02
Car 0.00 0 -1.73 -1 -1 -1 -1 2.41 2.45 4.94 -4.06 2.00 -26.18 -1.58
