Car 0.00 0 -1.34 -1 -1 -1 -1 2.11 2.52 5.05 4.87 2.04 -11.73 -1.73
Car 0.00 0 -1.75 -1 -1 -1 -1 2.00 2.54 4.93 -2.02 2.04 -16.80 -1.63
Car 0.00 0 -1.24 -1 -1 -1 -1 2.05 2.43 4.35 4.23 2.12 -6.86 -1.79
Car 0.00 0 -0.59 -1 -1 -1 -1 2.02 2.56 5.60 3.54 2.18 -1.70 -1.72
Car 0.00 0 -0.56 -1 -1 -1 -1 2.16 2.46 5.23 -3.84 2.30 3.58 -1.38
Car 0.00 0 0.99 -1 -1 -1 -1 2.50 2.65 5.07 2.88 2.30 5.64 1.47
Car 0.00 0 4.18 -1 -1 -1 -1 2.09 2.29 4.32 -9.82 2.28 4.12 3.01
Car 0.00 0 -1.22 -1 -1 -1 -1 2.33 2.62 5.58 -4.77 2.38 9.73 -1.67
Car 0.00 0 -1.76 -1 -1 -1 -1 2.08 2.51 4.72 1.29 2.46 18.96 -1.69
Car 0.00 0 3.68 -1 -1 -1 -1 2.41 2.47 4.83 -10.85 2.39 14.34 3.03
Car 0.00 0 -1.43 -1 -1 -1 -1 2.54 2.83 5.61 -6.27 2.56 23.14 -1.69
Car 0.00 0 -2.11 -1 -1 -1 -1 2.06 2.55 5.03 -2.96 2.18 -6.38 -1.67
Car 0.00 0 -1.43 -1 -1 -1 -1 2.01 2.54 5.31 5.44 1.96 -16.51 -1.75
Car 0.00 0 -1.71 -1 -1 -1 -1 2.03 2.51 5.10 0.74 2.48 24.08 -1.68
Car 0.00 0 -2.82 -1 -1 -1 -1 2.23 2.49 4.50 -3.61 2.15 -1.79 -1.71
Car 0.00 0 4.33 -1 -1 -1 -1 2.20 2.35 5.51 -9.04 2.33 1.88 2.97
Car 0.00 0 -1.78 -1 -1 -1 -1 2.25 2.55 5.42 -1.19 2.06 -22.37 -1.73
Car 0.00 0 2.54 -1 -1 -1 -1 2.00 2.36 4.40 -7.90 2.31 -12.33 3.10
