Car 0.00 0 1.59 -1 -1 -1 -1 2.00 2.37 4.95 -7.57 1.42 -16.89 2.01
Car 0.00 0 -1.15 -1 -1 -1 -1 2.02 2.23 4.15 -0.99 1.49 -19.68 -1.10
Car 0.00 0 -1.45 -1 -1 -1 -1 2.16 2.47 4.85 -1.46 1.97 -7.94 -1.27
Car 0.00 0 -0.00 -1 -1 -1 -1 2.22 2.60 4.73 3.82 2.67 11.27 0.33
Car 0.00 0 0.24 -1 -1 -1 -1 2.11 2.58 5.13 0.80 3.21 20.71 0.28
Car 0.00 0 0.54 -1 -1 -1 -1 2.17 2.46 5.08 -6.51 3.15 22.25 0.26
Car 0.00 0 0.72 -1 -1 -1 -1 2.32 2.37 4.92 -11.17 3.11 23.35 0.28
Car 0.00 0 0.79 -1 -1 -1 -1 2.17 2.48 4.79 -15.77 3.02 24.57 0.22
Car 0.00 0 -1.40 -1 -1 -1 -1 2.16 2.50 4.65 -5.51 1.23 -19.39 -1.12
Car 0.00 0 1.83 -1 -1 -1 -1 2.00 2.44 4.91 -4.00 1.08 -25.51 1.99
