Car 0.00 0 1.74 -1 -1 -1 -1 2.49 2.51 5.15 4.08 2.11 -23.13 1.56
Car 0.00 0 -1.73 -1 -1 -1 -1 2.19 2.57 5.48 -3.19 2.11 -18.58 -1.56
Car 0.00 0 -1.21 -1 -1 -1 -1 2.01 2.35 4.79 3.85 2.18 -9.84 -1.58
Car 0.00 0 -2.15 -1 -1 -1 -1 2.56 2.60 5.33 -3.17 2.17 -5.02 -1.59
Car 0.00 0 -0.88 -1 -1 -1 -1 2.05 2.40 5.05 3.76 2.23 -4.48 -1.58
Car 0.00 0 0.01 -1 -1 -1 -1 2.00 2.35 4.27 -3.21 2.16 0.03 -1.55
Car 0.00 0 0.93 -1 -1 -1 -1 2.00 2.44 4.91 3.79 2.29 5.88 1.50
Car 0.00 0 1.82 -1 -1 -1 -1 2.00 2.37 4.95 -3.15 2.25 12.09 1.57
Car 0.00 0 2.76 -1 -1 -1 -1 2.00 2.24 4.50 -8.70 2.01 -23.53 3.11
Car 0.00 0 -1.88 -1 -1 -1 -1 2.02 2.23 4.15 3.81 2.29 12.94 -1.59
Car 0.00 0 -2.04 -1 -1 -1 -1 1.91 2.37 4.71 -12.82 2.23 6.89 -3.12
Car 0.00 0 4.02 -1 -1 -1 -1 2.06 2.30 4.17 -15.60 2.44 11.87 3.10
Car 0.00 0 4.37 -1 -1 -1 -1 2.32 2.45 4.47 -12.08 2.18 4.18 3.13
