Car 0.00 0 -1.53 -1 -1 -1 -1 2.12 2.46 4.70 -0.95 1.45 -16.93 -1.47
Car 0.00 0 -2.65 -1 -1 -1 -1 2.62 2.87 6.02 20.77 2.70 5.94 -1.36
Car 0.00 0 1.28 -1 -1 -1 -1 2.09 2.52 5.10 -15.14 1.91 9.03 0.24
Car 0.00 0 -0.31 -1 -1 -1 -1 2.55 2.59 5.80 -22.91 1.93 14.63 -1.31
Car 0.00 0 -2.55 -1 -1 -1 -1 2.09 2.19 4.37 17.46 2.67 6.30 -1.33
Car 0.00 0 -1.43 -1 -1 -1 -1 1.92 2.34 4.71 0.91 0.98 -28.30 -1.46
Car 0.00 0 -0.48 -1 -1 -1 -1 2.16 2.43 5.05 21.15 3.20 24.00 0.24
Car 0.00 0 -2.72 -1 -1 -1 -1 2.39 2.36 4.34 23.02 2.75 4.91 -1.36
Car 0.00 0 -2.78 -1 -1 -1 -1 2.22 2.45 4.76 25.50 2.86 3.87 -1.36
Car 0.00 0 -1.39 -1 -1 -1 -1 1.99 2.27 4.80 29.34 2.92 -0.19 -2.95
