Car 0.00 0 -1.70 -1 -1 -1 -1 2.12 2.77 5.28 -0.98 1.89 -13.90 -1.63
Car 0.00 0 -1.66 -1 -1 -1 -1 2.48 2.48 4.91 -1.71 2.27 22.43 -1.74
Car 0.00 0 1.82 -1 -1 -1 -1 2.26 2.51 4.98 -7.33 2.28 0.16 0.27
Car 0.00 0 -4.07 -1 -1 -1 -1 2.01 2.39 4.85 -8.05 2.22 -2.52 -2.80
Car 0.00 0 1.76 -1 -1 -1 -1 2.02 2.56 5.31 3.50 2.04 -11.34 1.46
Car 0.00 0 1.12 -1 -1 -1 -1 2.09 2.52 4.96 2.97 2.31 7.21 1.51
Car 0.00 0 1.15 -1 -1 -1 -1 2.14 2.52 5.02 -6.98 2.37 3.11 -0.00
Car 0.00 0 -0.61 -1 -1 -1 -1 2.54 2.69 5.27 -9.06 2.10 -4.85 0.46
Car 0.00 0 1.38 -1 -1 -1 -1 2.02 2.48 4.65 7.03 2.13 -19.42 1.04
Car 0.00 0 -2.27 -1 -1 -1 -1 2.11 2.53 5.09 1.64 1.89 -24.40 -2.34
Car 0.00 0 4.04 -1 -1 -1 -1 2.69 2.87 5.23 -7.21 2.47 5.56 3.13
Car 0.00 0 -0.20 -1 -1 -1 -1 2.01 2.39 4.85 -11.55 2.03 -9.60 0.68
Car 0.00 0 -0.09 -1 -1 -1 -1 1.85 2.39 4.82 -13.35 1.98 -11.31 0.78
