Car 0.00 0 -1.74 -1 -1 -1 -1 2.32 2.52 4.74 -3.30 2.00 -19.89 -1.57
Car 0.00 0 1.87 -1 -1 -1 -1 2.49 2.51 5.15 4.00 2.07 -12.85 1.56
Car 0.00 0 -1.93 -1 -1 -1 -1 2.19 2.57 5.48 -3.18 2.08 -8.25 -1.56
Car 0.00 0 -3.01 -1 -1 -1 -1 2.01 2.35 4.79 3.72 2.26 0.53 -1.58
Car 0.00 0 -1.06 -1 -1 -1 -1 2.56 2.60 5.33 -3.23 2.28 5.60 -1.59
Car 0.00 0 -2.17 -1 -1 -1 -1 2.05 2.40 5.05 3.76 2.34 5.61 -1.58
Car 0.00 0 -1.71 -1 -1 -1 -1 2.07 2.54 5.00 -3.12 1.87 -24.63 -1.59
Car 0.00 0 -4.61 -1 -1 -1 -1 1.97 2.16 3.93 -8.82 2.02 -0.81 -3.13
Car 0.00 0 -1.25 -1 -1 -1 -1 2.00 2.35 4.27 -3.26 2.32 10.23 -1.55
Car 0.00 0 1.27 -1 -1 -1 -1 2.00 2.44 4.91 3.69 2.49 16.19 1.50
Car 0.00 0 1.71 -1 -1 -1 -1 2.00 2.37 4.95 -3.18 2.50 22.41 1.57
Car 0.00 0 -1.44 -1 -1 -1 -1 2.03 2.45 5.42 3.82 1.97 -20.20 -1.62
Car 0.00 0 1.90 -1 -1 -1 -1 2.17 2.31 4.62 -8.54 1.94 -2.96 3.13
Car 0.00 0 2.49 -1 -1 -1 -1 2.00 2.24 4.50 -8.83 2.34 -13.34 3.08
Car 0.00 0 -1.76 -1 -1 -1 -1 2.02 2.23 4.15 3.82 2.48 23.21 -1.59
