Car 0.00 0 -1.84 -1 -1 -1 -1 2.46 2.73 5.44 -3.10 1.92 -14.40 -1.63
Car 0.00 0 -1.99 -1 -1 -1 -1 2.24 2.55 4.93 -3.47 2.16 -8.61 -1.60
Car 0.00 0 -2.52 -1 -1 -1 -1 2.61 2.72 5.47 -3.61 2.10 -2.58 -1.57
Car 0.00 0 -1.38 -1 -1 -1 -1 2.78 2.78 5.42 4.11 1.75 -17.74 -1.61
Car 0.00 0 -1.17 -1 -1 -1 -1 2.62 2.57 5.10 3.86 2.06 -8.72 -1.59
Car 0.00 0 -0.88 -1 -1 -1 -1 2.83 2.58 5.62 -3.31 2.33 4.35 -1.53
Car 0.00 0 -0.73 -1 -1 -1 -1 2.09 2.43 4.76 3.74 2.12 -3.33 -1.57
Car 0.00 0 4.21 -1 -1 -1 -1 2.15 2.43 4.85 12.84 1.98 -7.10 3.14
Car 0.00 0 1.21 -1 -1 -1 -1 1.99 2.21 4.12 12.61 1.98 -2.51 -0.17
Car 0.00 0 -1.54 -1 -1 -1 -1 1.63 1.88 3.52 22.20 1.97 0.59 0.01
Car 0.00 0 -1.37 -1 -1 -1 -1 1.98 2.39 4.38 -1.91 2.95 27.65 -1.44
Car 0.00 0 3.91 -1 -1 -1 -1 2.22 2.55 4.77 13.22 2.08 -10.12 3.00
Car 0.00 0 4.28 -1 -1 -1 -1 1.97 2.30 4.62 12.37 2.15 -5.04 3.09
Car 0.00 0 -1.67 -1 -1 -1 -1 1.96 2.59 4.91 4.87 2.52 24.35 -1.47
