Car 0.00 0 -1.26 -1 -1 -1 -1 2.11 2.52 5.05 4.34 2.11 -9.91 -1.68
Car 0.00 0 -1.78 -1 -1 -1 -1 2.00 2.54 4.93 -2.80 2.06 -14.55 -1.59
Car 0.00 0 -1.09 -1 -1 -1 -1 2.05 2.43 4.35 3.99 2.24 -4.99 -1.77
Car 0.00 0 -0.19 -1 -1 -1 -1 2.23 2.49 4.50 -3.54 2.31 0.48 -1.63
Car 0.00 0 -3.17 -1 -1 -1 -1 2.02 2.56 5.60 3.54 2.29 0.21 -1.66
Car 0.00 0 -0.78 -1 -1 -1 -1 2.16 2.46 5.23 -3.37 2.31 5.94 -1.30
Car 0.00 0 1.10 -1 -1 -1 -1 2.50 2.65 5.07 3.40 2.35 7.59 1.52
Car 0.00 0 4.12 -1 -1 -1 -1 2.20 2.35 5.51 -8.75 2.25 4.52 3.03
Car 0.00 0 4.05 -1 -1 -1 -1 2.09 2.29 4.32 -9.31 2.23 6.83 3.11
Car 0.00 0 -1.29 -1 -1 -1 -1 2.33 2.62 5.58 -4.06 2.38 12.11 -1.61
Car 0.00 0 -1.75 -1 -1 -1 -1 2.08 2.51 4.72 2.56 2.54 20.99 -1.63
Car 0.00 0 3.62 -1 -1 -1 -1 2.41 2.47 4.83 -9.78 2.34 17.02 3.10
Car 0.00 0 -1.42 -1 -1 -1 -1 2.54 2.83 5.61 -4.72 2.54 25.57 -1.60
Car 0.00 0 -2.25 -1 -1 -1 -1 2.06 2.55 5.03 -3.19 2.25 -4.36 -1.61
Car 0.00 0 -1.79 -1 -1 -1 -1 2.25 2.55 5.42 -2.43 2.01 -20.12 -1.67
Car 0.00 0 -1.32 -1 -1 -1 -1 2.01 2.54 5.31 4.50 2.04 -14.86 -1.61
Car 0.00 0 -3.84 -1 -1 -1 -1 2.00 2.36 4.40 -8.50 2.19 -9.68 -3.12
Car 0.00 0 2.81 -1 -1 -1 -1 2.27 2.35 4.84 -8.21 2.39 -26.15 3.11
Car 0.00 0 -1.70 -1 -1 -1 -1 2.03 2.51 5.10 2.37 2.50 26.11 -1.61
