Car 0.00 0 1.87 -1 -1 -1 -1 2.44 2.66 5.25 3.49 2.07 -15.54 1.65
Car 0.00 0 2.86 -1 -1 -1 -1 2.29 2.63 5.19 4.25 2.22 -1.54 1.63
Car 0.00 0 -2.12 -1 -1 -1 -1 2.33 2.51 5.04 -3.17 2.16 -4.63 -1.52
Car 0.00 0 -2.20 -1 -1 -1 -1 2.31 2.63 5.24 3.86 2.24 4.74 -1.52
Car 0.00 0 1.23 -1 -1 -1 -1 2.29 2.55 4.93 4.97 2.37 11.71 1.63
Car 0.00 0 1.32 -1 -1 -1 -1 2.21 2.60 5.19 5.28 2.44 17.20 1.62
Car 0.00 0 1.40 -1 -1 -1 -1 2.32 2.44 4.71 5.41 2.46 22.75 1.63
Car 0.00 0 -1.67 -1 -1 -1 -1 2.38 2.61 5.85 5.60 2.45 28.51 -1.47
Car 0.00 0 1.73 -1 -1 -1 -1 2.14 2.32 4.84 2.55 2.00 -26.89 1.63
Car 0.00 0 1.86 -1 -1 -1 -1 1.99 2.53 5.02 3.10 2.03 -21.26 1.72
