Car 0.00 0 -1.56 -1 -1 -1 -1 2.28 2.70 5.19 0.25 1.99 -22.16 -1.58
Car 0.00 0 1.64 -1 -1 -1 -1 2.10 2.34 4.59 -14.80 1.54 -2.28 3.06
Car 0.00 0 1.38 -1 -1 -1 -1 3.36 2.84 7.61 4.65 2.61 25.38 1.56
Car 0.00 0 -2.27 -1 -1 -1 -1 2.16 2.13 4.07 -7.90 1.93 -10.23 -1.62
Car 0.00 0 -2.59 -1 -1 -1 -1 1.97 2.16 3.91 -7.90 1.92 -5.46 -1.62
Car 0.00 0 -2.88 -1 -1 -1 -1 1.92 2.09 4.28 -8.12 1.56 -14.84 -2.38
Car 0.00 0 2.44 -1 -1 -1 -1 2.01 2.39 4.21 -7.73 1.59 5.85 1.52
Car 0.00 0 2.18 -1 -1 -1 -1 1.99 2.31 4.14 -8.26 1.62 10.51 1.51
Car 0.00 0 1.54 -1 -1 -1 -1 1.99 2.23 4.17 -15.00 1.39 -4.69 2.81
Car 0.00 0 1.62 -1 -1 -1 -1 1.89 2.26 4.02 -14.87 1.35 -6.84 2.76
Car 0.00 0 -1.54 -1 -1 -1 -1 1.92 2.28 4.27 -14.73 1.42 2.47 -2.95
