Car 0.00 0 -1.03 -1 -1 -1 -1 2.17 2.56 4.80 3.33 2.36 10.32 -0.72
Car 0.00 0 -1.39 -1 -1 -1 -1 3.06 3.16 7.00 1.05 2.08 -7.06 -1.54
Car 0.00 0 -2.60 -1 -1 -1 -1 2.01 2.46 5.23 5.50 2.12 -11.55 -3.04
Car 0.00 0 -2.53 -1 -1 -1 -1 2.05 2.34 4.93 5.95 2.14 -8.73 -3.12
Car 0.00 0 4.27 -1 -1 -1 -1 2.11 2.69 5.28 6.45 2.21 -2.91 3.12
Car 0.00 0 1.55 -1 -1 -1 -1 2.10 2.64 5.17 6.54 2.15 -0.71 0.09
Car 0.00 0 0.91 -1 -1 -1 -1 1.93 2.31 5.31 6.66 2.23 -6.35 0.11
Car 0.00 0 -1.23 -1 -1 -1 -1 2.08 2.43 5.13 6.82 2.30 1.90 0.07
Car 0.00 0 0.37 -1 -1 -1 -1 2.01 2.20 4.23 5.57 2.10 -16.40 0.04
Car 0.00 0 -2.77 -1 -1 -1 -1 2.14 2.49 4.90 5.12 2.10 -13.94 -3.12
Car 0.00 0 0.11 -1 -1 -1 -1 2.16 2.44 4.69 -2.00 2.68 29.55 0.04
Car 0.00 0 3.01 -1 -1 -1 -1 2.27 2.74 5.80 16.50 3.00 -5.58 1.76
Car 0.00 0 1.02 -1 -1 -1 -1 2.02 2.25 4.71 19.43 3.91 26.89 1.65
