Car 0.00 0 -1.36 -1 -1 -1 -1 2.33 2.56 5.14 4.56 2.16 -21.29 -1.57
Car 0.00 0 -1.25 -1 -1 -1 -1 2.62 2.74 5.80 3.95 2.28 -10.71 -1.61
Car 0.00 0 -1.76 -1 -1 -1 -1 2.01 2.47 5.22 -2.98 2.12 -16.08 -1.58
Car 0.00 0 -1.88 -1 -1 -1 -1 2.05 2.44 5.08 -3.08 2.15 -10.31 -1.59
Car 0.00 0 -0.81 -1 -1 -1 -1 1.98 2.44 4.97 -3.51 2.24 3.62 -1.58
Car 0.00 0 1.93 -1 -1 -1 -1 1.94 2.50 4.66 -3.58 2.22 8.78 1.55
Car 0.00 0 -1.38 -1 -1 -1 -1 2.25 2.55 5.42 -4.07 2.40 21.73 -1.56
Car 0.00 0 -1.76 -1 -1 -1 -1 2.01 2.54 5.31 3.24 2.71 26.45 -1.64
Car 0.00 0 -1.19 -1 -1 -1 -1 2.00 2.52 4.76 16.60 2.57 6.82 -0.01
Car 0.00 0 -1.58 -1 -1 -1 -1 2.41 2.52 5.13 16.73 2.53 0.32 -0.02
Car 0.00 0 3.69 -1 -1 -1 -1 2.27 2.35 4.84 -9.97 2.51 15.80 3.13
Car 0.00 0 -1.46 -1 -1 -1 -1 2.05 2.38 4.67 4.53 2.37 -27.33 -1.63
Car 0.00 0 -1.70 -1 -1 -1 -1 2.26 2.41 4.90 -2.77 2.28 -21.74 -1.58
Car 0.00 0 -1.26 -1 -1 -1 -1 2.04 2.34 4.78 21.88 2.72 6.65 0.02
Car 0.00 0 -1.32 -1 -1 -1 -1 1.95 2.34 4.55 27.20 2.73 6.47 0.02
Car 0.00 0 0.63 -1 -1 -1 -1 2.01 2.29 4.51 -10.07 1.94 13.32 -0.02
