Car 0.00 0 -1.58 -1 -1 -1 -1 2.16 2.47 4.85 -0.52 2.00 -17.42 -1.55
Car 0.00 0 -1.45 -1 -1 -1 -1 2.03 2.42 4.56 1.65 2.13 -20.87 -1.53
Car 0.00 0 -1.71 -1 -1 -1 -1 2.06 2.42 4.11 -2.86 2.07 -16.70 -1.54
Car 0.00 0 -1.34 -1 -1 -1 -1 2.05 2.43 4.26 2.22 2.13 -11.20 -1.53
Car 0.00 0 -1.90 -1 -1 -1 -1 2.01 2.38 4.67 3.30 2.26 9.25 -1.55
Car 0.00 0 -1.80 -1 -1 -1 -1 2.26 2.35 4.17 3.62 2.27 14.31 -1.55
Car 0.00 0 -1.72 -1 -1 -1 -1 3.03 2.89 6.03 3.98 2.29 21.89 -1.54
Car 0.00 0 -1.47 -1 -1 -1 -1 1.95 2.44 4.28 -0.41 2.44 28.99 -1.48
Car 0.00 0 -2.75 -1 -1 -1 -1 2.11 2.37 4.69 -5.64 2.29 15.87 -3.09
Car 0.00 0 -2.76 -1 -1 -1 -1 2.05 2.26 4.37 -5.46 2.26 18.07 -3.05
Car 0.00 0 -2.77 -1 -1 -1 -1 2.00 2.34 4.27 -4.93 2.25 20.23 -3.01
