Car 0.00 0 1.40 -1 -1 -1 -1 2.08 2.47 4.75 -2.82 2.11 -19.57 1.54
Car 0.00 0 1.14 -1 -1 -1 -1 2.27 2.40 5.01 -3.07 2.14 -7.38 1.54
Car 0.00 0 0.50 -1 -1 -1 -1 2.12 2.40 4.84 -3.20 2.25 -1.83 1.55
Car 0.00 0 -0.42 -1 -1 -1 -1 1.95 2.42 5.02 3.96 2.28 -1.65 -1.59
Car 0.00 0 -1.22 -1 -1 -1 -1 2.07 2.54 5.00 -3.28 2.23 8.95 -1.57
Car 0.00 0 -2.54 -1 -1 -1 -1 2.13 2.39 4.72 3.90 2.33 3.04 -1.63
Car 0.00 0 -2.18 -1 -1 -1 -1 1.96 2.38 4.36 3.83 2.37 7.82 -1.73
Car 0.00 0 -1.89 -1 -1 -1 -1 2.03 2.45 5.42 3.54 2.40 13.10 -1.63
Car 0.00 0 -1.33 -1 -1 -1 -1 2.32 2.52 4.74 -3.55 2.27 13.91 -1.58
Car 0.00 0 -1.91 -1 -1 -1 -1 2.00 2.26 4.21 -8.78 2.09 4.02 -3.06
Car 0.00 0 2.51 -1 -1 -1 -1 1.98 2.29 4.33 -8.89 2.30 -12.61 3.13
Car 0.00 0 1.35 -1 -1 -1 -1 2.49 2.51 5.15 3.71 2.34 20.78 1.53
Car 0.00 0 -1.45 -1 -1 -1 -1 2.19 2.57 5.48 -3.55 2.23 25.40 -1.59
Car 0.00 0 3.51 -1 -1 -1 -1 2.01 2.36 5.22 -8.34 1.83 18.12 3.08
Car 0.00 0 3.49 -1 -1 -1 -1 2.00 2.24 4.50 -9.04 1.87 20.39 3.07
Car 0.00 0 3.41 -1 -1 -1 -1 2.17 2.31 4.62 -8.83 1.61 30.65 3.13
