Car 0.00 0 0.85 -1 -1 -1 -1 2.51 2.66 5.31 13.38 2.00 -13.33 0.06
Car 0.00 0 3.10 -1 -1 -1 -1 2.20 2.61 5.27 -4.87 2.29 0.58 1.64
Car 0.00 0 1.14 -1 -1 -1 -1 2.51 2.53 4.99 3.73 2.30 6.82 1.64
Car 0.00 0 -1.74 -1 -1 -1 -1 2.00 2.40 5.00 -6.58 2.27 -28.08 -1.51
Car 0.00 0 1.85 -1 -1 -1 -1 2.43 2.72 5.26 -3.81 2.43 16.12 1.62
Car 0.00 0 2.05 -1 -1 -1 -1 2.13 2.40 4.98 -4.47 2.35 9.95 1.63
Car 0.00 0 1.31 -1 -1 -1 -1 2.34 2.68 5.23 4.18 2.41 12.84 1.62
Car 0.00 0 1.78 -1 -1 -1 -1 2.09 2.52 4.67 -3.12 2.70 28.54 1.67
Car 0.00 0 1.41 -1 -1 -1 -1 2.43 2.68 5.78 4.47 2.38 18.53 1.65
Car 0.00 0 -2.18 -1 -1 -1 -1 2.47 2.65 5.14 -5.46 2.16 -7.10 -1.53
Car 0.00 0 1.48 -1 -1 -1 -1 2.09 2.37 4.59 5.09 2.55 27.28 1.67
