Car 0.00 0 -1.80 -1 -1 -1 -1 2.46 2.73 5.44 -2.89 2.00 -18.27 -1.64
Car 0.00 0 -1.88 -1 -1 -1 -1 2.24 2.55 4.93 -3.32 2.14 -12.52 -1.62
Car 0.00 0 -2.09 -1 -1 -1 -1 2.61 2.72 5.47 -3.54 2.16 -6.35 -1.58
Car 0.00 0 -1.42 -1 -1 -1 -1 2.78 2.78 5.42 4.37 1.95 -21.55 -1.62
Car 0.00 0 -1.29 -1 -1 -1 -1 2.62 2.57 5.10 4.01 2.13 -12.47 -1.60
Car 0.00 0 -0.08 -1 -1 -1 -1 2.83 2.58 5.62 -3.33 2.33 0.36 -1.54
Car 0.00 0 -1.09 -1 -1 -1 -1 2.09 2.43 4.76 3.81 2.18 -7.13 -1.58
Car 0.00 0 4.00 -1 -1 -1 -1 2.15 2.43 4.85 12.97 2.16 -10.82 3.13
Car 0.00 0 0.93 -1 -1 -1 -1 1.99 2.21 4.12 12.67 2.12 -6.19 -0.18
Car 0.00 0 -1.35 -1 -1 -1 -1 1.98 2.39 4.38 -2.23 2.57 23.80 -1.45
Car 0.00 0 -1.70 -1 -1 -1 -1 1.96 2.59 4.91 4.60 2.39 20.60 -1.48
Car 0.00 0 -1.71 -1 -1 -1 -1 2.29 2.55 4.81 5.23 2.46 26.80 -1.52
Car 0.00 0 1.06 -1 -1 -1 -1 1.95 2.21 4.09 22.56 2.17 -7.96 -0.17
