Car 0.00 0 -1.46 -1 -1 -1 -1 2.12 2.46 4.70 -1.02 1.81 -18.29 -1.40
Car 0.00 0 0.07 -1 -1 -1 -1 2.62 2.87 6.02 21.00 2.24 -5.31 -1.25
Car 0.00 0 0.04 -1 -1 -1 -1 2.55 2.59 5.80 -22.06 2.08 6.29 -1.26
Car 0.00 0 0.07 -1 -1 -1 -1 2.09 2.19 4.37 17.63 2.35 -4.60 -1.24
Car 0.00 0 1.88 -1 -1 -1 -1 2.09 2.52 5.10 -14.65 2.21 0.25 0.32
Car 0.00 0 0.78 -1 -1 -1 -1 1.97 2.48 4.99 -12.64 2.71 24.65 0.31
Car 0.00 0 1.52 -1 -1 -1 -1 2.20 2.56 5.07 14.07 3.64 28.98 1.98
Car 0.00 0 -1.52 -1 -1 -1 -1 2.62 3.03 5.71 -2.44 1.40 -27.15 -1.43
Car 0.00 0 1.40 -1 -1 -1 -1 2.17 2.55 4.65 17.89 3.55 27.84 1.97
Car 0.00 0 -1.86 -1 -1 -1 -1 2.08 2.51 4.54 22.29 3.52 26.40 -1.16
