Car 0.00 0 -1.73 -1 -1 -1 -1 2.61 2.72 5.47 -2.80 1.86 -26.26 -1.63
Car 0.00 0 -1.76 -1 -1 -1 -1 2.83 2.58 5.62 -2.85 1.89 -19.35 -1.62
Car 0.00 0 -1.41 -1 -1 -1 -1 2.09 2.43 4.76 4.53 1.99 -26.51 -1.58
Car 0.00 0 0.27 -1 -1 -1 -1 1.99 2.21 4.12 13.60 2.09 -25.01 -0.22
Car 0.00 0 -0.88 -1 -1 -1 -1 1.98 2.39 4.38 -3.00 2.22 4.14 -1.51
Car 0.00 0 -2.82 -1 -1 -1 -1 1.96 2.59 4.91 3.96 2.35 1.15 -1.53
Car 0.00 0 -2.09 -1 -1 -1 -1 2.29 2.55 4.81 4.25 2.48 7.41 -1.57
Car 0.00 0 -1.82 -1 -1 -1 -1 2.43 2.55 4.93 4.41 2.62 17.75 -1.57
Car 0.00 0 -1.96 -1 -1 -1 -1 2.01 2.27 4.11 4.42 2.54 12.67 -1.62
Car 0.00 0 -1.77 -1 -1 -1 -1 2.13 2.64 5.21 4.33 2.70 22.80 -1.59
Car 0.00 0 1.71 -1 -1 -1 -1 2.39 2.59 5.28 -2.64 2.70 25.46 1.61
Car 0.00 0 -2.64 -1 -1 -1 -1 1.95 2.30 4.41 -9.28 2.07 18.05 -3.11
