Car 0.00 0 -1.48 -1 -1 -1 -1 2.17 2.56 4.80 -1.35 2.28 14.12 -1.58
Car 0.00 0 -2.44 -1 -1 -1 -1 3.06 3.16 7.00 1.97 2.15 -10.42 -2.63
Car 0.00 0 0.62 -1 -1 -1 -1 2.23 2.58 5.38 4.97 2.10 -6.72 -0.02
Car 0.00 0 1.16 -1 -1 -1 -1 2.05 2.43 5.29 4.80 2.20 -1.55 -0.10
Car 0.00 0 0.82 -1 -1 -1 -1 2.21 2.22 4.30 5.26 2.18 -4.13 -0.09
Car 0.00 0 -1.41 -1 -1 -1 -1 2.05 2.31 4.30 4.86 2.20 0.86 -0.02
Car 0.00 0 -1.08 -1 -1 -1 -1 1.96 2.34 4.94 4.92 2.17 3.03 -0.06
Car 0.00 0 -0.82 -1 -1 -1 -1 1.98 2.36 4.92 4.76 2.24 5.45 -0.11
Car 0.00 0 -0.69 -1 -1 -1 -1 1.98 2.38 4.83 4.56 2.26 7.98 -0.17
Car 0.00 0 -0.46 -1 -1 -1 -1 2.13 2.37 4.55 4.74 2.29 10.45 -0.03
Car 0.00 0 -0.36 -1 -1 -1 -1 2.26 2.53 4.79 4.16 2.34 12.65 -0.04
Car 0.00 0 -1.40 -1 -1 -1 -1 2.41 2.45 4.94 -4.40 2.29 19.11 -1.62
Car 0.00 0 -0.18 -1 -1 -1 -1 2.15 2.41 4.73 3.95 2.37 21.66 0.00
Car 0.00 0 -0.30 -1 -1 -1 -1 2.13 2.36 4.60 4.17 2.34 17.49 -0.07
Car 0.00 0 -0.37 -1 -1 -1 -1 2.32 2.44 4.93 4.55 2.28 15.42 -0.08
