Car 0.00 0 1.43 -1 -1 -1 -1 2.18 2.53 5.23 -1.50 1.88 -29.46 1.48
Car 0.00 0 -1.79 -1 -1 -1 -1 2.33 2.34 4.81 -2.12 1.97 -23.29 -1.69
Car 0.00 0 -1.47 -1 -1 -1 -1 2.11 2.49 4.87 4.63 2.12 -20.95 -1.69
Car 0.00 0 -1.38 -1 -1 -1 -1 2.67 2.58 5.45 4.15 2.08 -15.08 -1.65
Car 0.00 0 -2.18 -1 -1 -1 -1 2.46 2.73 5.44 -3.43 2.14 -4.83 -1.57
Car 0.00 0 -0.16 -1 -1 -1 -1 2.24 2.55 4.93 -3.64 2.22 0.63 -1.56
Car 0.00 0 -1.07 -1 -1 -1 -1 2.61 2.72 5.47 -3.55 2.29 7.18 -1.53
Car 0.00 0 -1.19 -1 -1 -1 -1 2.78 2.78 5.42 3.60 2.14 -8.47 -1.59
Car 0.00 0 -2.93 -1 -1 -1 -1 2.62 2.57 5.10 3.68 2.29 0.69 -1.55
Car 0.00 0 -1.29 -1 -1 -1 -1 2.83 2.58 5.62 -3.00 2.30 13.80 -1.50
Car 0.00 0 -2.12 -1 -1 -1 -1 2.09 2.43 4.76 3.67 2.34 5.77 -1.55
Car 0.00 0 1.69 -1 -1 -1 -1 2.15 2.43 4.85 12.43 2.30 1.69 3.12
Car 0.00 0 1.88 -1 -1 -1 -1 1.97 2.30 4.62 12.36 2.31 4.14 3.13
Car 0.00 0 -1.21 -1 -1 -1 -1 1.99 2.21 4.12 12.74 2.09 6.39 -0.11
