Car 0.00 0 -1.62 -1 -1 -1 -1 2.20 2.70 5.13 0.21 2.22 7.28 -1.60
Car 0.00 0 -1.86 -1 -1 -1 -1 2.24 2.31 4.76 -8.21 1.69 3.58 -3.02
Car 0.00 0 -1.67 -1 -1 -1 -1 2.54 2.72 5.46 -3.24 2.05 16.40 -1.86
Car 0.00 0 -1.62 -1 -1 -1 -1 2.23 2.57 5.04 -0.16 2.15 -8.64 -1.60
Car 0.00 0 -2.44 -1 -1 -1 -1 2.29 2.48 4.67 -11.60 1.39 23.56 -2.89
Car 0.00 0 -2.25 -1 -1 -1 -1 2.77 3.07 7.48 -10.82 1.34 27.68 -2.62
Car 0.00 0 -1.75 -1 -1 -1 -1 2.37 2.37 4.93 -0.09 2.21 13.92 -1.75
Car 0.00 0 -1.58 -1 -1 -1 -1 2.64 2.66 5.44 0.09 2.10 -15.92 -1.59
Car 0.00 0 -2.15 -1 -1 -1 -1 2.03 2.45 4.47 -5.35 1.81 23.51 -2.37
Car 0.00 0 -1.99 -1 -1 -1 -1 1.90 2.27 4.49 -1.67 1.90 19.63 -2.07
