Car 0.00 0 -2.17 -1 -1 -1 -1 2.96 2.72 5.22 -10.64 1.80 17.81 -2.71
Car 0.00 0 -1.56 -1 -1 -1 -1 2.10 2.56 4.92 0.14 1.94 -20.46 -1.56
Car 0.00 0 1.65 -1 -1 -1 -1 2.20 2.59 4.91 3.84 1.99 -26.43 1.50
Car 0.00 0 1.13 -1 -1 -1 -1 2.23 2.47 5.19 3.92 2.20 10.45 1.49
Car 0.00 0 -2.32 -1 -1 -1 -1 2.43 2.41 4.81 9.83 2.78 -10.41 -3.07
Car 0.00 0 -1.85 -1 -1 -1 -1 2.61 2.38 5.59 10.67 2.80 -7.68 -2.79
Car 0.00 0 1.49 -1 -1 -1 -1 2.23 2.42 5.00 11.27 2.81 -5.19 0.35
Car 0.00 0 -0.96 -1 -1 -1 -1 2.44 2.56 5.59 13.87 2.75 -0.72 -2.48
Car 0.00 0 0.69 -1 -1 -1 -1 2.49 2.53 4.76 9.91 2.68 -12.92 0.04
Car 0.00 0 -3.71 -1 -1 -1 -1 1.88 2.51 4.94 17.07 2.67 3.20 -2.32
Car 0.00 0 0.52 -1 -1 -1 -1 2.48 2.41 5.10 -8.27 1.87 21.87 0.16
Car 0.00 0 -0.10 -1 -1 -1 -1 2.03 2.25 4.39 8.24 2.51 19.89 0.30
Car 0.00 0 -3.85 -1 -1 -1 -1 1.89 2.33 4.63 15.18 2.46 1.57 -2.38
Car 0.00 0 0.91 -1 -1 -1 -1 2.66 2.81 5.62 -21.77 1.62 24.87 0.19
