Car 0.00 0 1.31 -1 -1 -1 -1 1.94 2.50 4.66 -4.05 2.22 -18.83 1.52
Car 0.00 0 -2.13 -1 -1 -1 -1 2.25 2.55 5.42 -4.04 2.24 -6.14 -1.55
Car 0.00 0 -0.39 -1 -1 -1 -1 2.01 2.54 5.31 3.17 2.22 -1.27 -1.57
Car 0.00 0 -1.15 -1 -1 -1 -1 2.06 2.55 5.03 -4.00 2.34 9.67 -1.54
Car 0.00 0 -2.31 -1 -1 -1 -1 2.11 2.52 5.05 3.19 2.26 3.71 -1.60
Car 0.00 0 -2.93 -1 -1 -1 -1 2.00 2.54 4.93 -4.25 2.26 -0.73 -1.53
Car 0.00 0 -2.08 -1 -1 -1 -1 2.05 2.43 4.35 3.17 2.28 8.40 -1.72
Car 0.00 0 -1.29 -1 -1 -1 -1 2.23 2.49 4.50 -4.16 2.36 14.47 -1.57
Car 0.00 0 -1.93 -1 -1 -1 -1 2.00 2.36 4.40 -9.58 2.43 4.77 -3.04
Car 0.00 0 -1.82 -1 -1 -1 -1 2.02 2.56 5.60 3.04 2.29 13.71 -1.61
Car 0.00 0 -1.37 -1 -1 -1 -1 2.16 2.46 5.23 -1.48 2.26 24.82 -1.43
Car 0.00 0 -1.41 -1 -1 -1 -1 2.33 2.62 5.58 -4.00 2.50 26.13 -1.57
Car 0.00 0 -3.83 -1 -1 -1 -1 2.27 2.35 4.84 -10.24 2.59 -11.82 -3.11
Car 0.00 0 1.41 -1 -1 -1 -1 2.50 2.65 5.07 3.28 2.26 21.29 1.56
Car 0.00 0 3.53 -1 -1 -1 -1 2.20 2.35 5.51 -9.01 2.42 18.82 3.08
