Car 0.00 0 -1.72 -1 -1 -1 -1 2.29 2.47 5.02 -2.38 2.03 -23.94 -1.62
Car 0.00 0 -1.76 -1 -1 -1 -1 2.04 2.48 4.32 -2.44 2.12 -11.48 -1.55
Car 0.00 0 -1.43 -1 -1 -1 -1 2.07 2.42 4.62 2.50 2.04 -16.68 -1.58
Car 0.00 0 -1.59 -1 -1 -1 -1 2.16 2.47 4.85 -0.15 1.97 -20.24 -1.58
Car 0.00 0 -1.23 -1 -1 -1 -1 2.03 2.33 4.70 2.44 2.14 -7.21 -1.55
Car 0.00 0 -0.28 -1 -1 -1 -1 1.97 2.50 4.65 2.52 2.14 -0.81 -1.54
Car 0.00 0 -1.94 -1 -1 -1 -1 2.00 2.43 4.96 2.40 2.26 6.62 -1.59
Car 0.00 0 -1.45 -1 -1 -1 -1 1.90 2.43 4.69 -2.42 2.42 18.74 -1.58
Car 0.00 0 -1.68 -1 -1 -1 -1 2.36 2.62 5.46 2.54 2.33 21.00 -1.56
Car 0.00 0 -1.47 -1 -1 -1 -1 1.98 2.46 5.20 2.52 2.08 -22.08 -1.58
