Car 0.00 0 -1.59 -1 -1 -1 -1 2.23 2.48 4.89 -0.20 2.02 -11.88 -1.57
Car 0.00 0 -1.58 -1 -1 -1 -1 3.35 3.23 6.72 0.23 2.46 20.25 -1.57
Car 0.00 0 1.72 -1 -1 -1 -1 2.22 2.26 4.60 3.41 1.84 -24.57 1.58
Car 0.00 0 1.80 -1 -1 -1 -1 2.34 2.74 5.19 4.07 1.94 -17.62 1.57
Car 0.00 0 1.95 -1 -1 -1 -1 2.15 2.63 4.90 4.34 2.10 -11.74 1.60
Car 0.00 0 2.30 -1 -1 -1 -1 2.31 2.73 5.10 3.50 2.20 -4.11 1.59
Car 0.00 0 0.25 -1 -1 -1 -1 2.08 2.42 4.68 3.57 2.28 0.83 1.60
Car 0.00 0 1.24 -1 -1 -1 -1 2.14 2.55 4.80 3.36 2.34 9.35 1.58
Car 0.00 0 1.38 -1 -1 -1 -1 2.45 2.71 5.85 3.58 2.49 16.07 1.60
Car 0.00 0 1.38 -1 -1 -1 -1 4.28 3.38 8.02 4.24 2.43 24.07 1.56
