Car 0.00 0 0.77 -1 -1 -1 -1 2.55 2.59 5.80 -14.16 2.48 7.17 -0.33
Car 0.00 0 4.29 -1 -1 -1 -1 2.23 2.55 5.01 24.49 2.76 -2.82 2.84
Car 0.00 0 1.88 -1 -1 -1 -1 2.50 2.60 5.60 18.39 1.98 -25.28 1.25
Car 0.00 0 1.34 -1 -1 -1 -1 2.17 2.56 4.87 23.44 2.97 2.25 2.81
Car 0.00 0 4.12 -1 -1 -1 -1 2.20 2.56 5.07 25.76 2.70 -8.13 2.85
Car 0.00 0 -1.21 -1 -1 -1 -1 2.62 3.03 5.71 -23.13 2.10 -25.54 -0.48
Car 0.00 0 -1.04 -1 -1 -1 -1 2.17 2.41 5.25 -21.92 2.76 17.80 -1.93
Car 0.00 0 0.87 -1 -1 -1 -1 1.99 2.37 4.74 6.52 2.59 13.78 1.31
Car 0.00 0 0.78 -1 -1 -1 -1 2.08 2.51 4.54 28.71 2.70 -16.30 -0.27
Car 0.00 0 4.19 -1 -1 -1 -1 2.13 2.52 4.99 25.26 2.77 -5.33 2.82
Car 0.00 0 1.45 -1 -1 -1 -1 2.07 2.50 4.99 22.19 2.98 4.67 2.81
Car 0.00 0 -1.27 -1 -1 -1 -1 2.20 2.56 5.02 20.54 3.23 10.19 -0.16
Car 0.00 0 -1.13 -1 -1 -1 -1 2.12 2.46 4.70 -16.55 2.21 -22.06 -0.48
Car 0.00 0 4.05 -1 -1 -1 -1 2.17 2.55 4.65 26.89 3.07 -11.95 2.89
Car 0.00 0 -0.16 -1 -1 -1 -1 2.09 2.52 5.10 -14.46 2.44 -2.26 1.26
Car 0.00 0 3.59 -1 -1 -1 -1 2.34 2.52 4.93 -19.56 2.72 21.73 2.85
Car 0.00 0 -1.00 -1 -1 -1 -1 2.11 2.30 4.72 15.73 3.16 24.78 -0.44
