Car 0.00 0 -2.13 -1 -1 -1 -1 2.12 2.77 5.28 1.45 1.99 -11.97 -2.25
Car 0.00 0 -1.70 -1 -1 -1 -1 2.48 2.48 4.91 -1.82 2.08 24.62 -1.77
Car 0.00 0 1.40 -1 -1 -1 -1 2.16 2.58 5.17 11.36 2.10 -11.28 0.61
Car 0.00 0 0.84 -1 -1 -1 -1 2.26 2.51 4.98 -7.59 2.20 10.45 0.21
Car 0.00 0 0.58 -1 -1 -1 -1 2.02 2.48 4.65 3.69 2.25 3.27 1.42
Car 0.00 0 -2.10 -1 -1 -1 -1 2.01 2.39 4.85 -8.23 2.21 7.98 -2.90
Car 0.00 0 1.39 -1 -1 -1 -1 2.54 2.69 5.27 -9.12 2.10 5.75 0.38
Car 0.00 0 -2.41 -1 -1 -1 -1 2.11 2.53 5.09 10.95 2.05 -17.43 -2.97
Car 0.00 0 1.31 -1 -1 -1 -1 2.02 2.56 5.31 2.41 2.20 14.04 1.48
Car 0.00 0 1.33 -1 -1 -1 -1 2.09 2.52 4.96 0.50 2.11 29.24 1.35
Car 0.00 0 0.51 -1 -1 -1 -1 2.14 2.52 5.02 -7.47 2.24 13.43 -0.00
Car 0.00 0 2.13 -1 -1 -1 -1 2.01 2.39 4.85 -11.40 2.09 0.72 0.62
Car 0.00 0 -0.77 -1 -1 -1 -1 1.85 2.39 4.82 -13.14 2.08 -1.07 0.72
Car 0.00 0 3.53 -1 -1 -1 -1 2.69 2.87 5.23 -7.84 2.40 15.97 3.07
