Car 0.00 0 -1.56 -1 -1 -1 -1 2.16 2.47 4.85 -0.07 1.98 -18.28 -1.56
Car 0.00 0 -1.40 -1 -1 -1 -1 2.04 2.47 4.78 2.44 2.03 -13.48 -1.58
Car 0.00 0 -1.76 -1 -1 -1 -1 2.02 2.25 4.14 -2.51 2.06 -15.30 -1.60
Car 0.00 0 -2.03 -1 -1 -1 -1 2.19 2.39 4.67 -2.38 2.08 -4.93 -1.58
Car 0.00 0 -0.65 -1 -1 -1 -1 2.03 2.41 4.72 2.35 2.21 -1.85 -1.56
Car 0.00 0 -0.95 -1 -1 -1 -1 2.23 2.51 4.81 -2.47 2.29 3.39 -1.58
Car 0.00 0 -2.23 -1 -1 -1 -1 2.02 2.26 4.62 2.39 2.22 3.28 -1.60
Car 0.00 0 -1.81 -1 -1 -1 -1 2.03 2.42 4.56 2.19 2.33 9.49 -1.58
Car 0.00 0 -1.38 -1 -1 -1 -1 2.06 2.42 4.11 -2.60 2.38 13.57 -1.56
Car 0.00 0 -1.74 -1 -1 -1 -1 2.05 2.43 4.26 2.22 2.32 19.45 -1.63
Car 0.00 0 -1.45 -1 -1 -1 -1 1.99 2.26 4.46 2.68 2.03 -29.53 -1.54
Car 0.00 0 -1.67 -1 -1 -1 -1 1.90 2.35 4.94 -2.30 2.07 -24.46 -1.58
