Car 0.00 0 -1.25 -1 -1 -1 -1 2.11 2.52 5.05 4.09 2.13 -9.60 -1.65
Car 0.00 0 -1.78 -1 -1 -1 -1 2.00 2.54 4.93 -3.19 2.02 -14.04 -1.56
Car 0.00 0 -1.05 -1 -1 -1 -1 2.05 2.43 4.35 3.88 2.26 -4.66 -1.74
Car 0.00 0 -0.31 -1 -1 -1 -1 2.23 2.49 4.50 -3.48 2.28 1.03 -1.60
Car 0.00 0 -3.05 -1 -1 -1 -1 2.02 2.56 5.60 3.59 2.31 0.55 -1.63
Car 0.00 0 -0.80 -1 -1 -1 -1 2.16 2.46 5.23 -3.13 2.31 6.48 -1.25
Car 0.00 0 1.12 -1 -1 -1 -1 2.50 2.65 5.07 3.66 2.37 7.93 1.55
Car 0.00 0 4.08 -1 -1 -1 -1 2.20 2.35 5.51 -8.57 2.22 5.20 3.06
Car 0.00 0 -2.26 -1 -1 -1 -1 2.09 2.29 4.32 -9.06 2.17 7.53 -3.14
Car 0.00 0 -1.30 -1 -1 -1 -1 2.33 2.62 5.58 -3.66 2.36 12.66 -1.58
Car 0.00 0 -1.75 -1 -1 -1 -1 2.08 2.51 4.72 3.22 2.57 21.35 -1.60
Car 0.00 0 3.61 -1 -1 -1 -1 2.41 2.47 4.83 -9.24 2.29 17.72 3.13
Car 0.00 0 -1.42 -1 -1 -1 -1 2.54 2.83 5.61 -3.94 2.53 26.13 -1.57
Car 0.00 0 -2.29 -1 -1 -1 -1 2.06 2.55 5.03 -3.27 2.23 -3.87 -1.59
Car 0.00 0 -1.79 -1 -1 -1 -1 2.25 2.55 5.42 -2.97 1.98 -19.60 -1.64
Car 0.00 0 -1.31 -1 -1 -1 -1 2.01 2.54 5.31 4.11 2.06 -14.54 -1.58
Car 0.00 0 -3.86 -1 -1 -1 -1 2.00 2.36 4.40 -8.74 2.13 -8.99 -3.09
Car 0.00 0 2.80 -1 -1 -1 -1 2.27 2.35 4.84 -8.93 2.31 -25.45 3.14
Car 0.00 0 -1.70 -1 -1 -1 -1 2.03 2.51 5.10 3.17 2.53 26.47 -1.58
