Car 0.00 0 -1.62 -1 -1 -1 -1 2.23 2.48 4.89 0.27 1.95 -13.92 -1.64
Car 0.00 0 0.75 -1 -1 -1 -1 3.21 2.96 7.85 19.88 2.24 -21.57 0.00
Car 0.00 0 1.68 -1 -1 -1 -1 2.48 2.75 5.57 3.42 2.06 -11.93 1.40
Car 0.00 0 2.21 -1 -1 -1 -1 2.04 2.37 4.74 3.15 2.14 -4.30 1.58
Car 0.00 0 0.37 -1 -1 -1 -1 2.00 2.43 4.17 3.21 2.24 1.36 1.54
Car 0.00 0 1.36 -1 -1 -1 -1 2.56 2.80 5.70 2.45 2.53 18.39 1.49
Car 0.00 0 2.02 -1 -1 -1 -1 2.32 2.73 5.76 5.97 2.03 -10.74 1.51
Car 0.00 0 1.29 -1 -1 -1 -1 3.13 2.94 6.50 2.79 2.43 11.38 1.53
Car 0.00 0 1.56 -1 -1 -1 -1 2.03 2.46 4.54 11.39 2.60 -1.15 0.09
Car 0.00 0 1.45 -1 -1 -1 -1 2.35 2.62 4.83 1.55 2.53 26.77 1.50
