Car 0.00 0 1.37 -1 -1 -1 -1 2.12 2.40 4.84 -3.13 2.06 -17.18 1.55
Car 0.00 0 -2.04 -1 -1 -1 -1 2.07 2.54 5.00 -3.22 2.14 -6.41 -1.57
Car 0.00 0 -1.31 -1 -1 -1 -1 2.13 2.39 4.72 4.02 2.17 -12.31 -1.62
Car 0.00 0 -1.24 -1 -1 -1 -1 1.96 2.38 4.36 3.98 2.20 -7.57 -1.72
Car 0.00 0 -0.59 -1 -1 -1 -1 2.03 2.45 5.42 3.74 2.27 -2.25 -1.62
Car 0.00 0 -2.62 -1 -1 -1 -1 2.32 2.52 4.74 -3.36 2.14 -1.95 -1.57
Car 0.00 0 0.92 -1 -1 -1 -1 2.49 2.51 5.15 3.82 2.35 5.10 1.56
Car 0.00 0 -1.26 -1 -1 -1 -1 2.19 2.57 5.48 -3.30 2.27 9.94 -1.58
Car 0.00 0 -1.78 -1 -1 -1 -1 2.01 2.35 4.79 3.74 2.42 18.54 -1.58
Car 0.00 0 -1.45 -1 -1 -1 -1 2.56 2.60 5.33 -3.32 2.30 23.34 -1.59
Car 0.00 0 -1.73 -1 -1 -1 -1 2.05 2.40 5.05 3.62 2.42 23.76 -1.58
Car 0.00 0 1.41 -1 -1 -1 -1 2.27 2.40 5.01 -3.11 2.16 -22.82 1.54
Car 0.00 0 -1.36 -1 -1 -1 -1 1.95 2.42 5.02 4.03 2.14 -17.30 -1.59
Car 0.00 0 4.35 -1 -1 -1 -1 2.01 2.36 5.22 -8.21 2.06 2.64 3.09
Car 0.00 0 4.15 -1 -1 -1 -1 2.00 2.24 4.50 -8.90 2.08 4.84 3.08
Car 0.00 0 -3.69 -1 -1 -1 -1 2.00 2.26 4.21 -8.74 2.24 -11.73 -3.05
Car 0.00 0 3.65 -1 -1 -1 -1 2.17 2.31 4.62 -8.60 1.89 15.16 3.14
