Car 0.00 0 -2.98 -1 -1 -1 -1 2.10 2.52 5.15 -3.04 2.21 -0.23 -1.48
Car 0.00 0 1.05 -1 -1 -1 -1 2.39 2.59 5.42 -3.04 2.11 -5.71 1.53
Car 0.00 0 -1.85 -1 -1 -1 -1 2.16 2.35 4.81 -2.90 2.06 -12.31 -1.62
Car 0.00 0 -1.38 -1 -1 -1 -1 2.00 2.39 4.99 -2.96 2.50 20.04 -1.53
Car 0.00 0 -1.71 -1 -1 -1 -1 3.06 2.80 5.94 -2.79 1.94 -20.09 -1.57
Car 0.00 0 -1.13 -1 -1 -1 -1 2.13 2.64 5.00 12.48 2.63 7.37 -0.10
Car 0.00 0 -1.48 -1 -1 -1 -1 1.92 2.29 4.08 11.87 2.57 2.22 -0.09
Car 0.00 0 1.29 -1 -1 -1 -1 1.99 2.20 3.90 4.56 2.47 15.78 1.57
Car 0.00 0 1.38 -1 -1 -1 -1 1.93 2.31 4.50 4.22 2.58 21.20 1.57
Car 0.00 0 -1.51 -1 -1 -1 -1 2.11 2.51 4.98 18.00 2.57 2.85 -0.10
Car 0.00 0 -1.72 -1 -1 -1 -1 2.02 2.35 4.74 4.05 2.51 27.20 -1.57
