Car 0.00 0 -0.87 -1 -1 -1 -1 1.99 2.39 5.16 3.76 2.19 -4.20 -1.60
Car 0.00 0 -1.92 -1 -1 -1 -1 1.97 2.40 4.41 -3.22 2.25 -10.12 -1.61
Car 0.00 0 -2.13 -1 -1 -1 -1 2.15 2.42 4.75 -3.33 2.25 -5.49 -1.58
Car 0.00 0 -3.06 -1 -1 -1 -1 2.00 2.36 4.65 -3.48 2.30 -0.33 -1.59
Car 0.00 0 0.96 -1 -1 -1 -1 1.95 2.30 4.65 3.66 2.35 5.62 1.53
Car 0.00 0 1.21 -1 -1 -1 -1 2.02 2.33 4.46 3.61 2.44 10.93 1.53
Car 0.00 0 -1.81 -1 -1 -1 -1 2.35 2.51 4.92 3.40 2.52 16.48 -1.60
Car 0.00 0 -1.34 -1 -1 -1 -1 2.26 2.43 4.97 -4.00 2.58 17.98 -1.56
Car 0.00 0 1.46 -1 -1 -1 -1 2.41 2.43 4.82 3.43 2.53 22.52 1.61
Car 0.00 0 1.75 -1 -1 -1 -1 2.15 2.33 4.54 -4.14 2.68 24.01 1.58
