Car 0.00 0 0.50 -1 -1 -1 -1 2.55 2.59 5.80 -16.52 2.23 8.58 -0.60
Car 0.00 0 -0.25 -1 -1 -1 -1 2.09 2.19 4.37 8.04 1.69 -24.60 -0.57
Car 0.00 0 1.36 -1 -1 -1 -1 2.23 2.55 5.01 23.14 3.58 9.22 2.55
Car 0.00 0 2.28 -1 -1 -1 -1 2.50 2.60 5.60 17.17 2.49 -4.78 0.98
Car 0.00 0 -0.23 -1 -1 -1 -1 2.62 2.87 6.02 9.96 1.63 -27.33 -0.58
Car 0.00 0 1.56 -1 -1 -1 -1 2.17 2.56 4.87 20.90 3.95 13.80 2.54
Car 0.00 0 1.18 -1 -1 -1 -1 2.20 2.56 5.07 26.00 3.50 4.39 2.58
Car 0.00 0 -1.32 -1 -1 -1 -1 2.62 3.03 5.71 -17.92 1.00 -26.52 -0.73
Car 0.00 0 1.14 -1 -1 -1 -1 1.99 2.37 4.74 -2.80 3.39 28.05 1.04
Car 0.00 0 1.26 -1 -1 -1 -1 2.13 2.52 4.99 24.57 3.51 6.92 2.56
Car 0.00 0 1.67 -1 -1 -1 -1 2.07 2.50 4.99 19.12 3.87 15.87 2.55
Car 0.00 0 -1.09 -1 -1 -1 -1 2.20 2.56 5.02 15.93 3.98 20.60 -0.43
Car 0.00 0 -1.27 -1 -1 -1 -1 2.12 2.46 4.70 -12.16 1.45 -21.11 -0.75
Car 0.00 0 1.09 -1 -1 -1 -1 2.17 2.55 4.65 28.11 3.73 0.97 2.63
Car 0.00 0 -0.55 -1 -1 -1 -1 2.09 2.52 5.10 -14.28 2.09 -0.62 0.98
Car 0.00 0 3.47 -1 -1 -1 -1 2.34 2.52 4.93 -25.51 2.50 21.13 2.59
