Car 0.00 0 1.84 -1 -1 -1 -1 1.97 2.39 5.05 6.07 2.09 -19.98 1.55
Car 0.00 0 1.86 -1 -1 -1 -1 2.14 2.32 4.84 5.59 2.08 -14.36 1.49
Car 0.00 0 2.11 -1 -1 -1 -1 1.99 2.53 5.02 5.29 2.20 -8.85 1.57
Car 0.00 0 2.78 -1 -1 -1 -1 2.05 2.29 4.66 -6.19 1.93 -20.58 3.07
Car 0.00 0 2.50 -1 -1 -1 -1 2.44 2.66 5.25 4.79 2.25 -3.12 1.51
Car 0.00 0 1.18 -1 -1 -1 -1 2.29 2.63 5.19 3.41 2.39 10.80 1.49
Car 0.00 0 -1.16 -1 -1 -1 -1 2.33 2.51 5.04 -3.44 2.29 6.89 -1.62
Car 0.00 0 -1.93 -1 -1 -1 -1 2.31 2.63 5.24 2.10 2.40 16.26 -1.81
Car 0.00 0 -0.24 -1 -1 -1 -1 2.22 2.43 4.83 -5.77 2.19 -25.62 -0.01
Car 0.00 0 -3.39 -1 -1 -1 -1 1.93 2.46 3.81 -6.44 2.16 -23.38 -3.12
