Car 0.00 0 -1.84 -1 -1 -1 -1 2.23 2.48 4.89 2.12 2.17 -9.49 -2.06
Car 0.00 0 1.13 -1 -1 -1 -1 2.92 2.90 6.57 27.42 3.62 -0.57 -0.42
Car 0.00 0 -0.23 -1 -1 -1 -1 3.21 2.96 7.85 9.65 2.64 2.53 1.08
Car 0.00 0 1.90 -1 -1 -1 -1 2.36 2.56 5.29 12.81 2.73 -4.46 0.66
Car 0.00 0 3.34 -1 -1 -1 -1 3.07 2.59 6.01 24.55 3.49 -20.81 2.48
Car 0.00 0 2.41 -1 -1 -1 -1 2.29 2.37 4.60 7.80 2.46 -0.70 0.93
Car 0.00 0 0.42 -1 -1 -1 -1 2.06 2.50 5.26 5.11 2.43 3.23 1.42
Car 0.00 0 1.18 -1 -1 -1 -1 2.48 2.75 5.57 4.62 2.39 10.48 1.60
Car 0.00 0 0.94 -1 -1 -1 -1 2.29 2.48 5.26 7.39 2.56 10.22 1.57
Car 0.00 0 1.23 -1 -1 -1 -1 2.23 2.36 4.60 -12.09 1.65 -13.47 1.96
