Car 0.00 0 -1.34 -1 -1 -1 -1 2.33 2.71 5.38 4.11 2.35 -18.48 -1.56
Car 0.00 0 1.29 -1 -1 -1 -1 2.82 2.92 6.55 -3.45 2.08 -14.60 1.52
Car 0.00 0 -2.16 -1 -1 -1 -1 2.03 2.53 5.44 -3.50 2.07 -5.14 -1.57
Car 0.00 0 -0.41 -1 -1 -1 -1 2.55 2.43 4.71 -3.59 2.21 1.64 -1.55
Car 0.00 0 -3.10 -1 -1 -1 -1 2.22 2.48 4.65 4.08 2.42 0.18 -1.57
Car 0.00 0 1.95 -1 -1 -1 -1 2.35 2.49 4.89 -3.46 2.30 7.82 1.53
Car 0.00 0 0.99 -1 -1 -1 -1 2.25 2.59 5.14 4.00 2.46 6.01 1.57
Car 0.00 0 -1.32 -1 -1 -1 -1 2.04 2.28 4.31 -3.54 2.38 13.37 -1.58
Car 0.00 0 -1.38 -1 -1 -1 -1 1.94 2.35 4.72 -3.55 2.44 18.64 -1.57
Car 0.00 0 1.44 -1 -1 -1 -1 2.16 2.46 4.78 3.86 2.79 24.30 1.59
Car 0.00 0 1.72 -1 -1 -1 -1 2.08 2.40 5.27 -3.41 2.54 28.48 1.60
Car 0.00 0 -1.70 -1 -1 -1 -1 2.07 2.36 4.55 -3.43 2.13 -20.39 -1.54
