Car 0.00 0 -1.34 -1 -1 -1 -1 2.07 2.43 4.95 3.21 2.27 -15.44 -1.55
Car 0.00 0 -1.78 -1 -1 -1 -1 2.19 2.44 4.89 -3.22 2.15 -17.57 -1.60
Car 0.00 0 -1.28 -1 -1 -1 -1 2.01 2.51 5.42 3.03 2.14 -8.93 -1.61
Car 0.00 0 -1.84 -1 -1 -1 -1 1.98 2.31 4.41 -3.26 2.21 -12.65 -1.58
Car 0.00 0 -2.28 -1 -1 -1 -1 2.19 2.51 4.59 -3.35 2.10 -3.94 -1.57
Car 0.00 0 -2.22 -1 -1 -1 -1 2.41 2.61 5.38 3.08 2.20 4.25 -1.59
Car 0.00 0 -1.19 -1 -1 -1 -1 2.20 2.37 4.62 -3.38 2.44 8.75 -1.55
Car 0.00 0 -1.78 -1 -1 -1 -1 1.95 2.52 4.99 2.98 2.34 15.52 -1.59
Car 0.00 0 1.74 -1 -1 -1 -1 2.08 2.27 4.75 -3.59 2.41 18.44 1.55
Car 0.00 0 -1.69 -1 -1 -1 -1 1.90 2.44 4.67 3.17 2.37 27.55 -1.57
Car 0.00 0 -0.77 -1 -1 -1 -1 2.06 2.46 5.39 -3.21 2.26 2.93 -1.60
Car 0.00 0 -1.70 -1 -1 -1 -1 2.21 2.58 4.89 -2.95 2.31 -24.16 -1.58
Car 0.00 0 -1.43 -1 -1 -1 -1 2.20 2.47 5.11 3.16 2.30 -25.08 -1.55
Car 0.00 0 -1.76 -1 -1 -1 -1 2.02 2.40 5.29 3.24 2.21 22.02 -1.61
