Car 0.00 0 -1.65 -1 -1 -1 -1 1.89 2.35 4.77 -2.03 2.03 -26.24 -1.58
Car 0.00 0 -1.45 -1 -1 -1 -1 1.95 2.37 4.42 2.79 2.07 -20.81 -1.59
Car 0.00 0 -1.85 -1 -1 -1 -1 2.29 2.47 5.02 -2.41 2.12 -8.50 -1.58
Car 0.00 0 -1.40 -1 -1 -1 -1 2.01 2.43 4.95 2.51 2.12 -12.67 -1.60
Car 0.00 0 -1.23 -1 -1 -1 -1 1.98 2.46 5.20 2.44 2.13 -6.63 -1.58
Car 0.00 0 -1.00 -1 -1 -1 -1 2.04 2.48 4.32 -2.55 2.21 4.09 -1.56
Car 0.00 0 -0.51 -1 -1 -1 -1 2.07 2.42 4.62 2.38 2.20 -1.26 -1.59
Car 0.00 0 -1.58 -1 -1 -1 -1 2.16 2.47 4.85 0.00 1.96 -20.85 -1.58
Car 0.00 0 -1.87 -1 -1 -1 -1 2.03 2.33 4.70 2.29 2.32 8.24 -1.59
Car 0.00 0 -1.77 -1 -1 -1 -1 1.97 2.50 4.65 2.29 2.36 14.58 -1.61
Car 0.00 0 -1.72 -1 -1 -1 -1 2.00 2.43 4.96 2.24 2.45 22.07 -1.62
