Car 0.00 0 -1.43 -1 -1 -1 -1 1.92 2.34 4.71 2.26 1.47 -25.54 -1.51
Car 0.00 0 -1.52 -1 -1 -1 -1 2.12 2.46 4.70 -0.20 1.71 -14.80 -1.50
Car 0.00 0 -2.49 -1 -1 -1 -1 2.62 2.87 6.02 20.36 3.02 9.72 -1.36
Car 0.00 0 1.18 -1 -1 -1 -1 2.09 2.52 5.10 -15.72 1.71 10.93 0.21
Car 0.00 0 -0.39 -1 -1 -1 -1 2.55 2.59 5.80 -23.74 1.18 16.15 -1.37
Car 0.00 0 -0.16 -1 -1 -1 -1 2.16 2.43 5.05 10.99 2.94 29.59 0.19
Car 0.00 0 -2.42 -1 -1 -1 -1 2.09 2.19 4.37 16.97 2.84 9.98 -1.38
Car 0.00 0 -2.61 -1 -1 -1 -1 2.39 2.36 4.34 22.59 3.00 8.78 -1.41
Car 0.00 0 -2.67 -1 -1 -1 -1 2.22 2.45 4.76 25.11 3.15 7.86 -1.41
Car 0.00 0 -4.44 -1 -1 -1 -1 1.99 2.27 4.80 29.16 3.35 4.00 -3.00
