Car 0.00 0 1.44 -1 -1 -1 -1 2.43 2.72 5.26 -3.81 1.91 -28.91 1.57
Car 0.00 0 1.34 -1 -1 -1 -1 2.09 2.52 4.67 -3.97 2.10 -16.68 1.58
Car 0.00 0 1.72 -1 -1 -1 -1 2.43 2.68 5.78 4.27 2.02 -26.23 1.56
Car 0.00 0 0.79 -1 -1 -1 -1 2.18 2.49 4.80 -3.79 2.19 -3.79 1.57
Car 0.00 0 1.86 -1 -1 -1 -1 2.09 2.37 4.59 4.41 2.16 -17.64 1.61
Car 0.00 0 1.94 -1 -1 -1 -1 2.07 2.50 4.61 4.30 2.08 -11.64 1.58
Car 0.00 0 2.31 -1 -1 -1 -1 2.25 2.58 5.27 4.23 2.18 -4.90 1.60
Car 0.00 0 0.22 -1 -1 -1 -1 2.02 2.48 5.04 4.39 2.30 0.69 1.63
Car 0.00 0 0.93 -1 -1 -1 -1 2.08 2.61 4.73 4.31 2.31 5.64 1.58
Car 0.00 0 1.27 -1 -1 -1 -1 2.02 2.30 5.02 4.40 2.37 12.17 1.62
Car 0.00 0 2.67 -1 -1 -1 -1 2.16 2.53 5.34 -3.73 2.23 1.82 1.56
Car 0.00 0 1.34 -1 -1 -1 -1 2.03 2.64 5.38 4.59 2.34 18.56 1.58
Car 0.00 0 -1.78 -1 -1 -1 -1 2.36 2.56 5.14 4.54 2.37 24.82 -1.60
Car 0.00 0 1.17 -1 -1 -1 -1 2.12 2.40 4.88 -3.70 2.09 -9.58 1.53
Car 0.00 0 -1.37 -1 -1 -1 -1 2.04 2.61 5.13 -3.73 2.38 23.47 -1.53
