Car 0.00 0 -1.13 -1 -1 -1 -1 1.99 2.39 5.16 3.71 2.26 -7.77 -1.58
Car 0.00 0 -1.83 -1 -1 -1 -1 1.97 2.40 4.41 -3.31 2.33 -13.63 -1.59
Car 0.00 0 -1.91 -1 -1 -1 -1 2.15 2.42 4.75 -3.34 2.33 -8.92 -1.56
Car 0.00 0 -2.30 -1 -1 -1 -1 2.00 2.36 4.65 -3.41 2.31 -3.91 -1.58
Car 0.00 0 0.50 -1 -1 -1 -1 1.95 2.30 4.65 3.71 2.27 2.08 1.56
Car 0.00 0 1.07 -1 -1 -1 -1 2.02 2.33 4.46 3.73 2.28 7.33 1.54
Car 0.00 0 -1.89 -1 -1 -1 -1 2.35 2.51 4.92 3.60 2.31 12.90 -1.62
Car 0.00 0 -1.29 -1 -1 -1 -1 2.26 2.43 4.97 -3.88 2.39 14.47 -1.55
Car 0.00 0 1.43 -1 -1 -1 -1 2.41 2.43 4.82 3.60 2.25 18.91 1.62
Car 0.00 0 1.44 -1 -1 -1 -1 1.98 2.42 5.25 3.39 2.33 25.55 1.57
Car 0.00 0 1.78 -1 -1 -1 -1 2.15 2.33 4.54 -3.97 2.34 20.45 1.58
