Car 0.00 0 -1.24 -1 -1 -1 -1 2.17 2.56 4.80 0.76 2.25 12.27 -1.18
Car 0.00 0 -1.44 -1 -1 -1 -1 3.06 3.16 7.00 0.75 2.06 -7.18 -1.54
Car 0.00 0 0.49 -1 -1 -1 -1 2.01 2.20 4.23 5.54 2.11 -11.68 0.04
Car 0.00 0 -2.61 -1 -1 -1 -1 2.14 2.49 4.90 5.07 2.12 -9.17 -3.12
Car 0.00 0 -2.39 -1 -1 -1 -1 2.01 2.46 5.23 5.26 2.18 -6.87 -3.05
Car 0.00 0 -2.15 -1 -1 -1 -1 2.05 2.34 4.93 5.93 2.19 -3.96 -3.13
Car 0.00 0 1.81 -1 -1 -1 -1 2.11 2.69 5.28 6.35 2.27 1.69 3.12
Car 0.00 0 -0.91 -1 -1 -1 -1 2.10 2.64 5.17 6.44 2.21 4.16 0.08
Car 0.00 0 1.43 -1 -1 -1 -1 1.93 2.31 5.31 6.63 2.21 -1.64 0.10
Car 0.00 0 -0.77 -1 -1 -1 -1 2.08 2.43 5.13 6.79 2.26 6.66 0.03
Car 0.00 0 3.27 -1 -1 -1 -1 2.27 2.74 5.80 16.62 3.20 -0.35 1.72
Car 0.00 0 -2.76 -1 -1 -1 -1 2.00 2.59 5.17 5.34 2.19 -13.58 -3.14
Car 0.00 0 -1.73 -1 -1 -1 -1 2.41 2.45 4.94 -4.02 2.01 -25.65 -1.58
