Car 0.00 0 -1.45 -1 -1 -1 -1 2.01 2.51 5.42 2.79 2.04 -20.96 -1.59
Car 0.00 0 -1.70 -1 -1 -1 -1 1.98 2.31 4.41 -3.59 2.07 -24.46 -1.56
Car 0.00 0 -1.76 -1 -1 -1 -1 2.19 2.51 4.59 -3.49 2.04 -15.81 -1.54
Car 0.00 0 -1.21 -1 -1 -1 -1 2.41 2.61 5.38 3.09 2.17 -8.14 -1.58
Car 0.00 0 -1.94 -1 -1 -1 -1 2.06 2.46 5.39 -3.24 2.17 -8.96 -1.59
Car 0.00 0 -2.34 -1 -1 -1 -1 2.20 2.37 4.62 -3.34 2.19 -3.42 -1.57
Car 0.00 0 -2.32 -1 -1 -1 -1 1.95 2.52 4.99 3.11 2.26 3.46 -1.58
Car 0.00 0 2.04 -1 -1 -1 -1 2.08 2.27 4.75 -3.37 2.37 6.60 1.56
Car 0.00 0 -1.81 -1 -1 -1 -1 1.90 2.44 4.67 3.54 2.38 15.58 -1.59
Car 0.00 0 -1.94 -1 -1 -1 -1 2.02 2.40 5.29 3.45 2.38 9.78 -1.60
Car 0.00 0 -1.74 -1 -1 -1 -1 2.31 2.57 4.89 3.62 2.52 27.56 -1.61
