Car 0.00 0 -2.30 -1 -1 -1 -1 2.39 2.65 5.66 15.10 3.25 -25.12 -2.84
Car 0.00 0 0.98 -1 -1 -1 -1 2.25 2.35 4.13 16.46 3.53 -19.56 0.28
Car 0.00 0 1.05 -1 -1 -1 -1 2.21 2.48 4.66 16.80 3.55 -16.30 0.25
Car 0.00 0 -1.45 -1 -1 -1 -1 2.90 3.06 5.64 20.79 3.72 -2.15 -2.91
Car 0.00 0 -1.99 -1 -1 -1 -1 2.17 2.39 4.44 17.84 3.64 -13.25 -2.92
Car 0.00 0 -1.85 -1 -1 -1 -1 2.29 2.56 4.52 18.59 3.71 -10.25 -2.91
Car 0.00 0 -1.40 -1 -1 -1 -1 2.47 2.50 4.91 0.29 1.92 -27.81 -1.41
Car 0.00 0 -1.58 -1 -1 -1 -1 2.23 2.48 4.89 -5.36 1.81 -28.55 -1.40
Car 0.00 0 1.04 -1 -1 -1 -1 2.19 2.54 4.99 27.95 4.32 19.52 2.00
Car 0.00 0 1.16 -1 -1 -1 -1 2.19 2.45 4.63 -18.82 1.84 23.11 0.48
