Car 0.00 0 -1.40 -1 -1 -1 -1 2.17 2.56 4.80 -4.62 2.27 4.21 -2.23
Car 0.00 0 1.46 -1 -1 -1 -1 3.06 3.16 7.00 9.21 2.66 -17.34 0.97
Car 0.00 0 -3.25 -1 -1 -1 -1 2.08 2.43 5.13 6.78 2.22 2.45 -2.03
Car 0.00 0 -0.93 -1 -1 -1 -1 2.27 2.74 5.80 9.19 2.72 14.56 -0.37
Car 0.00 0 1.07 -1 -1 -1 -1 2.02 2.25 4.71 -20.97 2.64 1.43 -0.43
Car 0.00 0 -2.63 -1 -1 -1 -1 2.16 2.44 4.69 -12.78 2.58 -19.19 -2.04
Car 0.00 0 -1.92 -1 -1 -1 -1 2.22 2.93 5.39 -27.64 2.62 -1.30 -0.40
Car 0.00 0 -2.58 -1 -1 -1 -1 2.28 2.36 4.75 -15.59 2.76 -19.57 -1.90
Car 0.00 0 -3.32 -1 -1 -1 -1 2.10 2.64 5.17 9.48 2.27 3.41 -2.10
Car 0.00 0 -0.19 -1 -1 -1 -1 2.11 2.69 5.28 11.74 2.33 4.25 1.03
