Car 0.00 0 -1.57 -1 -1 -1 -1 2.16 2.47 4.85 -0.25 2.03 -18.01 -1.55
Car 0.00 0 -1.46 -1 -1 -1 -1 2.04 2.47 4.78 2.33 2.02 -20.41 -1.57
Car 0.00 0 -1.78 -1 -1 -1 -1 2.19 2.39 4.67 -2.32 2.08 -11.53 -1.58
Car 0.00 0 -1.29 -1 -1 -1 -1 2.03 2.41 4.72 2.31 2.13 -8.79 -1.54
Car 0.00 0 -2.20 -1 -1 -1 -1 2.23 2.51 4.81 -2.41 2.11 -3.35 -1.58
Car 0.00 0 -1.02 -1 -1 -1 -1 2.02 2.26 4.62 2.45 2.15 -3.76 -1.60
Car 0.00 0 -2.30 -1 -1 -1 -1 2.03 2.42 4.56 2.29 2.21 2.60 -1.58
Car 0.00 0 -1.22 -1 -1 -1 -1 2.06 2.42 4.11 -2.39 2.23 6.72 -1.56
Car 0.00 0 -1.77 -1 -1 -1 -1 2.05 2.43 4.26 2.49 2.29 12.44 -1.57
Car 0.00 0 -1.71 -1 -1 -1 -1 2.02 2.25 4.14 -2.67 2.14 -22.14 -1.59
