Car 0.00 0 -1.35 -1 -1 -1 -1 2.36 2.62 5.46 2.59 2.07 -12.36 -1.56
Car 0.00 0 -2.29 -1 -1 -1 -1 2.12 2.41 4.70 -2.35 2.10 -2.69 -1.57
Car 0.00 0 -1.54 -1 -1 -1 -1 2.16 2.47 4.85 0.36 2.03 -19.87 -1.56
Car 0.00 0 -1.24 -1 -1 -1 -1 2.10 2.25 4.18 2.64 2.13 -7.26 -1.58
Car 0.00 0 -2.31 -1 -1 -1 -1 1.99 2.26 4.46 2.36 2.19 2.62 -1.57
Car 0.00 0 -1.26 -1 -1 -1 -1 1.90 2.35 4.94 -2.54 2.24 7.69 -1.57
Car 0.00 0 -1.74 -1 -1 -1 -1 1.90 2.43 4.69 -2.27 2.03 -14.48 -1.58
Car 0.00 0 -1.73 -1 -1 -1 -1 2.04 2.47 4.78 2.16 2.30 18.52 -1.61
Car 0.00 0 -1.45 -1 -1 -1 -1 2.02 2.25 4.14 -2.79 2.30 16.92 -1.61
Car 0.00 0 -1.50 -1 -1 -1 -1 2.00 2.43 4.96 2.74 2.15 -26.46 -1.60
Car 0.00 0 -1.47 -1 -1 -1 -1 2.19 2.39 4.67 -2.70 2.47 27.46 -1.57
