Car 0.00 0 -1.90 -1 -1 -1 -1 2.08 2.43 4.41 -4.75 2.30 -14.82 -1.59
Car 0.00 0 -1.95 -1 -1 -1 -1 2.03 2.35 4.32 -4.43 2.26 -9.74 -1.52
Car 0.00 0 -2.32 -1 -1 -1 -1 1.99 2.48 5.17 -4.12 2.28 -4.21 -1.54
Car 0.00 0 -0.42 -1 -1 -1 -1 2.09 2.53 4.74 -3.89 2.32 1.95 -1.52
Car 0.00 0 2.88 -1 -1 -1 -1 1.99 2.45 4.48 8.31 1.91 -13.11 2.32
Car 0.00 0 3.65 -1 -1 -1 -1 2.12 2.56 4.62 9.20 2.05 -3.32 2.43
Car 0.00 0 3.97 -1 -1 -1 -1 2.06 2.52 4.73 9.14 2.04 -0.25 2.43
Car 0.00 0 1.19 -1 -1 -1 -1 2.06 2.46 4.73 8.80 1.99 2.75 2.46
Car 0.00 0 1.50 -1 -1 -1 -1 1.90 2.23 4.39 8.98 1.96 5.66 2.50
Car 0.00 0 -1.65 -1 -1 -1 -1 2.08 2.44 5.12 16.85 1.97 -2.22 -3.09
Car 0.00 0 1.65 -1 -1 -1 -1 1.84 2.33 4.68 9.05 1.59 8.30 2.48
Car 0.00 0 1.79 -1 -1 -1 -1 1.97 2.50 5.21 9.43 1.72 11.62 2.47
Car 0.00 0 1.82 -1 -1 -1 -1 1.82 2.55 4.85 9.38 1.80 14.92 2.38
Car 0.00 0 -0.70 -1 -1 -1 -1 2.28 2.46 4.59 17.90 1.65 22.69 -0.03
Car 0.00 0 -2.70 -1 -1 -1 -1 2.05 2.45 4.69 10.63 2.11 25.64 -2.31
