Car 0.00 0 -1.56 -1 -1 -1 -1 2.16 2.47 4.85 -0.04 2.06 -18.32 -1.56
Car 0.00 0 -1.38 -1 -1 -1 -1 2.04 2.47 4.78 2.45 2.10 -12.34 -1.58
Car 0.00 0 -1.78 -1 -1 -1 -1 2.02 2.25 4.14 -2.49 2.12 -14.16 -1.60
Car 0.00 0 -2.14 -1 -1 -1 -1 2.19 2.39 4.67 -2.38 2.08 -3.86 -1.58
Car 0.00 0 -0.30 -1 -1 -1 -1 2.03 2.41 4.72 2.35 2.24 -0.76 -1.56
Car 0.00 0 -1.08 -1 -1 -1 -1 2.23 2.51 4.81 -2.47 2.27 4.52 -1.58
Car 0.00 0 -2.09 -1 -1 -1 -1 2.02 2.26 4.62 2.37 2.22 4.44 -1.60
Car 0.00 0 -1.78 -1 -1 -1 -1 2.03 2.42 4.56 2.16 2.31 10.64 -1.58
Car 0.00 0 -1.39 -1 -1 -1 -1 2.06 2.42 4.11 -2.62 2.29 14.72 -1.57
Car 0.00 0 -1.74 -1 -1 -1 -1 2.05 2.43 4.26 2.19 2.26 20.59 -1.63
Car 0.00 0 -1.45 -1 -1 -1 -1 1.99 2.26 4.46 2.72 2.19 -28.37 -1.55
Car 0.00 0 -1.68 -1 -1 -1 -1 1.90 2.35 4.94 -2.27 2.16 -23.31 -1.58
