Car 0.00 0 -1.44 -1 -1 -1 -1 2.23 2.48 4.89 1.60 2.08 -20.34 -1.52
Car 0.00 0 1.30 -1 -1 -1 -1 2.50 2.78 4.77 18.98 3.57 -7.91 0.12
Car 0.00 0 1.46 -1 -1 -1 -1 2.36 2.41 4.48 18.97 3.90 -4.24 0.11
Car 0.00 0 -1.35 -1 -1 -1 -1 2.33 2.67 4.77 20.30 4.04 2.61 0.09
Car 0.00 0 -1.01 -1 -1 -1 -1 2.36 2.63 4.45 20.47 4.05 9.67 0.12
Car 0.00 0 -0.86 -1 -1 -1 -1 2.48 2.51 5.08 21.06 4.25 12.61 0.17
Car 0.00 0 -0.83 -1 -1 -1 -1 2.23 2.46 4.19 21.51 4.35 16.15 0.09
Car 0.00 0 -0.61 -1 -1 -1 -1 3.37 3.19 6.10 21.99 4.39 23.97 0.13
Car 0.00 0 0.99 -1 -1 -1 -1 2.19 2.39 4.73 11.87 3.11 18.07 1.58
Car 0.00 0 -1.10 -1 -1 -1 -1 2.33 2.52 4.62 19.60 3.85 6.30 0.16
