Car 0.00 0 -1.35 -1 -1 -1 -1 2.03 2.51 5.10 1.77 1.65 -22.74 -1.43
Car 0.00 0 -1.35 -1 -1 -1 -1 2.20 2.51 5.04 2.47 1.84 -17.25 -1.49
Car 0.00 0 1.89 -1 -1 -1 -1 2.03 2.39 4.90 3.15 2.05 -12.13 1.64
Car 0.00 0 -0.79 -1 -1 -1 -1 1.99 2.33 4.53 4.18 2.21 -5.64 -1.43
Car 0.00 0 1.14 -1 -1 -1 -1 2.14 2.59 5.12 -3.01 2.05 -5.27 1.66
Car 0.00 0 -1.67 -1 -1 -1 -1 2.06 2.47 4.42 -4.53 1.76 -17.33 -1.41
Car 0.00 0 0.58 -1 -1 -1 -1 2.22 2.53 5.17 0.90 2.15 29.71 0.61
Car 0.00 0 -1.69 -1 -1 -1 -1 2.54 2.83 5.61 -5.21 1.60 -22.32 -1.46
Car 0.00 0 -3.36 -1 -1 -1 -1 2.41 2.47 4.83 -11.55 1.57 -29.84 -3.00
Car 0.00 0 -1.55 -1 -1 -1 -1 2.10 2.49 5.46 -2.22 1.43 -25.74 -1.46
