Car 0.00 0 -0.55 -1 -1 -1 -1 1.98 2.39 4.38 -2.99 2.18 2.12 -1.51
Car 0.00 0 -0.13 -1 -1 -1 -1 1.96 2.59 4.91 4.00 2.32 -0.69 -1.53
Car 0.00 0 -2.22 -1 -1 -1 -1 2.29 2.55 4.81 4.28 2.37 5.55 -1.56
Car 0.00 0 -2.02 -1 -1 -1 -1 2.01 2.27 4.11 4.45 2.42 10.71 -1.62
Car 0.00 0 -1.85 -1 -1 -1 -1 2.43 2.55 4.93 4.45 2.46 15.82 -1.57
Car 0.00 0 -1.79 -1 -1 -1 -1 2.13 2.64 5.21 4.37 2.48 20.87 -1.59
Car 0.00 0 1.72 -1 -1 -1 -1 2.39 2.59 5.28 -2.63 2.48 23.49 1.61
Car 0.00 0 -2.59 -1 -1 -1 -1 1.95 2.30 4.41 -9.26 1.92 16.13 -3.11
Car 0.00 0 -1.73 -1 -1 -1 -1 2.61 2.72 5.47 -2.80 2.09 -28.23 -1.63
Car 0.00 0 -1.75 -1 -1 -1 -1 2.83 2.58 5.62 -2.84 2.06 -21.30 -1.62
Car 0.00 0 -1.42 -1 -1 -1 -1 2.09 2.43 4.76 4.53 2.21 -28.44 -1.58
Car 0.00 0 0.24 -1 -1 -1 -1 1.99 2.21 4.12 13.61 2.30 -26.98 -0.22
