Car 0.00 0 -1.84 -1 -1 -1 -1 2.12 2.77 5.28 -0.34 1.90 -13.34 -1.81
Car 0.00 0 -1.65 -1 -1 -1 -1 2.48 2.48 4.91 -2.13 2.18 23.77 -1.74
Car 0.00 0 1.20 -1 -1 -1 -1 2.26 2.51 4.98 -7.40 2.32 5.14 0.23
Car 0.00 0 -1.60 -1 -1 -1 -1 2.01 2.39 4.85 -8.11 2.27 2.62 -2.86
Car 0.00 0 1.97 -1 -1 -1 -1 2.54 2.69 5.27 -8.98 2.16 0.18 0.42
Car 0.00 0 0.31 -1 -1 -1 -1 2.02 2.56 5.31 2.96 2.21 1.14 1.51
Car 0.00 0 1.34 -1 -1 -1 -1 2.09 2.52 4.96 1.67 2.36 18.84 1.43
Car 0.00 0 0.69 -1 -1 -1 -1 2.14 2.52 5.02 -7.28 2.43 8.07 -0.05
Car 0.00 0 1.03 -1 -1 -1 -1 2.16 2.58 5.17 15.88 2.09 -18.75 0.32
Car 0.00 0 1.82 -1 -1 -1 -1 2.02 2.48 4.65 5.11 2.16 -8.79 1.29
Car 0.00 0 -2.49 -1 -1 -1 -1 2.11 2.53 5.09 6.15 1.84 -21.72 -2.76
Car 0.00 0 3.71 -1 -1 -1 -1 2.69 2.87 5.23 -7.62 2.45 10.65 3.08
Car 0.00 0 -0.54 -1 -1 -1 -1 2.01 2.39 4.85 -11.40 2.05 -4.70 0.64
Car 0.00 0 -0.38 -1 -1 -1 -1 1.85 2.39 4.82 -13.16 2.01 -6.47 0.73
