Car 0.00 0 -1.60 -1 -1 -1 -1 2.23 2.48 4.89 -0.00 2.05 -9.49 -1.60
Car 0.00 0 -1.55 -1 -1 -1 -1 3.35 3.23 6.72 -0.77 2.35 23.68 -1.58
Car 0.00 0 0.93 -1 -1 -1 -1 2.16 2.52 4.88 -11.65 1.86 8.11 -0.03
Car 0.00 0 2.24 -1 -1 -1 -1 2.01 2.36 4.75 -10.40 1.78 12.02 1.52
Car 0.00 0 2.52 -1 -1 -1 -1 2.61 2.61 5.53 -18.22 1.68 11.30 1.51
Car 0.00 0 2.31 -1 -1 -1 -1 2.18 2.51 4.75 -13.05 1.95 12.03 1.48
Car 0.00 0 2.58 -1 -1 -1 -1 2.20 2.71 5.46 -20.78 1.72 10.68 1.49
Car 0.00 0 2.58 -1 -1 -1 -1 2.32 2.54 5.38 -25.65 1.70 10.94 1.42
Car 0.00 0 2.52 -1 -1 -1 -1 2.55 2.24 5.08 -27.96 1.60 10.17 1.30
Car 0.00 0 -0.58 -1 -1 -1 -1 2.02 2.29 4.37 -23.09 1.65 10.58 -1.72
