Car 0.00 0 0.19 -1 -1 -1 -1 2.55 2.59 5.80 -20.97 2.18 6.46 -1.09
Car 0.00 0 -0.08 -1 -1 -1 -1 2.09 2.19 4.37 16.42 2.20 -10.78 -1.07
Car 0.00 0 1.66 -1 -1 -1 -1 2.23 2.55 5.01 13.58 3.94 26.19 2.14
Car 0.00 0 0.67 -1 -1 -1 -1 2.50 2.60 5.60 -3.78 2.76 20.75 0.49
Car 0.00 0 -0.08 -1 -1 -1 -1 2.62 2.87 6.02 19.42 2.21 -12.26 -1.09
Car 0.00 0 1.79 -1 -1 -1 -1 2.17 2.56 4.87 9.33 3.84 29.11 2.10
Car 0.00 0 1.47 -1 -1 -1 -1 2.20 2.56 5.07 18.28 3.80 23.29 2.13
Car 0.00 0 -0.67 -1 -1 -1 -1 1.97 2.48 4.99 19.41 2.86 8.43 0.50
Car 0.00 0 -1.43 -1 -1 -1 -1 2.12 2.46 4.70 -3.73 1.75 -19.75 -1.25
Car 0.00 0 -1.05 -1 -1 -1 -1 2.09 2.52 5.10 -14.57 2.18 -0.62 0.48
Car 0.00 0 -1.45 -1 -1 -1 -1 2.62 3.03 5.71 -6.10 1.24 -26.69 -1.23
Car 0.00 0 1.49 -1 -1 -1 -1 2.13 2.52 4.99 15.78 3.45 24.91 2.06
Car 0.00 0 1.33 -1 -1 -1 -1 2.17 2.55 4.65 21.77 3.72 21.39 2.13
Car 0.00 0 -1.93 -1 -1 -1 -1 2.08 2.51 4.54 25.90 3.70 19.31 -1.00
