Car 0.00 0 -1.89 -1 -1 -1 -1 2.16 2.39 4.54 -3.30 2.23 -9.00 -1.54
Car 0.00 0 -2.19 -1 -1 -1 -1 2.41 2.40 4.80 -3.31 2.25 -4.36 -1.55
Car 0.00 0 -0.54 -1 -1 -1 -1 2.02 2.40 4.86 -3.17 2.23 1.88 -1.57
Car 0.00 0 -1.14 -1 -1 -1 -1 1.99 2.38 4.38 -3.33 2.18 8.01 -1.53
Car 0.00 0 1.85 -1 -1 -1 -1 2.18 2.53 5.23 -3.16 2.24 12.89 1.61
Car 0.00 0 -1.40 -1 -1 -1 -1 2.33 2.34 4.81 -2.94 2.28 18.92 -1.55
Car 0.00 0 -2.21 -1 -1 -1 -1 2.18 2.58 5.16 3.82 2.31 5.16 -1.58
Car 0.00 0 1.28 -1 -1 -1 -1 2.25 2.64 5.36 4.08 2.36 12.75 1.59
Car 0.00 0 -1.79 -1 -1 -1 -1 2.11 2.49 4.87 4.06 2.37 20.73 -1.60
Car 0.00 0 -1.71 -1 -1 -1 -1 2.67 2.58 5.45 4.21 2.42 26.72 -1.55
Car 0.00 0 -1.73 -1 -1 -1 -1 2.18 2.28 4.59 -2.35 2.01 -26.58 -1.64
Car 0.00 0 1.32 -1 -1 -1 -1 2.20 2.50 4.79 -2.79 2.10 -20.91 1.45
Car 0.00 0 -1.79 -1 -1 -1 -1 2.28 2.48 4.67 -3.19 2.21 -15.08 -1.58
