Car 0.00 0 -1.48 -1 -1 -1 -1 2.17 2.56 4.80 -1.66 2.28 14.55 -1.60
Car 0.00 0 -1.61 -1 -1 -1 -1 3.06 3.16 7.00 -0.18 2.07 -8.46 -1.59
Car 0.00 0 0.29 -1 -1 -1 -1 2.05 2.43 5.29 4.67 2.06 -12.35 -0.07
Car 0.00 0 0.42 -1 -1 -1 -1 2.05 2.31 4.30 4.70 2.12 -10.01 -0.02
Car 0.00 0 0.50 -1 -1 -1 -1 1.96 2.34 4.94 4.86 2.11 -7.71 -0.06
Car 0.00 0 0.66 -1 -1 -1 -1 1.98 2.36 4.92 4.75 2.15 -5.17 -0.09
Car 0.00 0 0.98 -1 -1 -1 -1 1.98 2.38 4.83 4.66 2.16 -2.79 -0.05
Car 0.00 0 1.51 -1 -1 -1 -1 2.13 2.37 4.55 4.91 2.17 -0.30 -0.00
Car 0.00 0 -1.15 -1 -1 -1 -1 2.26 2.53 4.79 4.25 2.19 1.93 -0.01
Car 0.00 0 -1.16 -1 -1 -1 -1 2.41 2.45 4.94 -4.23 2.28 8.53 -1.62
Car 0.00 0 -0.38 -1 -1 -1 -1 2.15 2.41 4.73 4.15 2.25 11.04 -0.02
Car 0.00 0 -0.90 -1 -1 -1 -1 2.32 2.44 4.93 4.66 2.15 4.39 -0.08
Car 0.00 0 2.47 -1 -1 -1 -1 2.13 2.36 4.60 4.40 2.21 6.83 3.04
Car 0.00 0 -0.51 -1 -1 -1 -1 1.97 2.22 3.91 4.96 2.22 8.83 0.00
Car 0.00 0 0.20 -1 -1 -1 -1 2.23 2.58 5.38 4.60 2.17 -17.41 -0.06
Car 0.00 0 -0.36 -1 -1 -1 -1 2.21 2.41 4.76 5.15 2.28 16.10 -0.05
Car 0.00 0 -0.37 -1 -1 -1 -1 2.00 2.36 4.28 4.97 2.23 18.67 -0.11
Car 0.00 0 2.78 -1 -1 -1 -1 2.00 2.59 5.17 4.58 2.22 21.17 2.99
Car 0.00 0 -0.37 -1 -1 -1 -1 2.01 2.20 4.23 4.80 2.26 23.37 -0.17
Car 0.00 0 2.77 -1 -1 -1 -1 2.14 2.49 4.90 4.03 2.21 25.56 2.93
