Car 0.00 0 -1.74 -1 -1 -1 -1 2.29 2.47 5.02 -2.50 2.08 -14.77 -1.57
Car 0.00 0 -1.45 -1 -1 -1 -1 2.01 2.43 4.95 2.37 2.05 -18.82 -1.58
Car 0.00 0 -1.39 -1 -1 -1 -1 1.98 2.46 5.20 2.41 2.07 -12.83 -1.57
Car 0.00 0 -2.37 -1 -1 -1 -1 2.04 2.48 4.32 -2.52 2.20 -2.35 -1.55
Car 0.00 0 -1.26 -1 -1 -1 -1 2.07 2.42 4.62 2.44 2.10 -7.44 -1.58
Car 0.00 0 -1.59 -1 -1 -1 -1 2.16 2.47 4.85 -0.25 2.05 -21.04 -1.58
Car 0.00 0 -2.42 -1 -1 -1 -1 2.03 2.33 4.70 2.42 2.22 2.06 -1.55
Car 0.00 0 -1.89 -1 -1 -1 -1 1.97 2.50 4.65 2.47 2.22 8.40 -1.61
Car 0.00 0 -1.76 -1 -1 -1 -1 2.00 2.43 4.96 2.41 2.33 15.83 -1.61
Car 0.00 0 -1.48 -1 -1 -1 -1 1.95 2.37 4.42 2.63 2.10 -27.03 -1.58
Car 0.00 0 -1.49 -1 -1 -1 -1 1.90 2.43 4.69 -2.31 2.52 27.92 -1.58
