Car 0.00 0 -1.55 -1 -1 -1 -1 2.23 2.48 4.89 0.19 2.02 -12.56 -1.56
Car 0.00 0 -1.60 -1 -1 -1 -1 2.59 2.66 4.81 0.03 2.42 21.60 -1.60
Car 0.00 0 -1.43 -1 -1 -1 -1 2.43 2.57 5.27 -3.01 2.37 16.59 -1.61
Car 0.00 0 0.62 -1 -1 -1 -1 2.20 2.48 4.60 3.15 2.30 2.34 1.55
Car 0.00 0 2.39 -1 -1 -1 -1 2.06 2.44 4.55 14.56 2.20 -13.57 1.57
Car 0.00 0 -0.60 -1 -1 -1 -1 2.02 2.31 4.06 -13.13 1.54 6.32 -1.73
Car 0.00 0 2.57 -1 -1 -1 -1 1.91 2.16 3.89 -15.82 1.46 6.06 1.36
Car 0.00 0 -0.81 -1 -1 -1 -1 2.18 2.24 4.44 11.41 2.29 -12.85 -1.53
Car 0.00 0 1.33 -1 -1 -1 -1 2.25 2.50 4.53 -18.67 1.23 2.49 -0.11
Car 0.00 0 0.81 -1 -1 -1 -1 2.17 2.42 4.30 -14.81 1.35 -0.80 2.33
Car 0.00 0 -2.34 -1 -1 -1 -1 1.97 2.14 4.24 -11.65 1.46 -0.86 -0.85
