Car 0.00 0 1.50 -1 -1 -1 -1 2.35 2.49 4.89 -6.89 1.92 -27.38 1.75
Car 0.00 0 -1.71 -1 -1 -1 -1 1.94 2.35 4.72 -5.26 2.01 -16.79 -1.41
Car 0.00 0 1.97 -1 -1 -1 -1 2.16 2.46 4.78 2.78 2.11 -12.11 1.75
Car 0.00 0 1.23 -1 -1 -1 -1 2.08 2.40 5.27 -3.64 2.12 -6.82 1.72
Car 0.00 0 2.25 -1 -1 -1 -1 2.13 2.51 4.87 3.59 2.25 -6.81 1.76
Car 0.00 0 2.78 -1 -1 -1 -1 1.88 2.38 4.52 4.15 2.32 -2.29 1.71
Car 0.00 0 1.64 -1 -1 -1 -1 2.27 2.52 5.48 1.01 2.55 23.84 1.68
Car 0.00 0 -2.02 -1 -1 -1 -1 2.35 2.58 5.80 -15.91 1.84 9.25 -3.07
Car 0.00 0 -1.93 -1 -1 -1 -1 2.15 2.46 5.12 -22.12 1.63 9.57 -3.09
Car 0.00 0 -1.70 -1 -1 -1 -1 2.04 2.28 4.31 -6.07 1.98 -21.91 -1.43
