Car 0.00 0 1.86 -1 -1 -1 -1 2.74 2.71 5.52 -6.04 2.54 -27.79 2.08
Car 0.00 0 2.10 -1 -1 -1 -1 2.09 2.63 4.91 0.48 2.50 -17.93 2.07
Car 0.00 0 1.26 -1 -1 -1 -1 2.03 2.51 5.00 10.56 2.23 8.21 2.17
Car 0.00 0 3.70 -1 -1 -1 -1 1.97 2.38 5.01 13.67 2.64 -13.78 2.92
Car 0.00 0 4.07 -1 -1 -1 -1 2.07 2.79 5.57 16.29 2.71 -9.33 3.02
Car 0.00 0 -1.90 -1 -1 -1 -1 2.17 2.42 4.96 -17.67 2.40 9.58 -2.98
Car 0.00 0 -1.95 -1 -1 -1 -1 2.43 2.79 5.50 -26.53 2.33 19.22 -2.90
Car 0.00 0 -1.94 -1 -1 -1 -1 1.95 2.29 4.55 18.57 3.29 -22.27 -2.64
Car 0.00 0 0.61 -1 -1 -1 -1 1.97 2.44 4.78 7.92 2.88 -23.63 0.29
Car 0.00 0 0.54 -1 -1 -1 -1 2.09 2.37 4.52 6.95 2.93 -26.08 0.28
Car 0.00 0 -1.56 -1 -1 -1 -1 2.23 2.57 5.04 -12.00 2.50 -27.48 -1.15
Car 0.00 0 1.21 -1 -1 -1 -1 2.21 2.39 4.84 18.70 2.36 16.92 2.05
Car 0.00 0 -2.10 -1 -1 -1 -1 1.98 2.51 5.02 -15.81 2.42 16.37 -2.87
