Car 0.00 0 -1.46 -1 -1 -1 -1 2.17 2.56 4.80 -0.83 2.32 11.37 -1.54
Car 0.00 0 -1.50 -1 -1 -1 -1 3.06 3.16 7.00 0.30 2.07 -7.54 -1.54
Car 0.00 0 -1.82 -1 -1 -1 -1 2.41 2.45 4.94 -4.04 2.06 -16.09 -1.58
Car 0.00 0 0.33 -1 -1 -1 -1 2.15 2.41 4.73 4.55 2.15 -13.91 0.02
Car 0.00 0 0.53 -1 -1 -1 -1 2.24 2.26 4.27 5.28 2.08 -11.53 0.10
Car 0.00 0 0.61 -1 -1 -1 -1 2.21 2.41 4.76 5.66 2.14 -9.19 0.06
Car 0.00 0 0.66 -1 -1 -1 -1 2.00 2.36 4.28 5.61 2.13 -6.56 -0.05
Car 0.00 0 -2.22 -1 -1 -1 -1 2.00 2.59 5.17 5.35 2.18 -4.12 -3.14
Car 0.00 0 1.28 -1 -1 -1 -1 2.01 2.20 4.23 5.70 2.18 -1.97 0.04
Car 0.00 0 1.59 -1 -1 -1 -1 2.14 2.49 4.90 5.00 2.18 0.31 3.10
Car 0.00 0 -4.16 -1 -1 -1 -1 2.01 2.46 5.23 5.21 2.22 2.57 -3.05
Car 0.00 0 -3.95 -1 -1 -1 -1 2.05 2.34 4.93 5.84 2.25 5.37 -3.13
Car 0.00 0 2.57 -1 -1 -1 -1 2.11 2.69 5.28 6.21 2.27 11.16 3.07
Car 0.00 0 -0.42 -1 -1 -1 -1 2.10 2.64 5.17 6.42 2.29 13.78 0.02
Car 0.00 0 -0.65 -1 -1 -1 -1 1.93 2.31 5.31 6.58 2.28 7.88 0.05
Car 0.00 0 2.59 -1 -1 -1 -1 2.31 2.42 4.95 14.46 2.91 -11.34 1.69
Car 0.00 0 -0.45 -1 -1 -1 -1 2.08 2.43 5.13 6.68 2.25 16.45 -0.06
Car 0.00 0 0.65 -1 -1 -1 -1 2.27 2.74 5.80 16.50 3.26 8.96 1.73
