Car 0.00 0 -1.37 -1 -1 -1 -1 2.36 2.62 5.46 2.59 1.99 -13.54 -1.56
Car 0.00 0 -2.12 -1 -1 -1 -1 2.12 2.41 4.70 -2.35 2.09 -3.84 -1.57
Car 0.00 0 -1.54 -1 -1 -1 -1 2.16 2.47 4.85 0.35 1.92 -19.86 -1.56
Car 0.00 0 -1.28 -1 -1 -1 -1 2.10 2.25 4.18 2.64 2.08 -8.46 -1.58
Car 0.00 0 -2.59 -1 -1 -1 -1 1.99 2.26 4.46 2.37 2.19 1.44 -1.57
Car 0.00 0 -1.20 -1 -1 -1 -1 1.90 2.35 4.94 -2.55 2.25 6.57 -1.57
Car 0.00 0 -1.73 -1 -1 -1 -1 1.90 2.43 4.69 -2.27 1.97 -15.70 -1.58
Car 0.00 0 -1.73 -1 -1 -1 -1 2.04 2.47 4.78 2.19 2.39 17.37 -1.60
Car 0.00 0 -1.43 -1 -1 -1 -1 2.02 2.25 4.14 -2.78 2.37 15.72 -1.61
Car 0.00 0 -1.46 -1 -1 -1 -1 2.19 2.39 4.67 -2.69 2.60 26.24 -1.57
Car 0.00 0 -1.67 -1 -1 -1 -1 2.03 2.41 4.72 2.10 2.49 28.85 -1.60
