Car 0.00 0 -1.66 -1 -1 -1 -1 1.96 2.36 4.45 -2.35 2.11 -22.31 -1.56
Car 0.00 0 -1.71 -1 -1 -1 -1 1.89 2.35 4.77 -2.23 2.15 -16.47 -1.58
Car 0.00 0 -1.34 -1 -1 -1 -1 1.95 2.37 4.42 2.53 2.18 -11.01 -1.57
Car 0.00 0 -0.59 -1 -1 -1 -1 2.29 2.47 5.02 -2.52 2.28 1.68 -1.58
Car 0.00 0 -0.95 -1 -1 -1 -1 2.01 2.43 4.95 2.41 2.22 -3.07 -1.62
Car 0.00 0 -2.25 -1 -1 -1 -1 1.98 2.46 5.20 2.35 2.29 2.96 -1.58
Car 0.00 0 -1.38 -1 -1 -1 -1 2.04 2.48 4.32 -2.50 2.44 13.94 -1.55
Car 0.00 0 -1.89 -1 -1 -1 -1 2.07 2.42 4.62 2.36 2.35 8.38 -1.61
Car 0.00 0 -1.58 -1 -1 -1 -1 2.16 2.47 4.85 -0.03 2.03 -20.49 -1.58
Car 0.00 0 -1.75 -1 -1 -1 -1 2.03 2.33 4.70 2.35 2.39 18.16 -1.62
Car 0.00 0 -1.70 -1 -1 -1 -1 1.97 2.50 4.65 2.41 2.43 24.50 -1.60
