Car 0.00 0 2.02 -1 -1 -1 -1 2.16 2.46 4.78 -6.11 2.09 -15.60 2.40
Car 0.00 0 1.56 -1 -1 -1 -1 2.08 2.40 5.27 -8.03 2.10 -7.47 2.38
Car 0.00 0 2.23 -1 -1 -1 -1 2.13 2.51 4.87 -2.29 2.19 -11.99 2.42
Car 0.00 0 2.50 -1 -1 -1 -1 1.88 2.38 4.52 0.95 2.30 -8.67 2.39
Car 0.00 0 1.59 -1 -1 -1 -1 2.27 2.52 5.48 14.44 2.44 13.95 2.40
Car 0.00 0 -1.85 -1 -1 -1 -1 2.35 2.58 5.80 -7.94 1.77 12.66 -2.41
Car 0.00 0 -1.77 -1 -1 -1 -1 2.15 2.46 5.12 -12.66 1.50 16.64 -2.42
Car 0.00 0 1.28 -1 -1 -1 -1 2.12 2.46 4.70 15.38 2.41 7.83 2.38
Car 0.00 0 1.81 -1 -1 -1 -1 2.25 2.59 5.14 -19.22 2.02 -28.42 2.41
Car 0.00 0 1.59 -1 -1 -1 -1 2.35 2.49 4.89 -23.26 1.77 -21.97 2.40
