Car 0.00 0 -1.66 -1 -1 -1 -1 1.89 2.35 4.77 -2.12 1.99 -25.00 -1.57
Car 0.00 0 -1.45 -1 -1 -1 -1 1.95 2.37 4.42 2.72 1.97 -19.57 -1.58
Car 0.00 0 -1.90 -1 -1 -1 -1 2.29 2.47 5.02 -2.46 2.14 -7.27 -1.57
Car 0.00 0 -1.38 -1 -1 -1 -1 2.01 2.43 4.95 2.46 2.05 -11.44 -1.59
Car 0.00 0 -1.16 -1 -1 -1 -1 1.98 2.46 5.20 2.40 2.09 -5.39 -1.58
Car 0.00 0 -1.10 -1 -1 -1 -1 2.04 2.48 4.32 -2.57 2.31 5.34 -1.55
Car 0.00 0 -0.08 -1 -1 -1 -1 2.07 2.42 4.62 2.36 2.18 -0.13 -1.59
Car 0.00 0 -1.58 -1 -1 -1 -1 2.16 2.47 4.85 -0.06 1.90 -20.79 -1.58
Car 0.00 0 -1.84 -1 -1 -1 -1 2.03 2.33 4.70 2.29 2.34 9.48 -1.60
Car 0.00 0 -1.75 -1 -1 -1 -1 1.97 2.50 4.65 2.31 2.39 15.84 -1.61
