Car 0.00 0 -1.66 -1 -1 -1 -1 2.41 2.60 4.93 -5.30 2.10 -24.97 -1.45
Car 0.00 0 2.04 -1 -1 -1 -1 2.08 2.37 4.86 6.93 2.50 -17.31 1.66
Car 0.00 0 -1.69 -1 -1 -1 -1 2.01 2.18 5.02 -4.42 2.10 -17.69 -1.44
Car 0.00 0 -1.77 -1 -1 -1 -1 2.02 2.24 4.32 -4.06 2.14 -13.17 -1.47
Car 0.00 0 1.24 -1 -1 -1 -1 2.07 2.26 4.04 -3.56 2.13 -7.98 1.65
Car 0.00 0 -2.55 -1 -1 -1 -1 2.09 2.38 4.53 -3.19 2.19 -1.69 -1.47
Car 0.00 0 3.01 -1 -1 -1 -1 2.10 2.52 5.34 8.17 2.52 -1.73 1.65
Car 0.00 0 1.83 -1 -1 -1 -1 1.97 2.59 4.79 3.32 2.24 -20.39 1.67
Car 0.00 0 3.11 -1 -1 -1 -1 1.97 2.39 4.52 4.85 2.28 -0.56 1.66
Car 0.00 0 0.07 -1 -1 -1 -1 2.50 2.75 5.99 -5.38 2.54 23.38 -0.16
Car 0.00 0 1.94 -1 -1 -1 -1 1.99 2.37 4.44 6.19 2.47 -22.99 1.68
Car 0.00 0 1.30 -1 -1 -1 -1 2.10 2.55 4.85 6.76 2.39 18.12 1.66
