Car 0.00 0 -1.57 -1 -1 -1 -1 2.16 2.47 4.85 -0.56 1.85 -18.20 -1.54
Car 0.00 0 -1.68 -1 -1 -1 -1 2.06 2.42 4.11 -2.98 1.85 -20.54 -1.54
Car 0.00 0 -1.39 -1 -1 -1 -1 2.05 2.43 4.26 2.07 1.99 -15.07 -1.53
Car 0.00 0 -2.12 -1 -1 -1 -1 2.01 2.38 4.67 3.41 2.31 5.37 -1.55
Car 0.00 0 -1.88 -1 -1 -1 -1 2.26 2.35 4.17 3.74 2.42 10.34 -1.53
Car 0.00 0 -1.74 -1 -1 -1 -1 3.03 2.89 6.03 4.35 2.52 17.97 -1.51
Car 0.00 0 -1.47 -1 -1 -1 -1 1.95 2.44 4.28 -0.05 2.65 25.15 -1.47
Car 0.00 0 -2.65 -1 -1 -1 -1 2.11 2.37 4.69 -5.43 2.33 12.05 -3.07
Car 0.00 0 -2.69 -1 -1 -1 -1 2.05 2.26 4.37 -5.22 2.32 14.29 -3.04
Car 0.00 0 -2.72 -1 -1 -1 -1 2.00 2.34 4.27 -4.66 2.34 16.42 -3.00
Car 0.00 0 -1.46 -1 -1 -1 -1 2.03 2.42 4.56 1.42 1.98 -24.74 -1.52
