Car 0.00 0 1.33 -1 -1 -1 -1 2.20 2.61 5.27 -4.76 1.93 -15.84 1.62
Car 0.00 0 1.98 -1 -1 -1 -1 2.51 2.53 4.99 3.70 2.15 -9.09 1.60
Car 0.00 0 0.04 -1 -1 -1 -1 2.43 2.72 5.26 -4.18 2.20 -0.09 1.59
Car 0.00 0 0.98 -1 -1 -1 -1 2.13 2.40 4.98 -4.63 2.11 -6.36 1.60
Car 0.00 0 2.46 -1 -1 -1 -1 2.34 2.68 5.23 3.91 2.25 -3.35 1.60
Car 0.00 0 1.92 -1 -1 -1 -1 2.09 2.52 4.67 -4.02 2.46 12.35 1.61
Car 0.00 0 0.59 -1 -1 -1 -1 2.43 2.68 5.78 3.84 2.25 2.47 1.59
Car 0.00 0 1.80 -1 -1 -1 -1 2.12 2.40 4.88 -3.70 2.58 19.77 1.62
Car 0.00 0 1.74 -1 -1 -1 -1 2.18 2.49 4.80 -3.66 2.64 25.07 1.60
Car 0.00 0 1.27 -1 -1 -1 -1 2.09 2.37 4.59 4.14 2.49 11.22 1.62
Car 0.00 0 1.33 -1 -1 -1 -1 2.07 2.50 4.61 4.24 2.49 16.99 1.58
Car 0.00 0 1.39 -1 -1 -1 -1 2.25 2.58 5.27 4.41 2.68 23.47 1.58
Car 0.00 0 -1.78 -1 -1 -1 -1 2.47 2.65 5.14 -4.94 2.03 -23.43 -1.57
