Car 0.00 0 -1.73 -1 -1 -1 -1 2.03 2.53 5.44 -3.45 2.29 -21.97 -1.57
Car 0.00 0 -1.77 -1 -1 -1 -1 2.55 2.43 4.71 -3.51 2.24 -15.08 -1.54
Car 0.00 0 -1.33 -1 -1 -1 -1 2.22 2.48 4.65 4.17 2.39 -16.73 -1.57
Car 0.00 0 1.20 -1 -1 -1 -1 2.35 2.49 4.89 -3.40 2.24 -9.18 1.56
Car 0.00 0 1.97 -1 -1 -1 -1 2.25 2.59 5.14 4.11 2.35 -10.87 1.61
Car 0.00 0 -2.34 -1 -1 -1 -1 2.04 2.28 4.31 -3.48 2.28 -3.68 -1.58
Car 0.00 0 -0.51 -1 -1 -1 -1 1.94 2.35 4.72 -3.43 2.24 1.88 -1.58
Car 0.00 0 1.09 -1 -1 -1 -1 2.16 2.46 4.78 3.89 2.49 7.28 1.58
Car 0.00 0 1.86 -1 -1 -1 -1 2.08 2.40 5.27 -3.24 2.22 11.64 1.59
Car 0.00 0 1.29 -1 -1 -1 -1 2.13 2.51 4.87 3.97 2.41 12.57 1.59
Car 0.00 0 1.33 -1 -1 -1 -1 1.88 2.38 4.52 3.88 2.49 17.24 1.55
