Car 0.00 0 -1.58 -1 -1 -1 -1 2.03 2.51 5.00 0.06 1.94 -15.28 -1.59
Car 0.00 0 -1.84 -1 -1 -1 -1 2.17 2.42 4.96 -3.63 2.07 -13.23 -1.57
Car 0.00 0 2.65 -1 -1 -1 -1 2.43 2.79 5.50 3.65 2.18 -2.06 1.59
Car 0.00 0 -1.29 -1 -1 -1 -1 1.98 2.51 5.02 3.39 2.09 -12.86 -1.55
Car 0.00 0 -2.04 -1 -1 -1 -1 2.05 2.42 4.23 -3.64 2.12 -7.66 -1.60
Car 0.00 0 -2.51 -1 -1 -1 -1 2.12 2.34 4.68 -3.42 2.13 -2.52 -1.57
Car 0.00 0 2.40 -1 -1 -1 -1 2.28 2.48 5.39 -3.52 2.18 3.19 1.57
Car 0.00 0 -2.50 -1 -1 -1 -1 2.06 2.34 4.21 3.72 2.29 3.22 -1.64
Car 0.00 0 -2.05 -1 -1 -1 -1 1.94 2.26 4.67 3.57 2.30 7.50 -1.60
Car 0.00 0 -1.87 -1 -1 -1 -1 2.40 2.51 5.13 3.86 2.30 13.60 -1.60
Car 0.00 0 -1.28 -1 -1 -1 -1 2.11 2.42 4.72 -3.55 2.29 13.54 -1.54
Car 0.00 0 -1.36 -1 -1 -1 -1 2.00 2.36 5.12 -3.41 2.20 18.92 -1.54
Car 0.00 0 -1.41 -1 -1 -1 -1 2.04 2.37 5.06 -3.32 2.14 24.72 -1.54
Car 0.00 0 1.40 -1 -1 -1 -1 2.15 2.42 4.63 3.40 2.19 21.67 1.55
