Car 0.00 0 -1.74 -1 -1 -1 -1 1.98 2.39 4.38 -2.82 2.07 -19.04 -1.59
Car 0.00 0 -1.34 -1 -1 -1 -1 1.96 2.59 4.91 4.20 2.20 -21.98 -1.53
Car 0.00 0 -1.28 -1 -1 -1 -1 2.29 2.55 4.81 4.43 2.21 -15.64 -1.55
Car 0.00 0 -1.19 -1 -1 -1 -1 2.01 2.27 4.11 4.53 2.30 -10.75 -1.59
Car 0.00 0 -0.86 -1 -1 -1 -1 2.43 2.55 4.93 4.57 2.38 -5.48 -1.55
Car 0.00 0 -0.06 -1 -1 -1 -1 2.13 2.64 5.21 4.46 2.36 -0.27 -1.57
Car 0.00 0 -2.03 -1 -1 -1 -1 3.17 2.68 6.37 4.48 2.54 8.59 -1.55
Car 0.00 0 2.36 -1 -1 -1 -1 2.39 2.59 5.28 -2.65 1.99 2.67 1.58
Car 0.00 0 1.33 -1 -1 -1 -1 2.52 3.05 5.57 4.68 2.79 19.43 1.57
Car 0.00 0 1.81 -1 -1 -1 -1 2.15 2.50 5.15 -2.71 2.24 14.25 1.62
Car 0.00 0 -4.16 -1 -1 -1 -1 1.95 2.30 4.41 -9.23 1.66 -5.41 -3.12
Car 0.00 0 -1.43 -1 -1 -1 -1 2.38 2.50 4.94 -2.53 2.39 29.63 -1.51
