Car 0.00 0 -1.69 -1 -1 -1 -1 2.02 2.40 4.86 -2.24 2.04 -25.36 -1.60
Car 0.00 0 -1.75 -1 -1 -1 -1 1.99 2.38 4.38 -2.73 2.02 -19.90 -1.62
Car 0.00 0 1.33 -1 -1 -1 -1 2.18 2.53 5.23 -2.80 2.08 -14.56 1.52
Car 0.00 0 -1.99 -1 -1 -1 -1 2.33 2.34 4.81 -3.04 2.11 -8.41 -1.64
Car 0.00 0 -1.40 -1 -1 -1 -1 2.18 2.58 5.16 4.56 2.07 -21.66 -1.61
Car 0.00 0 1.85 -1 -1 -1 -1 2.25 2.64 5.36 4.30 2.16 -13.99 1.55
Car 0.00 0 -1.10 -1 -1 -1 -1 2.11 2.49 4.87 3.78 2.18 -6.03 -1.66
Car 0.00 0 -0.11 -1 -1 -1 -1 2.67 2.58 5.45 3.64 2.25 -0.30 -1.60
Car 0.00 0 -1.18 -1 -1 -1 -1 2.46 2.73 5.44 -3.40 2.26 10.33 -1.50
Car 0.00 0 -1.28 -1 -1 -1 -1 2.24 2.55 4.93 -3.18 2.31 15.87 -1.48
Car 0.00 0 -1.36 -1 -1 -1 -1 2.61 2.72 5.47 -2.72 2.41 22.19 -1.48
Car 0.00 0 -2.08 -1 -1 -1 -1 2.78 2.78 5.42 3.57 2.30 5.91 -1.54
Car 0.00 0 -1.75 -1 -1 -1 -1 2.62 2.57 5.10 4.18 2.42 15.34 -1.48
Car 0.00 0 -1.38 -1 -1 -1 -1 2.83 2.58 5.62 -1.70 2.48 28.89 -1.44
Car 0.00 0 -1.70 -1 -1 -1 -1 2.09 2.43 4.76 4.48 2.44 20.46 -1.49
