Car 0.00 0 -1.72 -1 -1 -1 -1 2.02 2.24 4.32 -4.25 2.01 -17.84 -1.49
Car 0.00 0 1.39 -1 -1 -1 -1 2.07 2.26 4.04 -3.71 2.04 -12.54 1.67
Car 0.00 0 -1.94 -1 -1 -1 -1 2.09 2.38 4.53 -3.23 2.11 -6.31 -1.47
Car 0.00 0 2.56 -1 -1 -1 -1 2.10 2.52 5.34 8.23 2.42 -6.60 1.67
Car 0.00 0 2.02 -1 -1 -1 -1 1.97 2.39 4.52 4.19 2.19 -12.22 1.69
Car 0.00 0 0.08 -1 -1 -1 -1 2.50 2.75 5.99 -4.12 2.33 18.89 -0.14
Car 0.00 0 0.98 -1 -1 -1 -1 2.10 2.55 4.85 6.51 2.38 7.66 1.68
Car 0.00 0 -1.63 -1 -1 -1 -1 2.41 2.60 4.93 -5.85 2.02 -29.40 -1.43
Car 0.00 0 -1.63 -1 -1 -1 -1 2.01 2.18 5.02 -4.83 2.05 -22.33 -1.42
Car 0.00 0 1.90 -1 -1 -1 -1 1.99 2.37 4.44 5.67 2.40 -27.82 1.70
