Car 0.00 0 -1.71 -1 -1 -1 -1 1.99 2.48 5.17 -4.70 2.01 -18.46 -1.46
Car 0.00 0 -1.78 -1 -1 -1 -1 2.09 2.53 4.74 -4.02 2.06 -12.33 -1.46
Car 0.00 0 3.05 -1 -1 -1 -1 2.06 2.52 4.73 9.09 1.94 -15.29 2.51
Car 0.00 0 3.10 -1 -1 -1 -1 2.06 2.46 4.73 8.74 1.93 -12.31 2.48
Car 0.00 0 3.32 -1 -1 -1 -1 1.90 2.23 4.39 8.92 1.97 -9.51 2.56
Car 0.00 0 3.48 -1 -1 -1 -1 1.84 2.33 4.68 9.21 1.96 -6.84 2.54
Car 0.00 0 3.75 -1 -1 -1 -1 1.97 2.50 5.21 9.74 2.14 -3.59 2.53
Car 0.00 0 3.99 -1 -1 -1 -1 1.82 2.55 4.85 9.88 2.18 -0.20 2.44
Car 0.00 0 -1.19 -1 -1 -1 -1 2.28 2.46 4.59 18.98 2.36 7.01 0.03
Car 0.00 0 -3.05 -1 -1 -1 -1 2.05 2.45 4.69 11.95 2.40 10.49 -2.20
Car 0.00 0 -4.45 -1 -1 -1 -1 2.23 2.44 4.40 18.37 2.22 4.38 -3.11
Car 0.00 0 -2.89 -1 -1 -1 -1 2.09 2.52 5.17 12.36 2.36 14.43 -2.18
Car 0.00 0 -1.79 -1 -1 -1 -1 1.91 2.21 4.38 20.75 2.78 14.12 -0.82
Car 0.00 0 0.82 -1 -1 -1 -1 2.29 2.46 5.23 -9.04 2.02 10.37 0.11
