Car 0.00 0 -0.68 -1 -1 -1 -1 2.10 2.52 5.15 -3.11 2.23 2.97 -1.48
Car 0.00 0 0.68 -1 -1 -1 -1 2.39 2.59 5.42 -3.08 2.13 -2.65 1.54
Car 0.00 0 -1.92 -1 -1 -1 -1 2.16 2.35 4.81 -2.92 2.11 -9.33 -1.61
Car 0.00 0 -1.40 -1 -1 -1 -1 2.00 2.39 4.99 -3.00 2.44 23.09 -1.53
Car 0.00 0 -1.74 -1 -1 -1 -1 3.06 2.80 5.94 -2.88 2.06 -17.15 -1.57
Car 0.00 0 -0.97 -1 -1 -1 -1 2.13 2.64 5.00 12.47 2.40 10.42 -0.09
Car 0.00 0 -1.22 -1 -1 -1 -1 1.92 2.29 4.08 11.86 2.43 5.24 -0.07
Car 0.00 0 1.34 -1 -1 -1 -1 1.99 2.20 3.90 4.55 2.37 18.84 1.58
Car 0.00 0 1.40 -1 -1 -1 -1 1.93 2.31 4.50 4.21 2.40 24.34 1.58
Car 0.00 0 -1.66 -1 -1 -1 -1 2.01 2.47 4.71 -2.55 2.23 -23.28 -1.56
Car 0.00 0 -1.35 -1 -1 -1 -1 2.11 2.51 4.98 17.99 2.28 5.93 -0.10
