Car 0.00 0 1.73 -1 -1 -1 -1 2.49 2.51 5.15 4.09 2.10 -24.30 1.56
Car 0.00 0 -1.72 -1 -1 -1 -1 2.19 2.57 5.48 -3.18 2.09 -19.78 -1.56
Car 0.00 0 -1.25 -1 -1 -1 -1 2.01 2.35 4.79 3.85 2.18 -11.05 -1.58
Car 0.00 0 -2.06 -1 -1 -1 -1 2.56 2.60 5.33 -3.17 2.18 -6.17 -1.59
Car 0.00 0 -1.00 -1 -1 -1 -1 2.05 2.40 5.05 3.77 2.23 -5.69 -1.58
Car 0.00 0 -2.77 -1 -1 -1 -1 2.00 2.35 4.27 -3.21 2.17 -1.20 -1.55
Car 0.00 0 0.81 -1 -1 -1 -1 2.00 2.44 4.91 3.79 2.30 4.65 1.50
Car 0.00 0 1.85 -1 -1 -1 -1 2.00 2.37 4.95 -3.14 2.27 10.87 1.57
Car 0.00 0 -1.91 -1 -1 -1 -1 2.02 2.23 4.15 3.81 2.31 11.71 -1.59
Car 0.00 0 -1.98 -1 -1 -1 -1 1.91 2.37 4.71 -12.82 2.23 5.66 -3.13
Car 0.00 0 4.07 -1 -1 -1 -1 2.06 2.30 4.17 -15.59 2.44 10.69 3.10
Car 0.00 0 2.79 -1 -1 -1 -1 2.01 2.36 5.22 -8.10 2.03 -27.05 3.08
Car 0.00 0 4.46 -1 -1 -1 -1 2.32 2.45 4.47 -12.08 2.18 2.94 3.13
