Car 0.00 0 -1.70 -1 -1 -1 -1 3.37 3.50 8.83 -3.57 2.15 -20.89 -1.53
Car 0.00 0 1.98 -1 -1 -1 -1 2.33 2.67 5.17 7.62 2.59 -22.67 1.66
Car 0.00 0 -1.08 -1 -1 -1 -1 2.14 2.45 5.55 7.89 2.62 -16.19 -1.53
Car 0.00 0 -0.34 -1 -1 -1 -1 2.07 2.26 4.67 8.69 2.65 -3.44 -1.54
Car 0.00 0 0.39 -1 -1 -1 -1 2.25 2.47 5.82 8.81 2.64 3.08 1.63
Car 0.00 0 0.71 -1 -1 -1 -1 1.96 2.28 4.52 -15.47 1.34 -7.74 1.82
Car 0.00 0 -2.36 -1 -1 -1 -1 1.97 2.20 4.21 -9.24 1.59 -7.57 -1.48
Car 0.00 0 -1.99 -1 -1 -1 -1 2.13 2.39 4.38 -9.46 1.58 -2.86 -0.71
Car 0.00 0 3.62 -1 -1 -1 -1 2.16 2.26 4.31 -9.70 1.58 1.24 2.17
Car 0.00 0 0.56 -1 -1 -1 -1 2.23 2.40 4.91 -9.54 1.56 4.41 -0.58
Car 0.00 0 0.29 -1 -1 -1 -1 2.14 2.26 4.61 -8.97 1.54 7.98 -0.56
Car 0.00 0 0.17 -1 -1 -1 -1 2.03 2.37 4.40 -9.14 1.37 10.83 -0.53
Car 0.00 0 0.00 -1 -1 -1 -1 1.95 2.14 4.21 -9.07 1.34 13.98 -0.57
Car 0.00 0 -0.08 -1 -1 -1 -1 1.98 2.35 4.53 -9.27 1.35 16.99 -0.58
Car 0.00 0 0.18 -1 -1 -1 -1 2.18 2.43 4.51 -8.83 1.17 23.19 -0.18
Car 0.00 0 2.96 -1 -1 -1 -1 2.13 2.21 4.27 -9.01 1.19 20.55 2.55
