Car 0.00 0 2.01 -1 -1 -1 -1 2.16 2.46 4.78 -5.07 2.13 -15.65 2.33
Car 0.00 0 1.53 -1 -1 -1 -1 2.08 2.40 5.27 -7.55 2.09 -7.68 2.31
Car 0.00 0 2.22 -1 -1 -1 -1 2.13 2.51 4.87 -1.52 2.23 -11.77 2.35
Car 0.00 0 2.50 -1 -1 -1 -1 1.88 2.38 4.52 1.48 2.34 -8.23 2.32
Car 0.00 0 1.61 -1 -1 -1 -1 2.27 2.52 5.48 13.35 2.46 15.28 2.33
Car 0.00 0 -1.86 -1 -1 -1 -1 2.35 2.58 5.80 -8.89 1.68 12.43 -2.48
Car 0.00 0 -1.78 -1 -1 -1 -1 2.15 2.46 5.12 -13.87 1.37 16.07 -2.49
Car 0.00 0 1.31 -1 -1 -1 -1 2.12 2.46 4.70 15.12 2.48 9.72 2.31
Car 0.00 0 1.81 -1 -1 -1 -1 2.25 2.59 5.14 -17.20 2.04 -29.36 2.34
Car 0.00 0 1.58 -1 -1 -1 -1 2.35 2.49 4.89 -21.74 1.74 -23.20 2.33
