Car 0.00 0 -1.50 -1 -1 -1 -1 2.17 2.56 4.80 -3.70 2.26 5.54 -2.08
Car 0.00 0 1.56 -1 -1 -1 -1 3.06 3.16 7.00 5.94 2.53 -16.42 1.21
Car 0.00 0 -3.17 -1 -1 -1 -1 2.08 2.43 5.13 7.30 2.25 2.05 -1.87
Car 0.00 0 -0.91 -1 -1 -1 -1 2.27 2.74 5.80 11.49 2.78 13.70 -0.21
Car 0.00 0 1.04 -1 -1 -1 -1 2.02 2.25 4.71 -20.32 2.66 5.32 -0.28
Car 0.00 0 -2.65 -1 -1 -1 -1 2.16 2.44 4.69 -15.34 2.46 -16.31 -1.89
Car 0.00 0 1.19 -1 -1 -1 -1 2.22 2.93 5.39 -27.31 2.54 3.66 -0.25
Car 0.00 0 -2.59 -1 -1 -1 -1 2.28 2.36 4.75 -18.18 2.60 -16.23 -1.75
Car 0.00 0 -3.26 -1 -1 -1 -1 2.10 2.64 5.17 10.10 2.30 2.65 -1.94
Car 0.00 0 -0.14 -1 -1 -1 -1 2.11 2.69 5.28 12.46 2.38 3.14 1.18
Car 0.00 0 -0.17 -1 -1 -1 -1 2.13 2.19 4.46 17.86 2.39 4.96 1.13
