Car 0.00 0 -1.86 -1 -1 -1 -1 2.08 2.43 4.41 -4.88 2.19 -16.86 -1.58
Car 0.00 0 -1.84 -1 -1 -1 -1 2.03 2.35 4.32 -4.50 2.20 -11.70 -1.47
Car 0.00 0 -2.10 -1 -1 -1 -1 1.99 2.48 5.17 -4.14 2.25 -6.27 -1.51
Car 0.00 0 -2.99 -1 -1 -1 -1 2.09 2.53 4.74 -3.88 2.27 -0.37 -1.52
Car 0.00 0 2.82 -1 -1 -1 -1 1.99 2.45 4.48 8.17 1.88 -15.33 2.33
Car 0.00 0 3.47 -1 -1 -1 -1 2.12 2.56 4.62 9.17 2.08 -5.57 2.44
Car 0.00 0 3.75 -1 -1 -1 -1 2.06 2.52 4.73 9.16 1.97 -2.45 2.44
Car 0.00 0 0.95 -1 -1 -1 -1 2.06 2.46 4.73 8.81 2.05 0.55 2.46
Car 0.00 0 1.31 -1 -1 -1 -1 1.90 2.23 4.39 9.01 2.03 3.47 2.51
Car 0.00 0 1.51 -1 -1 -1 -1 1.84 2.33 4.68 9.17 1.67 6.08 2.49
Car 0.00 0 1.68 -1 -1 -1 -1 1.97 2.50 5.21 9.58 1.82 9.40 2.48
Car 0.00 0 1.74 -1 -1 -1 -1 1.82 2.55 4.85 9.56 1.92 12.70 2.39
Car 0.00 0 -3.84 -1 -1 -1 -1 2.00 2.25 4.18 17.30 1.89 13.31 -2.92
Car 0.00 0 -0.75 -1 -1 -1 -1 2.28 2.46 4.59 18.14 1.84 20.38 -0.02
Car 0.00 0 -2.74 -1 -1 -1 -1 2.05 2.45 4.69 10.92 2.28 23.45 -2.30
Car 0.00 0 -4.21 -1 -1 -1 -1 2.09 2.48 4.67 17.27 1.88 8.03 -3.07
Car 0.00 0 0.47 -1 -1 -1 -1 2.29 2.46 5.23 -10.04 2.25 22.49 0.05
