Car 0.00 0 -1.44 -1 -1 -1 -1 2.17 2.56 4.80 2.12 2.55 17.52 -1.32
Car 0.00 0 0.87 -1 -1 -1 -1 3.06 3.16 7.00 11.94 3.03 2.36 2.24
Car 0.00 0 3.12 -1 -1 -1 -1 2.07 2.39 4.98 12.47 3.13 -2.43 1.74
Car 0.00 0 2.11 -1 -1 -1 -1 1.98 2.48 4.95 6.67 2.40 -15.86 1.71
Car 0.00 0 -0.57 -1 -1 -1 -1 2.23 2.58 5.38 4.82 2.32 4.66 0.23
Car 0.00 0 -0.31 -1 -1 -1 -1 2.05 2.43 5.29 6.16 2.38 9.43 0.26
Car 0.00 0 -0.37 -1 -1 -1 -1 2.05 2.31 4.30 6.79 2.46 12.09 0.15
Car 0.00 0 -0.40 -1 -1 -1 -1 1.96 2.34 4.94 7.52 2.51 14.23 0.09
Car 0.00 0 -0.35 -1 -1 -1 -1 1.98 2.36 4.92 8.02 2.56 16.57 0.10
Car 0.00 0 -0.17 -1 -1 -1 -1 2.26 2.53 4.79 9.38 2.79 23.51 0.21
