Car 0.00 0 -2.03 -1 -1 -1 -1 2.18 2.41 4.79 -3.03 2.13 -6.26 -1.58
Car 0.00 0 1.35 -1 -1 -1 -1 2.51 2.55 5.36 -3.03 2.04 -14.04 1.57
Car 0.00 0 1.40 -1 -1 -1 -1 2.08 2.36 4.48 -3.04 2.01 -18.89 1.56
Car 0.00 0 -2.76 -1 -1 -1 -1 2.11 2.37 4.73 -3.23 2.20 -1.35 -1.59
Car 0.00 0 -1.37 -1 -1 -1 -1 2.02 2.48 5.26 4.28 2.06 -16.27 -1.62
Car 0.00 0 -1.45 -1 -1 -1 -1 2.13 2.46 4.69 4.37 1.98 -22.05 -1.65
Car 0.00 0 -1.26 -1 -1 -1 -1 2.26 2.61 4.91 -3.26 2.29 11.13 -1.54
Car 0.00 0 -1.70 -1 -1 -1 -1 1.96 2.39 5.05 -2.91 2.00 -24.11 -1.58
Car 0.00 0 -0.96 -1 -1 -1 -1 2.32 2.46 5.51 -3.39 2.26 4.74 -1.58
Car 0.00 0 -1.40 -1 -1 -1 -1 1.98 2.33 5.00 -3.44 2.41 22.01 -1.56
Car 0.00 0 -1.35 -1 -1 -1 -1 2.00 2.29 4.60 -3.41 2.37 17.77 -1.54
