Car 0.00 0 -1.56 -1 -1 -1 -1 2.28 2.70 5.19 0.22 2.02 -21.91 -1.57
Car 0.00 0 4.31 -1 -1 -1 -1 2.10 2.34 4.59 -14.84 1.45 5.08 3.06
Car 0.00 0 -2.22 -1 -1 -1 -1 1.99 2.28 4.10 -14.77 1.62 15.07 -3.00
Car 0.00 0 -2.84 -1 -1 -1 -1 2.16 2.13 4.07 -7.94 1.85 -2.88 -1.61
Car 0.00 0 -0.28 -1 -1 -1 -1 1.97 2.16 3.91 -7.93 1.84 1.89 -1.62
Car 0.00 0 1.88 -1 -1 -1 -1 1.83 2.27 4.24 -16.34 1.32 -6.59 3.06
Car 0.00 0 -3.21 -1 -1 -1 -1 1.92 2.09 4.28 -8.15 1.48 -7.45 -2.38
Car 0.00 0 1.61 -1 -1 -1 -1 1.87 2.30 4.35 -16.15 1.37 -4.17 2.93
Car 0.00 0 2.05 -1 -1 -1 -1 2.01 2.39 4.21 -7.73 1.50 13.14 1.52
Car 0.00 0 1.44 -1 -1 -1 -1 1.97 2.21 4.31 -15.39 1.21 -1.81 2.90
Car 0.00 0 4.20 -1 -1 -1 -1 1.99 2.23 4.17 -15.00 1.26 2.75 2.81
Car 0.00 0 -1.96 -1 -1 -1 -1 1.92 2.28 4.27 -14.80 1.29 9.77 -2.94
