Car 0.00 0 -1.52 -1 -1 -1 -1 2.56 2.91 5.85 -0.74 2.01 -11.64 -1.46
Car 0.00 0 2.43 -1 -1 -1 -1 2.14 2.59 5.39 13.92 2.63 -11.75 1.56
Car 0.00 0 2.59 -1 -1 -1 -1 2.15 2.62 5.37 13.46 2.63 -6.80 1.49
Car 0.00 0 2.96 -1 -1 -1 -1 2.52 2.62 5.17 13.53 2.74 -2.07 1.54
Car 0.00 0 0.25 -1 -1 -1 -1 3.22 2.93 6.83 13.05 2.73 4.86 1.47
Car 0.00 0 -2.44 -1 -1 -1 -1 3.01 2.83 5.95 12.25 2.71 12.10 -1.65
Car 0.00 0 -2.22 -1 -1 -1 -1 2.16 2.64 5.67 11.90 2.75 18.51 -1.65
Car 0.00 0 -1.75 -1 -1 -1 -1 2.17 2.57 4.94 3.54 2.35 17.66 -1.55
Car 0.00 0 1.97 -1 -1 -1 -1 1.94 2.33 4.61 13.39 2.68 -26.99 1.51
Car 0.00 0 1.11 -1 -1 -1 -1 2.64 2.93 5.94 10.95 2.58 27.01 1.50
