Car 0.00 0 1.62 -1 -1 -1 -1 2.00 2.37 4.95 -9.84 1.56 -16.84 2.15
Car 0.00 0 -1.14 -1 -1 -1 -1 2.02 2.23 4.15 -3.69 1.53 -20.54 -0.96
Car 0.00 0 -1.41 -1 -1 -1 -1 2.16 2.47 4.85 -2.04 2.02 -7.68 -1.15
Car 0.00 0 -0.55 -1 -1 -1 -1 2.22 2.60 4.73 10.89 2.56 6.62 0.47
Car 0.00 0 0.23 -1 -1 -1 -1 2.11 2.58 5.13 3.64 3.17 19.22 0.41
Car 0.00 0 0.55 -1 -1 -1 -1 2.17 2.46 5.08 -3.35 3.23 21.76 0.39
Car 0.00 0 0.74 -1 -1 -1 -1 2.32 2.37 4.92 -7.86 3.25 23.49 0.41
Car 0.00 0 0.81 -1 -1 -1 -1 2.17 2.48 4.79 -12.14 3.23 25.31 0.36
Car 0.00 0 -1.38 -1 -1 -1 -1 2.16 2.50 4.65 -7.77 1.38 -19.08 -0.99
Car 0.00 0 1.85 -1 -1 -1 -1 2.00 2.44 4.91 -7.49 1.17 -25.90 2.13
