Car 0.00 0 -0.41 -1 -1 -1 -1 2.55 2.59 5.80 -12.81 2.23 -29.55 0.00
Car 0.00 0 1.25 -1 -1 -1 -1 2.34 2.49 4.70 21.94 3.03 -7.78 0.02
Car 0.00 0 -3.83 -1 -1 -1 -1 2.34 2.52 4.93 -12.95 2.18 -14.27 -3.09
Car 0.00 0 4.63 -1 -1 -1 -1 2.04 2.40 4.88 22.25 2.86 -0.32 3.08
Car 0.00 0 1.65 -1 -1 -1 -1 1.98 2.43 4.96 22.20 2.89 2.21 3.12
Car 0.00 0 -4.38 -1 -1 -1 -1 1.97 2.31 4.47 22.65 3.04 6.38 -3.09
Car 0.00 0 -1.36 -1 -1 -1 -1 2.01 2.20 4.31 -13.11 2.37 -3.28 -0.04
Car 0.00 0 0.66 -1 -1 -1 -1 2.11 2.30 4.72 21.44 2.84 -22.72 -0.10
Car 0.00 0 3.96 -1 -1 -1 -1 2.13 2.67 4.98 22.40 2.97 -19.84 3.11
Car 0.00 0 -0.78 -1 -1 -1 -1 1.88 2.33 4.16 22.82 3.21 20.97 0.05
