Car 0.00 0 -1.59 -1 -1 -1 -1 2.03 2.51 5.00 1.29 2.05 -9.73 -1.72
Car 0.00 0 -1.29 -1 -1 -1 -1 2.17 2.42 4.96 -4.99 2.31 8.60 -1.82
Car 0.00 0 1.38 -1 -1 -1 -1 2.43 2.79 5.50 -0.20 2.19 20.60 1.37
Car 0.00 0 -2.84 -1 -1 -1 -1 2.07 2.41 5.07 5.02 2.24 -20.68 -3.08
Car 0.00 0 -3.35 -1 -1 -1 -1 2.21 2.39 4.84 -4.85 2.37 -19.81 -3.11
Car 0.00 0 -0.86 -1 -1 -1 -1 2.23 2.57 5.04 -15.46 2.25 -13.09 0.01
Car 0.00 0 -2.00 -1 -1 -1 -1 1.98 2.51 5.02 1.78 2.24 9.79 -1.82
Car 0.00 0 -1.39 -1 -1 -1 -1 2.05 2.42 4.23 -6.12 2.24 13.48 -1.82
Car 0.00 0 -1.44 -1 -1 -1 -1 2.12 2.34 4.68 -6.94 2.23 18.43 -1.80
Car 0.00 0 1.69 -1 -1 -1 -1 2.28 2.48 5.39 -8.46 2.21 24.18 1.36
Car 0.00 0 -1.80 -1 -1 -1 -1 2.06 2.34 4.21 -1.30 2.02 25.71 -1.85
Car 0.00 0 -2.21 -1 -1 -1 -1 2.16 2.48 4.74 27.06 2.05 -21.36 -3.12
