Car 0.00 0 -1.26 -1 -1 -1 -1 1.99 2.39 5.16 3.78 2.08 -11.38 -1.58
Car 0.00 0 -1.78 -1 -1 -1 -1 1.97 2.40 4.41 -3.29 2.08 -17.16 -1.59
Car 0.00 0 -1.82 -1 -1 -1 -1 2.15 2.42 4.75 -3.32 2.16 -12.47 -1.56
Car 0.00 0 -2.02 -1 -1 -1 -1 2.00 2.36 4.65 -3.40 2.23 -7.37 -1.58
Car 0.00 0 2.78 -1 -1 -1 -1 1.95 2.30 4.65 3.77 2.24 -1.39 1.56
Car 0.00 0 0.76 -1 -1 -1 -1 2.02 2.33 4.46 3.75 2.34 3.76 1.54
Car 0.00 0 -1.99 -1 -1 -1 -1 2.35 2.51 4.92 3.59 2.42 9.36 -1.62
Car 0.00 0 -1.21 -1 -1 -1 -1 2.26 2.43 4.97 -3.88 2.65 10.97 -1.55
Car 0.00 0 1.39 -1 -1 -1 -1 2.41 2.43 4.82 3.63 2.49 15.34 1.62
Car 0.00 0 1.41 -1 -1 -1 -1 1.98 2.42 5.25 3.43 2.63 21.98 1.57
Car 0.00 0 1.82 -1 -1 -1 -1 2.15 2.33 4.54 -3.98 2.61 16.88 1.58
