Car 0.00 0 1.13 -1 -1 -1 -1 3.37 3.19 6.10 21.92 4.09 -13.07 0.09
Car 0.00 0 -4.53 -1 -1 -1 -1 2.39 2.65 5.66 19.12 3.51 2.23 -3.08
Car 0.00 0 -1.09 -1 -1 -1 -1 2.25 2.35 4.13 18.97 3.72 7.70 0.10
Car 0.00 0 -0.93 -1 -1 -1 -1 2.21 2.48 4.66 18.94 3.92 10.90 0.12
Car 0.00 0 -3.75 -1 -1 -1 -1 2.90 3.06 5.64 19.76 3.99 25.64 -3.09
Car 0.00 0 -4.04 -1 -1 -1 -1 2.17 2.39 4.44 19.21 3.93 14.07 -3.11
Car 0.00 0 -3.95 -1 -1 -1 -1 2.29 2.56 4.52 19.36 4.00 17.23 -3.11
Car 0.00 0 0.74 -1 -1 -1 -1 2.36 2.63 4.45 20.85 4.00 -27.09 0.09
Car 0.00 0 0.84 -1 -1 -1 -1 2.48 2.51 5.08 21.45 4.29 -23.98 0.11
Car 0.00 0 0.83 -1 -1 -1 -1 2.23 2.46 4.19 21.42 4.24 -20.39 0.02
