Car 0.00 0 -1.44 -1 -1 -1 -1 2.17 2.56 4.80 1.27 2.48 16.08 -1.36
Car 0.00 0 3.56 -1 -1 -1 -1 3.06 3.16 7.00 8.98 2.63 -3.64 2.38
Car 0.00 0 -1.15 -1 -1 -1 -1 2.23 2.58 5.38 4.65 2.21 1.06 0.20
Car 0.00 0 -0.68 -1 -1 -1 -1 2.05 2.43 5.29 5.42 2.41 6.08 0.05
Car 0.00 0 -0.87 -1 -1 -1 -1 2.21 2.22 4.30 5.37 2.29 3.40 0.14
Car 0.00 0 -0.52 -1 -1 -1 -1 2.05 2.31 4.30 5.91 2.41 8.60 0.08
Car 0.00 0 -0.53 -1 -1 -1 -1 1.96 2.34 4.94 6.45 2.45 10.76 0.01
Car 0.00 0 -0.46 -1 -1 -1 -1 1.98 2.36 4.92 6.76 2.49 13.13 0.02
Car 0.00 0 -0.23 -1 -1 -1 -1 2.26 2.53 4.79 7.56 2.69 20.20 0.13
Car 0.00 0 1.89 -1 -1 -1 -1 1.98 2.48 4.95 8.08 2.32 -27.50 1.60
Car 0.00 0 -0.40 -1 -1 -1 -1 1.98 2.38 4.83 7.14 2.57 15.61 0.03
Car 0.00 0 -1.44 -1 -1 -1 -1 2.41 2.45 4.94 0.48 2.53 28.10 -1.43
Car 0.00 0 -0.11 -1 -1 -1 -1 2.15 2.41 4.73 9.17 2.92 29.17 0.20
