Car 0.00 0 3.63 -1 -1 -1 -1 2.05 2.36 5.09 5.11 2.12 -8.39 3.08
Car 0.00 0 3.79 -1 -1 -1 -1 1.86 2.32 4.91 5.09 2.09 -5.96 3.08
Car 0.00 0 4.06 -1 -1 -1 -1 1.95 2.36 4.83 4.96 2.18 -3.64 3.12
Car 0.00 0 0.36 -1 -1 -1 -1 3.55 3.24 7.30 10.03 2.39 5.75 1.41
Car 0.00 0 4.40 -1 -1 -1 -1 1.90 2.54 4.92 5.33 2.24 -1.29 3.07
Car 0.00 0 1.76 -1 -1 -1 -1 1.93 2.43 4.44 5.33 2.23 1.33 3.09
Car 0.00 0 2.14 -1 -1 -1 -1 2.21 2.73 5.19 5.48 2.17 3.90 3.09
Car 0.00 0 -1.26 -1 -1 -1 -1 2.18 2.43 4.79 -3.56 2.27 8.73 -1.65
Car 0.00 0 -1.66 -1 -1 -1 -1 2.40 2.51 5.18 -3.56 2.04 -27.61 -1.53
Car 0.00 0 -2.91 -1 -1 -1 -1 1.87 2.45 4.56 4.93 2.06 -22.68 -3.12
Car 0.00 0 3.36 -1 -1 -1 -1 2.07 2.65 4.95 5.10 2.07 -18.02 3.09
Car 0.00 0 3.45 -1 -1 -1 -1 2.15 2.47 4.64 5.55 2.18 -15.62 3.11
Car 0.00 0 -2.76 -1 -1 -1 -1 1.96 2.49 4.89 5.14 2.15 -13.31 -3.13
Car 0.00 0 3.54 -1 -1 -1 -1 1.95 2.43 4.93 5.23 2.16 -10.86 3.09
