Car 0.00 0 -1.83 -1 -1 -1 -1 2.25 2.55 5.42 -5.65 2.06 -15.48 -1.48
Car 0.00 0 -1.25 -1 -1 -1 -1 2.01 2.54 5.31 2.12 2.11 -11.57 -1.43
Car 0.00 0 0.08 -1 -1 -1 -1 2.06 2.55 5.03 -3.56 2.22 0.30 -1.40
Car 0.00 0 -1.08 -1 -1 -1 -1 2.11 2.52 5.05 2.77 2.17 -6.76 -1.47
Car 0.00 0 -1.87 -1 -1 -1 -1 2.00 2.54 4.93 -5.07 2.12 -9.98 -1.40
Car 0.00 0 -0.52 -1 -1 -1 -1 2.05 2.43 4.35 3.38 2.29 -1.86 -1.59
Car 0.00 0 -0.88 -1 -1 -1 -1 2.23 2.49 4.50 -3.01 2.32 4.84 -1.44
Car 0.00 0 -2.34 -1 -1 -1 -1 2.02 2.56 5.60 3.87 2.32 3.30 -1.48
Car 0.00 0 -0.76 -1 -1 -1 -1 2.16 2.46 5.23 -0.97 2.34 10.91 -0.85
Car 0.00 0 1.21 -1 -1 -1 -1 2.50 2.65 5.07 5.03 2.43 10.65 1.65
Car 0.00 0 -4.10 -1 -1 -1 -1 2.00 2.36 4.40 -9.72 2.16 -4.11 -2.93
Car 0.00 0 1.49 -1 -1 -1 -1 1.94 2.50 4.66 -7.31 2.00 -28.08 1.74
Car 0.00 0 -1.36 -1 -1 -1 -1 2.33 2.62 5.58 -1.36 2.38 16.53 -1.45
Car 0.00 0 -3.54 -1 -1 -1 -1 2.27 2.35 4.84 -12.44 2.43 -20.35 -2.99
Car 0.00 0 -2.43 -1 -1 -1 -1 2.20 2.35 5.51 -7.39 2.40 9.85 -3.07
Car 0.00 0 -2.50 -1 -1 -1 -1 2.09 2.29 4.32 -7.61 2.29 12.13 -3.06
Car 0.00 0 -1.74 -1 -1 -1 -1 2.08 2.51 4.72 6.71 2.50 23.89 -1.46
Car 0.00 0 -2.73 -1 -1 -1 -1 2.41 2.47 4.83 -6.12 2.40 22.27 -2.99
Car 0.00 0 -1.68 -1 -1 -1 -1 2.03 2.51 5.10 7.50 2.40 29.10 -1.43
Car 0.00 0 -3.43 -1 -1 -1 -1 2.19 2.43 4.62 8.94 2.33 16.77 -2.94
