Car 0.00 0 -1.10 -1 -1 -1 -1 2.18 2.41 4.79 -3.20 2.40 6.37 -1.57
Car 0.00 0 0.36 -1 -1 -1 -1 2.51 2.55 5.36 -3.26 2.03 -1.21 1.58
Car 0.00 0 1.06 -1 -1 -1 -1 2.08 2.36 4.48 -3.40 1.97 -6.05 1.57
Car 0.00 0 -1.30 -1 -1 -1 -1 2.11 2.37 4.73 -3.21 2.55 11.52 -1.57
Car 0.00 0 -0.78 -1 -1 -1 -1 2.02 2.48 5.26 4.05 2.11 -3.68 -1.61
Car 0.00 0 1.72 -1 -1 -1 -1 1.93 2.31 4.50 4.02 1.62 -20.30 1.53
Car 0.00 0 -1.24 -1 -1 -1 -1 2.13 2.46 4.69 3.90 1.94 -9.47 -1.63
Car 0.00 0 -1.32 -1 -1 -1 -1 2.02 2.35 4.74 3.88 1.83 -14.34 -1.58
Car 0.00 0 -1.86 -1 -1 -1 -1 1.96 2.39 5.05 -3.44 1.95 -11.35 -1.56
Car 0.00 0 -1.38 -1 -1 -1 -1 2.32 2.46 5.51 -3.17 2.68 17.47 -1.56
Car 0.00 0 -1.76 -1 -1 -1 -1 2.00 2.39 4.99 -3.22 1.55 -21.21 -1.61
Car 0.00 0 1.72 -1 -1 -1 -1 1.99 2.20 3.90 4.39 1.37 -26.29 1.56
Car 0.00 0 -1.45 -1 -1 -1 -1 2.26 2.61 4.91 -2.91 2.89 23.86 -1.57
