Car 0.00 0 -1.28 -1 -1 -1 -1 2.17 2.56 4.80 0.24 2.25 12.13 -1.26
Car 0.00 0 -1.44 -1 -1 -1 -1 3.06 3.16 7.00 0.73 2.05 -7.16 -1.54
Car 0.00 0 0.53 -1 -1 -1 -1 2.01 2.20 4.23 5.56 2.08 -10.51 0.04
Car 0.00 0 -2.56 -1 -1 -1 -1 2.14 2.49 4.90 5.08 2.10 -8.02 -3.12
Car 0.00 0 -2.30 -1 -1 -1 -1 2.01 2.46 5.23 5.26 2.15 -5.72 -3.05
Car 0.00 0 -2.00 -1 -1 -1 -1 2.05 2.34 4.93 5.93 2.16 -2.84 -3.13
Car 0.00 0 1.96 -1 -1 -1 -1 2.11 2.69 5.28 6.34 2.24 2.80 3.12
Car 0.00 0 -0.80 -1 -1 -1 -1 2.10 2.64 5.17 6.42 2.25 5.26 0.08
Car 0.00 0 1.58 -1 -1 -1 -1 1.93 2.31 5.31 6.61 2.18 -0.58 0.10
Car 0.00 0 -0.69 -1 -1 -1 -1 2.08 2.43 5.13 6.77 2.27 7.79 0.03
Car 0.00 0 0.20 -1 -1 -1 -1 2.27 2.74 5.80 16.62 3.13 0.86 1.72
Car 0.00 0 0.37 -1 -1 -1 -1 2.21 2.41 4.76 5.72 2.12 -17.56 0.06
Car 0.00 0 -2.73 -1 -1 -1 -1 2.00 2.59 5.17 5.36 2.16 -12.49 -3.14
Car 0.00 0 -1.74 -1 -1 -1 -1 2.41 2.45 4.94 -3.97 2.01 -24.63 -1.58
