Car 0.00 0 1.50 -1 -1 -1 -1 2.35 2.49 4.89 -6.18 1.99 -27.27 1.72
Car 0.00 0 -1.72 -1 -1 -1 -1 1.94 2.35 4.72 -4.88 2.07 -16.63 -1.43
Car 0.00 0 1.98 -1 -1 -1 -1 2.16 2.46 4.78 3.05 2.14 -11.76 1.72
Car 0.00 0 1.21 -1 -1 -1 -1 2.08 2.40 5.27 -3.50 2.14 -6.62 1.69
Car 0.00 0 2.26 -1 -1 -1 -1 2.13 2.51 4.87 3.73 2.26 -6.43 1.74
Car 0.00 0 2.83 -1 -1 -1 -1 1.88 2.38 4.52 4.17 2.31 -1.91 1.69
Car 0.00 0 1.64 -1 -1 -1 -1 2.27 2.52 5.48 0.38 2.49 24.16 1.66
Car 0.00 0 -2.04 -1 -1 -1 -1 2.35 2.58 5.80 -16.17 1.84 9.13 -3.09
Car 0.00 0 -1.94 -1 -1 -1 -1 2.15 2.46 5.12 -22.38 1.64 9.29 -3.11
Car 0.00 0 -1.70 -1 -1 -1 -1 2.04 2.28 4.31 -5.54 2.04 -21.76 -1.46
