Car 0.00 0 -0.37 -1 -1 -1 -1 2.21 2.63 4.97 3.58 2.15 -1.59 -1.52
Car 0.00 0 -1.32 -1 -1 -1 -1 2.42 2.83 5.58 2.40 2.06 -14.89 -1.48
Car 0.00 0 -1.63 -1 -1 -1 -1 2.56 2.91 5.85 -0.88 2.02 -11.76 -1.55
Car 0.00 0 2.96 -1 -1 -1 -1 2.52 2.62 5.17 13.45 2.68 -1.88 1.53
Car 0.00 0 0.27 -1 -1 -1 -1 3.22 2.93 6.83 13.05 2.73 4.89 1.48
Car 0.00 0 -2.42 -1 -1 -1 -1 3.01 2.83 5.95 12.37 2.68 12.25 -1.63
Car 0.00 0 -2.22 -1 -1 -1 -1 2.16 2.64 5.67 11.90 2.69 18.66 -1.65
Car 0.00 0 1.17 -1 -1 -1 -1 2.64 2.93 5.94 11.05 2.93 27.18 1.56
Car 0.00 0 -1.15 -1 -1 -1 -1 1.98 2.18 4.21 2.98 2.17 -27.61 -1.26
Car 0.00 0 1.97 -1 -1 -1 -1 1.94 2.33 4.61 13.27 2.65 -27.04 1.51
Car 0.00 0 -1.59 -1 -1 -1 -1 3.37 3.50 8.83 -2.67 1.84 -21.20 -1.47
