Car 0.00 0 -1.58 -1 -1 -1 -1 2.17 2.56 4.80 -2.00 2.42 7.09 -1.85
Car 0.00 0 1.82 -1 -1 -1 -1 3.06 3.16 7.00 1.87 2.30 -13.88 1.69
Car 0.00 0 -3.09 -1 -1 -1 -1 2.08 2.43 5.13 7.93 2.22 1.22 -1.67
Car 0.00 0 1.15 -1 -1 -1 -1 2.22 2.93 5.39 -25.38 2.66 10.82 -0.01
Car 0.00 0 -0.90 -1 -1 -1 -1 2.27 2.74 5.80 14.74 2.85 11.66 0.00
Car 0.00 0 1.00 -1 -1 -1 -1 2.02 2.25 4.71 -18.19 2.64 10.67 -0.04
Car 0.00 0 0.09 -1 -1 -1 -1 2.11 2.69 5.28 13.03 2.10 1.08 1.58
Car 0.00 0 -3.08 -1 -1 -1 -1 2.10 2.64 5.17 10.63 2.08 1.03 -1.61
Car 0.00 0 -2.65 -1 -1 -1 -1 2.16 2.44 4.69 -18.27 2.45 -11.41 -1.64
Car 0.00 0 -2.62 -1 -1 -1 -1 2.28 2.36 4.75 -21.11 2.38 -10.59 -1.52
