Car 0.00 0 -1.57 -1 -1 -1 -1 2.16 2.47 4.85 -0.56 1.90 -17.56 -1.54
Car 0.00 0 -1.46 -1 -1 -1 -1 2.03 2.42 4.56 1.55 2.02 -22.15 -1.53
Car 0.00 0 -1.70 -1 -1 -1 -1 2.06 2.42 4.11 -2.93 1.96 -17.96 -1.54
Car 0.00 0 -1.35 -1 -1 -1 -1 2.05 2.43 4.26 2.17 2.07 -12.49 -1.53
Car 0.00 0 -1.95 -1 -1 -1 -1 2.01 2.38 4.67 3.34 2.30 7.95 -1.55
Car 0.00 0 -1.83 -1 -1 -1 -1 2.26 2.35 4.17 3.70 2.35 12.99 -1.55
Car 0.00 0 -1.73 -1 -1 -1 -1 3.03 2.89 6.03 4.10 2.44 20.57 -1.54
Car 0.00 0 -1.47 -1 -1 -1 -1 1.95 2.44 4.28 -0.26 2.61 27.70 -1.48
Car 0.00 0 -2.72 -1 -1 -1 -1 2.11 2.37 4.69 -5.55 2.36 14.61 -3.08
Car 0.00 0 -2.74 -1 -1 -1 -1 2.05 2.26 4.37 -5.36 2.34 16.81 -3.05
Car 0.00 0 -2.76 -1 -1 -1 -1 2.00 2.34 4.27 -4.82 2.34 18.97 -3.01
