Car 0.00 0 -1.80 -1 -1 -1 -1 2.32 2.52 4.74 -3.30 2.10 -14.56 -1.57
Car 0.00 0 2.06 -1 -1 -1 -1 2.49 2.51 5.15 4.00 2.19 -7.44 1.56
Car 0.00 0 -2.40 -1 -1 -1 -1 2.19 2.57 5.48 -3.22 2.07 -2.95 -1.57
Car 0.00 0 -2.15 -1 -1 -1 -1 2.01 2.35 4.79 3.71 2.32 5.86 -1.58
Car 0.00 0 -1.30 -1 -1 -1 -1 2.56 2.60 5.33 -3.22 2.24 10.74 -1.59
Car 0.00 0 -1.91 -1 -1 -1 -1 2.05 2.40 5.05 3.70 2.37 11.00 -1.58
Car 0.00 0 -1.75 -1 -1 -1 -1 2.07 2.54 5.00 -3.12 2.03 -19.13 -1.59
Car 0.00 0 -2.05 -1 -1 -1 -1 1.97 2.16 3.93 -8.82 1.95 4.69 -3.13
Car 0.00 0 -1.35 -1 -1 -1 -1 2.00 2.35 4.27 -3.26 2.29 15.66 -1.55
Car 0.00 0 1.33 -1 -1 -1 -1 2.00 2.44 4.91 3.68 2.46 21.63 1.50
Car 0.00 0 1.68 -1 -1 -1 -1 2.00 2.37 4.95 -3.19 2.42 27.81 1.57
Car 0.00 0 1.45 -1 -1 -1 -1 2.12 2.40 4.84 -3.01 1.96 -29.77 1.55
Car 0.00 0 -1.46 -1 -1 -1 -1 2.13 2.39 4.72 4.12 2.12 -24.91 -1.63
Car 0.00 0 -1.53 -1 -1 -1 -1 1.96 2.38 4.36 4.04 2.15 -20.19 -1.72
Car 0.00 0 -1.37 -1 -1 -1 -1 2.03 2.45 5.42 3.82 2.19 -14.82 -1.62
Car 0.00 0 4.42 -1 -1 -1 -1 2.17 2.31 4.62 -8.54 1.94 2.50 3.13
Car 0.00 0 -1.73 -1 -1 -1 -1 2.02 2.23 4.15 3.81 2.38 28.71 -1.59
