Car 0.00 0 -1.57 -1 -1 -1 -1 2.16 2.47 4.85 -0.18 1.98 -17.96 -1.56
Car 0.00 0 -1.46 -1 -1 -1 -1 2.04 2.47 4.78 2.39 1.97 -21.59 -1.57
Car 0.00 0 -1.76 -1 -1 -1 -1 2.19 2.39 4.67 -2.30 2.04 -12.72 -1.58
Car 0.00 0 -1.32 -1 -1 -1 -1 2.03 2.41 4.72 2.33 2.11 -9.97 -1.55
Car 0.00 0 -2.07 -1 -1 -1 -1 2.23 2.51 4.81 -2.40 2.09 -4.49 -1.58
Car 0.00 0 -1.14 -1 -1 -1 -1 2.02 2.26 4.62 2.46 2.13 -4.94 -1.60
Car 0.00 0 -2.60 -1 -1 -1 -1 2.03 2.42 4.56 2.32 2.20 1.49 -1.60
Car 0.00 0 -1.16 -1 -1 -1 -1 2.06 2.42 4.11 -2.40 2.23 5.56 -1.56
Car 0.00 0 -1.79 -1 -1 -1 -1 2.05 2.43 4.26 2.46 2.30 11.27 -1.57
Car 0.00 0 -1.70 -1 -1 -1 -1 2.02 2.25 4.14 -2.62 2.07 -23.33 -1.59
