Car 0.00 0 2.36 -1 -1 -1 -1 2.03 2.53 5.36 7.55 2.31 -7.85 1.60
Car 0.00 0 1.26 -1 -1 -1 -1 2.51 2.53 5.98 -3.99 2.07 -11.57 1.59
Car 0.00 0 -2.22 -1 -1 -1 -1 2.41 2.60 4.93 -3.92 2.14 -4.70 -1.52
Car 0.00 0 2.92 -1 -1 -1 -1 1.99 2.37 4.44 7.35 2.40 -1.89 1.60
Car 0.00 0 0.47 -1 -1 -1 -1 2.08 2.37 4.86 7.65 2.47 3.79 1.58
Car 0.00 0 2.22 -1 -1 -1 -1 2.03 2.39 4.62 4.36 2.19 -5.73 1.57
Car 0.00 0 -0.58 -1 -1 -1 -1 2.01 2.18 5.02 -3.64 2.16 2.74 -1.51
Car 0.00 0 -1.08 -1 -1 -1 -1 2.02 2.24 4.32 -3.59 2.24 7.25 -1.54
Car 0.00 0 1.86 -1 -1 -1 -1 2.07 2.26 4.04 -3.54 2.29 12.26 1.58
Car 0.00 0 -1.37 -1 -1 -1 -1 2.09 2.38 4.53 -3.63 2.34 18.65 -1.56
Car 0.00 0 1.21 -1 -1 -1 -1 2.10 2.52 5.34 7.78 2.59 19.43 1.60
Car 0.00 0 1.38 -1 -1 -1 -1 1.97 2.59 4.79 4.44 2.48 22.03 1.58
Car 0.00 0 -1.73 -1 -1 -1 -1 2.06 2.57 4.95 -4.37 2.12 -24.02 -1.55
Car 0.00 0 -1.75 -1 -1 -1 -1 2.07 2.57 4.96 -4.08 2.12 -18.69 -1.54
