Car 0.00 0 1.83 -1 -1 -1 -1 2.00 2.44 4.91 -1.15 1.11 -24.41 1.88
Car 0.00 0 1.56 -1 -1 -1 -1 2.00 2.37 4.95 -5.63 1.43 -16.28 1.89
Car 0.00 0 -1.14 -1 -1 -1 -1 2.02 2.23 4.15 1.19 1.51 -18.30 -1.21
Car 0.00 0 -1.51 -1 -1 -1 -1 2.16 2.47 4.85 -1.05 1.89 -8.18 -1.38
Car 0.00 0 -1.76 -1 -1 -1 -1 2.46 2.50 5.43 -26.54 1.93 13.26 -2.87
Car 0.00 0 0.47 -1 -1 -1 -1 2.22 2.60 4.73 -3.83 2.57 14.31 0.21
Car 0.00 0 0.24 -1 -1 -1 -1 2.11 2.58 5.13 -1.69 3.19 22.08 0.16
Car 0.00 0 0.52 -1 -1 -1 -1 2.17 2.46 5.08 -9.06 3.14 22.78 0.14
Car 0.00 0 0.70 -1 -1 -1 -1 2.32 2.37 4.92 -13.97 3.09 23.36 0.16
Car 0.00 0 0.76 -1 -1 -1 -1 2.17 2.48 4.79 -18.44 2.99 24.02 0.11
Car 0.00 0 -1.43 -1 -1 -1 -1 2.16 2.50 4.65 -3.81 1.24 -19.46 -1.24
