Car 0.00 0 -1.69 -1 -1 -1 -1 2.12 2.41 4.70 -2.41 2.05 -19.33 -1.56
Car 0.00 0 -1.57 -1 -1 -1 -1 2.16 2.47 4.85 -0.27 2.08 -18.72 -1.56
Car 0.00 0 -1.48 -1 -1 -1 -1 2.10 2.25 4.18 2.46 1.95 -24.29 -1.58
Car 0.00 0 -1.38 -1 -1 -1 -1 1.99 2.26 4.46 2.32 2.09 -14.31 -1.54
Car 0.00 0 -1.84 -1 -1 -1 -1 1.90 2.35 4.94 -2.44 2.10 -9.09 -1.57
Car 0.00 0 -2.59 -1 -1 -1 -1 2.04 2.47 4.78 2.41 2.29 1.48 -1.57
Car 0.00 0 -3.10 -1 -1 -1 -1 2.02 2.25 4.14 -2.59 2.25 -0.13 -1.58
Car 0.00 0 -1.33 -1 -1 -1 -1 2.19 2.39 4.67 -2.31 2.32 10.46 -1.55
Car 0.00 0 -1.77 -1 -1 -1 -1 2.03 2.41 4.72 2.47 2.38 13.03 -1.59
Car 0.00 0 -1.45 -1 -1 -1 -1 2.23 2.51 4.81 -2.37 2.41 18.47 -1.58
Car 0.00 0 -1.74 -1 -1 -1 -1 2.02 2.26 4.62 2.58 2.38 18.56 -1.60
Car 0.00 0 -1.69 -1 -1 -1 -1 2.03 2.42 4.56 2.41 2.50 24.65 -1.60
Car 0.00 0 -1.47 -1 -1 -1 -1 2.06 2.42 4.11 -2.28 2.55 28.72 -1.55
