Car 0.00 0 -1.57 -1 -1 -1 -1 2.12 2.77 5.28 -0.98 2.15 -14.25 -1.50
Car 0.00 0 -1.62 -1 -1 -1 -1 2.48 2.48 4.91 -1.47 1.97 20.65 -1.70
Car 0.00 0 2.55 -1 -1 -1 -1 2.09 2.52 4.96 3.25 2.23 -2.12 1.56
Car 0.00 0 -0.67 -1 -1 -1 -1 2.26 2.51 4.98 -7.25 2.00 -4.93 0.30
Car 0.00 0 -3.61 -1 -1 -1 -1 2.01 2.39 4.85 -8.03 2.17 -7.36 -2.78
Car 0.00 0 -0.28 -1 -1 -1 -1 2.54 2.69 5.27 -9.36 2.19 -9.75 0.49
Car 0.00 0 1.42 -1 -1 -1 -1 2.02 2.56 5.31 4.62 2.24 -21.83 1.21
Car 0.00 0 -1.29 -1 -1 -1 -1 2.14 2.52 5.02 -6.89 2.22 -1.82 0.02
Car 0.00 0 1.04 -1 -1 -1 -1 2.02 2.48 4.65 10.15 2.20 -28.34 0.69
Car 0.00 0 -1.96 -1 -1 -1 -1 2.11 2.53 5.09 -0.73 2.17 -25.56 -1.93
Car 0.00 0 0.11 -1 -1 -1 -1 1.85 2.39 4.82 -13.48 2.17 -16.26 0.80
