Car 0.00 0 -1.77 -1 -1 -1 -1 2.24 2.55 4.93 -2.55 2.04 -24.28 -1.67
Car 0.00 0 -1.78 -1 -1 -1 -1 2.61 2.72 5.47 -2.98 1.92 -18.39 -1.62
Car 0.00 0 -1.39 -1 -1 -1 -1 2.62 2.57 5.10 4.90 2.04 -23.94 -1.59
Car 0.00 0 -1.86 -1 -1 -1 -1 2.83 2.58 5.62 -2.97 2.02 -11.61 -1.61
Car 0.00 0 -1.34 -1 -1 -1 -1 2.09 2.43 4.76 4.46 2.05 -18.77 -1.57
Car 0.00 0 0.45 -1 -1 -1 -1 1.99 2.21 4.12 13.60 2.03 -17.28 -0.22
Car 0.00 0 -1.27 -1 -1 -1 -1 1.98 2.39 4.38 -2.91 2.40 12.00 -1.51
Car 0.00 0 -1.94 -1 -1 -1 -1 1.96 2.59 4.91 3.97 2.49 9.00 -1.53
Car 0.00 0 -1.84 -1 -1 -1 -1 2.29 2.55 4.81 4.31 2.57 15.31 -1.56
Car 0.00 0 -1.74 -1 -1 -1 -1 2.43 2.55 4.93 4.55 2.69 25.55 -1.56
Car 0.00 0 -1.83 -1 -1 -1 -1 2.01 2.27 4.11 4.53 2.53 20.52 -1.62
Car 0.00 0 -2.76 -1 -1 -1 -1 1.95 2.30 4.41 -9.15 2.13 25.89 -3.10
