Car 0.00 0 -1.70 -1 -1 -1 -1 1.96 2.36 4.45 -2.47 2.08 -17.24 -1.55
Car 0.00 0 -1.77 -1 -1 -1 -1 1.89 2.35 4.77 -2.32 2.12 -11.40 -1.57
Car 0.00 0 -1.17 -1 -1 -1 -1 1.95 2.37 4.42 2.47 2.14 -5.96 -1.56
Car 0.00 0 -1.22 -1 -1 -1 -1 2.29 2.47 5.02 -2.50 2.28 6.76 -1.57
Car 0.00 0 -2.45 -1 -1 -1 -1 2.01 2.43 4.95 2.38 2.20 2.15 -1.61
Car 0.00 0 -1.86 -1 -1 -1 -1 1.98 2.46 5.20 2.38 2.29 7.99 -1.57
Car 0.00 0 -1.42 -1 -1 -1 -1 2.04 2.48 4.32 -2.41 2.46 19.02 -1.55
Car 0.00 0 -1.79 -1 -1 -1 -1 2.07 2.42 4.62 2.41 2.36 13.42 -1.61
Car 0.00 0 -1.57 -1 -1 -1 -1 2.16 2.47 4.85 -0.00 2.02 -20.49 -1.57
Car 0.00 0 -1.72 -1 -1 -1 -1 2.03 2.33 4.70 2.47 2.49 23.15 -1.61
Car 0.00 0 -1.68 -1 -1 -1 -1 1.97 2.50 4.65 2.56 2.53 29.48 -1.60
