Car 0.00 0 -1.97 -1 -1 -1 -1 2.96 2.72 5.22 -15.03 1.82 16.07 -2.72
Car 0.00 0 -1.52 -1 -1 -1 -1 2.10 2.56 4.92 -2.25 1.74 -19.29 -1.41
Car 0.00 0 2.29 -1 -1 -1 -1 2.23 2.47 5.19 3.18 2.11 -5.67 1.78
Car 0.00 0 -2.52 -1 -1 -1 -1 2.43 2.41 4.81 7.66 2.41 -18.37 -2.91
Car 0.00 0 -2.14 -1 -1 -1 -1 2.61 2.38 5.59 8.97 2.42 -15.83 -2.65
Car 0.00 0 -1.38 -1 -1 -1 -1 2.44 2.56 5.59 13.20 2.53 -9.55 -2.32
Car 0.00 0 0.52 -1 -1 -1 -1 2.49 2.53 4.76 7.30 2.35 -21.01 0.19
Car 0.00 0 -0.94 -1 -1 -1 -1 1.88 2.51 4.94 16.90 2.54 -6.08 -2.17
Car 0.00 0 -0.85 -1 -1 -1 -1 2.03 2.25 4.39 21.13 2.80 8.22 0.35
Car 0.00 0 0.44 -1 -1 -1 -1 2.48 2.41 5.10 1.02 2.21 13.59 0.51
Car 0.00 0 0.87 -1 -1 -1 -1 2.66 2.81 5.62 -10.84 1.89 18.58 0.34
Car 0.00 0 -1.13 -1 -1 -1 -1 1.89 2.33 4.63 14.83 2.41 -7.51 -2.23
