Car 0.00 0 -1.41 -1 -1 -1 -1 2.01 2.43 4.94 3.23 1.98 -20.27 -1.56
Car 0.00 0 -1.73 -1 -1 -1 -1 2.49 2.61 5.17 -3.30 1.97 -19.45 -1.56
Car 0.00 0 -1.80 -1 -1 -1 -1 2.21 2.58 4.89 -3.06 2.04 -13.43 -1.58
Car 0.00 0 -1.34 -1 -1 -1 -1 2.20 2.47 5.11 3.04 2.00 -14.33 -1.55
Car 0.00 0 -0.96 -1 -1 -1 -1 2.07 2.43 4.95 3.08 2.12 -4.69 -1.54
Car 0.00 0 -2.04 -1 -1 -1 -1 2.19 2.44 4.89 -3.32 2.13 -7.06 -1.60
Car 0.00 0 -2.66 -1 -1 -1 -1 2.01 2.51 5.42 2.89 2.22 1.65 -1.61
Car 0.00 0 -1.79 -1 -1 -1 -1 2.41 2.61 5.38 3.01 2.45 14.96 -1.59
Car 0.00 0 -1.37 -1 -1 -1 -1 2.06 2.46 5.39 -3.27 2.42 13.71 -1.60
Car 0.00 0 -1.40 -1 -1 -1 -1 2.20 2.37 4.62 -3.46 2.50 19.36 -1.57
Car 0.00 0 -1.09 -1 -1 -1 -1 2.19 2.51 4.59 -3.42 2.33 6.60 -1.57
Car 0.00 0 -2.65 -1 -1 -1 -1 1.98 2.31 4.41 -3.36 2.21 -1.95 -1.61
Car 0.00 0 -1.70 -1 -1 -1 -1 1.95 2.52 4.99 2.94 2.52 26.22 -1.58
