Car 0.00 0 1.34 -1 -1 -1 -1 2.27 2.40 5.01 -3.09 2.13 -15.25 1.54
Car 0.00 0 1.23 -1 -1 -1 -1 2.12 2.40 4.84 -3.21 2.15 -9.66 1.55
Car 0.00 0 -1.19 -1 -1 -1 -1 1.95 2.42 5.02 4.05 2.17 -9.66 -1.59
Car 0.00 0 -0.36 -1 -1 -1 -1 2.07 2.54 5.00 -3.27 2.25 1.24 -1.57
Car 0.00 0 -0.93 -1 -1 -1 -1 2.13 2.39 4.72 4.01 2.26 -4.78 -1.62
Car 0.00 0 -0.15 -1 -1 -1 -1 1.96 2.38 4.36 3.95 2.29 -0.01 -1.72
Car 0.00 0 -2.24 -1 -1 -1 -1 2.03 2.45 5.42 3.65 2.36 5.15 -1.62
Car 0.00 0 -1.05 -1 -1 -1 -1 2.32 2.52 4.74 -3.46 2.21 5.97 -1.57
Car 0.00 0 1.24 -1 -1 -1 -1 2.49 2.51 5.15 3.82 2.36 12.70 1.53
Car 0.00 0 -1.39 -1 -1 -1 -1 2.19 2.57 5.48 -3.39 2.27 17.46 -1.58
Car 0.00 0 -1.72 -1 -1 -1 -1 2.01 2.35 4.79 3.65 2.40 26.18 -1.58
Car 0.00 0 1.44 -1 -1 -1 -1 2.08 2.47 4.75 -2.92 2.13 -27.55 1.54
Car 0.00 0 -0.43 -1 -1 -1 -1 2.31 2.62 5.24 -9.70 2.04 -23.14 -0.03
Car 0.00 0 -4.19 -1 -1 -1 -1 2.00 2.26 4.21 -8.74 2.16 -4.06 -3.05
Car 0.00 0 2.72 -1 -1 -1 -1 1.98 2.29 4.33 -8.94 2.10 -20.55 3.13
Car 0.00 0 3.76 -1 -1 -1 -1 2.01 2.36 5.22 -8.24 1.95 10.20 3.08
Car 0.00 0 3.70 -1 -1 -1 -1 2.00 2.24 4.50 -8.94 1.99 12.46 3.08
Car 0.00 0 3.50 -1 -1 -1 -1 2.17 2.31 4.62 -8.67 1.74 22.72 3.13
