Car 0.00 0 1.84 -1 -1 -1 -1 2.00 2.44 4.91 -0.26 1.35 -23.14 1.85
Car 0.00 0 1.52 -1 -1 -1 -1 2.00 2.37 4.95 -4.98 1.71 -15.03 1.84
Car 0.00 0 -1.14 -1 -1 -1 -1 2.02 2.23 4.15 1.94 1.79 -16.74 -1.26
Car 0.00 0 -1.50 -1 -1 -1 -1 2.16 2.47 4.85 -1.28 1.88 -10.86 -1.38
Car 0.00 0 -2.33 -1 -1 -1 -1 2.53 2.57 5.73 -6.56 2.18 9.38 -2.94
Car 0.00 0 -4.31 -1 -1 -1 -1 2.46 2.50 5.43 19.55 2.67 3.97 -2.94
Car 0.00 0 0.92 -1 -1 -1 -1 2.32 2.58 5.23 -17.16 2.26 18.14 0.17
Car 0.00 0 -1.82 -1 -1 -1 -1 1.99 2.37 4.91 -29.63 2.03 14.29 -2.94
Car 0.00 0 0.25 -1 -1 -1 -1 2.11 2.58 5.13 -2.51 3.00 23.47 0.14
Car 0.00 0 0.49 -1 -1 -1 -1 2.17 2.46 5.08 -9.97 2.82 23.89 0.09
Car 0.00 0 -1.48 -1 -1 -1 -1 2.16 2.50 4.65 -5.43 1.16 -26.12 -1.27
