Car 0.00 0 -1.54 -1 -1 -1 -1 2.56 2.91 5.85 -0.02 1.92 -12.22 -1.54
Car 0.00 0 2.40 -1 -1 -1 -1 2.14 2.59 5.39 14.82 2.66 -11.20 1.48
Car 0.00 0 2.55 -1 -1 -1 -1 2.15 2.62 5.37 13.95 2.68 -6.22 1.40
Car 0.00 0 2.92 -1 -1 -1 -1 2.52 2.62 5.17 13.63 2.82 -1.50 1.46
Car 0.00 0 0.21 -1 -1 -1 -1 3.22 2.93 6.83 12.57 2.75 5.36 1.38
Car 0.00 0 -2.47 -1 -1 -1 -1 3.01 2.83 5.95 11.17 2.76 12.45 -1.74
Car 0.00 0 -2.23 -1 -1 -1 -1 2.16 2.64 5.67 10.28 2.82 18.81 -1.73
Car 0.00 0 1.11 -1 -1 -1 -1 2.64 2.93 5.94 8.62 2.86 27.26 1.42
Car 0.00 0 -1.68 -1 -1 -1 -1 2.17 2.57 4.94 1.39 2.61 29.47 -1.64
Car 0.00 0 1.96 -1 -1 -1 -1 1.94 2.33 4.61 15.57 2.62 -26.35 1.43
