Car 0.00 0 -1.72 -1 -1 -1 -1 2.29 2.47 5.02 -2.45 2.09 -17.25 -1.57
Car 0.00 0 -1.46 -1 -1 -1 -1 2.01 2.43 4.95 2.43 2.03 -21.21 -1.58
Car 0.00 0 -1.42 -1 -1 -1 -1 1.98 2.46 5.20 2.46 2.04 -15.27 -1.58
Car 0.00 0 -2.03 -1 -1 -1 -1 2.04 2.48 4.32 -2.44 2.20 -4.70 -1.55
Car 0.00 0 -1.33 -1 -1 -1 -1 2.07 2.42 4.62 2.47 2.08 -9.85 -1.58
Car 0.00 0 -1.59 -1 -1 -1 -1 2.16 2.47 4.85 -0.17 2.03 -20.90 -1.58
Car 0.00 0 -0.12 -1 -1 -1 -1 2.03 2.33 4.70 2.43 2.18 -0.34 -1.56
Car 0.00 0 -2.00 -1 -1 -1 -1 1.97 2.50 4.65 2.44 2.22 5.96 -1.61
Car 0.00 0 -1.77 -1 -1 -1 -1 2.00 2.43 4.96 2.38 2.37 13.40 -1.59
Car 0.00 0 -1.49 -1 -1 -1 -1 1.95 2.37 4.42 2.71 2.10 -29.44 -1.58
Car 0.00 0 -1.48 -1 -1 -1 -1 1.90 2.43 4.69 -2.38 2.56 25.49 -1.58
