Car 0.00 0 -1.22 -1 -1 -1 -1 2.17 2.56 4.80 1.12 2.29 11.58 -1.13
Car 0.00 0 -1.43 -1 -1 -1 -1 3.06 3.16 7.00 0.78 2.05 -7.11 -1.54
Car 0.00 0 0.45 -1 -1 -1 -1 2.01 2.20 4.23 5.52 2.05 -12.83 0.05
Car 0.00 0 -2.66 -1 -1 -1 -1 2.14 2.49 4.90 5.05 2.06 -10.35 -3.12
Car 0.00 0 -2.47 -1 -1 -1 -1 2.01 2.46 5.23 5.25 2.14 -8.04 -3.04
Car 0.00 0 -2.27 -1 -1 -1 -1 2.05 2.34 4.93 5.93 2.16 -5.14 -3.12
Car 0.00 0 1.64 -1 -1 -1 -1 2.11 2.69 5.28 6.36 2.23 0.56 3.12
Car 0.00 0 -1.05 -1 -1 -1 -1 2.10 2.64 5.17 6.46 2.21 3.00 0.09
Car 0.00 0 1.28 -1 -1 -1 -1 1.93 2.31 5.31 6.63 2.18 -2.78 0.10
Car 0.00 0 -0.85 -1 -1 -1 -1 2.08 2.43 5.13 6.81 2.25 5.49 0.04
Car 0.00 0 3.20 -1 -1 -1 -1 2.27 2.74 5.80 16.63 3.14 -1.53 1.72
Car 0.00 0 0.29 -1 -1 -1 -1 2.00 2.36 4.28 5.55 2.07 -17.26 -0.02
Car 0.00 0 -1.73 -1 -1 -1 -1 2.41 2.45 4.94 -4.09 1.94 -26.71 -1.57
