Car 0.00 0 -1.57 -1 -1 -1 -1 2.16 2.47 4.85 -0.28 1.96 -18.12 -1.56
Car 0.00 0 -1.45 -1 -1 -1 -1 2.04 2.47 4.78 2.32 1.94 -18.08 -1.57
Car 0.00 0 -1.72 -1 -1 -1 -1 2.02 2.25 4.14 -2.65 2.08 -19.81 -1.59
Car 0.00 0 -1.83 -1 -1 -1 -1 2.19 2.39 4.67 -2.32 2.04 -9.19 -1.58
Car 0.00 0 -1.20 -1 -1 -1 -1 2.03 2.41 4.72 2.31 2.09 -6.46 -1.55
Car 0.00 0 -2.72 -1 -1 -1 -1 2.23 2.51 4.81 -2.42 2.09 -1.10 -1.58
Car 0.00 0 -0.56 -1 -1 -1 -1 2.02 2.26 4.62 2.44 2.16 -1.43 -1.60
Car 0.00 0 -2.00 -1 -1 -1 -1 2.03 2.42 4.56 2.28 2.26 4.84 -1.56
Car 0.00 0 -1.30 -1 -1 -1 -1 2.06 2.42 4.11 -2.41 2.28 8.99 -1.56
Car 0.00 0 -1.77 -1 -1 -1 -1 2.05 2.43 4.26 2.44 2.34 14.75 -1.61
