Car 0.00 0 1.85 -1 -1 -1 -1 2.74 2.71 5.52 3.33 2.11 -21.35 1.69
Car 0.00 0 2.69 -1 -1 -1 -1 2.09 2.63 4.91 6.32 2.28 -3.90 1.67
Car 0.00 0 1.39 -1 -1 -1 -1 2.03 2.51 5.00 5.34 2.37 19.55 1.66
Car 0.00 0 4.05 -1 -1 -1 -1 1.97 2.38 5.01 16.31 2.29 -0.96 2.54
Car 0.00 0 1.30 -1 -1 -1 -1 2.07 2.79 5.57 16.99 2.47 4.16 2.64
Car 0.00 0 1.26 -1 -1 -1 -1 2.23 2.41 4.77 24.91 2.36 -16.42 0.27
Car 0.00 0 4.31 -1 -1 -1 -1 1.89 2.50 5.01 25.02 2.34 -10.17 3.13
Car 0.00 0 0.78 -1 -1 -1 -1 1.97 2.44 4.78 14.63 2.18 -12.22 -0.10
Car 0.00 0 0.67 -1 -1 -1 -1 2.09 2.37 4.52 14.65 2.20 -14.86 -0.10
Car 0.00 0 3.97 -1 -1 -1 -1 1.98 2.51 5.02 -22.37 3.08 16.09 3.03
