Car 0.00 0 -0.98 -1 -1 -1 -1 2.28 2.70 5.19 -0.62 2.08 -7.78 -0.90
Car 0.00 0 -2.35 -1 -1 -1 -1 2.10 2.44 5.08 14.11 2.52 -15.01 -3.11
Car 0.00 0 -1.71 -1 -1 -1 -1 2.09 2.37 4.80 -15.66 2.32 10.01 -2.71
Car 0.00 0 -2.01 -1 -1 -1 -1 2.09 2.41 5.01 -12.65 2.37 16.12 -2.68
Car 0.00 0 -1.88 -1 -1 -1 -1 2.47 2.74 5.64 -22.63 2.38 21.11 -2.70
Car 0.00 0 3.62 -1 -1 -1 -1 2.23 2.32 4.90 10.57 2.80 -18.97 3.11
Car 0.00 0 0.60 -1 -1 -1 -1 2.05 2.46 5.08 3.32 2.95 -27.68 0.48
Car 0.00 0 -1.70 -1 -1 -1 -1 1.97 2.38 4.34 19.87 3.03 -6.19 -2.97
Car 0.00 0 -4.45 -1 -1 -1 -1 2.03 2.59 4.82 27.28 3.13 1.90 -2.95
Car 0.00 0 -1.23 -1 -1 -1 -1 1.97 2.34 4.89 29.33 3.10 4.00 0.21
