Car 0.00 0 -2.69 -1 -1 -1 -1 2.18 2.41 4.79 -3.11 2.04 -1.47 -1.56
Car 0.00 0 1.24 -1 -1 -1 -1 2.51 2.55 5.36 -3.23 2.01 -9.10 1.58
Car 0.00 0 1.34 -1 -1 -1 -1 2.08 2.36 4.48 -3.32 1.97 -13.83 1.57
Car 0.00 0 -0.86 -1 -1 -1 -1 2.11 2.37 4.73 -3.29 2.22 3.82 -1.57
Car 0.00 0 -1.26 -1 -1 -1 -1 2.02 2.48 5.26 4.10 2.06 -11.41 -1.61
Car 0.00 0 -1.39 -1 -1 -1 -1 2.13 2.46 4.69 4.09 1.96 -17.24 -1.63
Car 0.00 0 -1.39 -1 -1 -1 -1 2.26 2.61 4.91 -3.09 2.31 16.15 -1.58
Car 0.00 0 -1.73 -1 -1 -1 -1 1.96 2.39 5.05 -3.31 1.96 -19.14 -1.56
Car 0.00 0 -1.23 -1 -1 -1 -1 2.32 2.46 5.51 -3.30 2.25 9.70 -1.56
Car 0.00 0 1.67 -1 -1 -1 -1 1.93 2.31 4.50 4.31 1.82 -28.05 1.52
Car 0.00 0 -1.41 -1 -1 -1 -1 2.02 2.35 4.74 4.04 1.95 -21.95 -1.59
Car 0.00 0 -1.43 -1 -1 -1 -1 1.98 2.33 5.00 -3.01 2.39 27.02 -1.54
Car 0.00 0 -1.39 -1 -1 -1 -1 2.00 2.29 4.60 -3.05 2.35 22.79 -1.52
