Car 0.00 0 1.46 -1 -1 -1 -1 1.94 2.50 4.66 -4.69 2.20 -25.59 1.64
Car 0.00 0 -1.86 -1 -1 -1 -1 2.25 2.55 5.42 -4.34 2.23 -12.90 -1.53
Car 0.00 0 -1.18 -1 -1 -1 -1 2.01 2.54 5.31 3.05 2.20 -8.17 -1.54
Car 0.00 0 -0.60 -1 -1 -1 -1 2.06 2.55 5.03 -3.84 2.30 2.88 -1.53
Car 0.00 0 -0.83 -1 -1 -1 -1 2.11 2.52 5.05 3.18 2.22 -3.34 -1.59
Car 0.00 0 -2.03 -1 -1 -1 -1 2.00 2.54 4.93 -4.28 2.27 -7.36 -1.50
Car 0.00 0 -2.87 -1 -1 -1 -1 2.05 2.43 4.35 3.29 2.24 1.45 -1.71
Car 0.00 0 -1.06 -1 -1 -1 -1 2.23 2.49 4.50 -3.87 2.35 7.61 -1.53
Car 0.00 0 -2.03 -1 -1 -1 -1 2.02 2.56 5.60 3.23 2.24 6.70 -1.58
Car 0.00 0 -0.89 -1 -1 -1 -1 2.16 2.46 5.23 -1.24 2.26 15.35 -0.97
Car 0.00 0 -1.38 -1 -1 -1 -1 2.33 2.62 5.58 -3.28 2.51 19.33 -1.55
Car 0.00 0 1.33 -1 -1 -1 -1 2.50 2.65 5.07 3.71 2.26 14.23 1.59
Car 0.00 0 -3.61 -1 -1 -1 -1 2.27 2.35 4.84 -10.58 2.67 -18.39 -3.09
Car 0.00 0 -4.40 -1 -1 -1 -1 2.00 2.36 4.40 -9.54 2.31 -2.00 -3.04
Car 0.00 0 3.72 -1 -1 -1 -1 2.20 2.35 5.51 -8.65 2.46 12.19 3.11
Car 0.00 0 3.69 -1 -1 -1 -1 2.09 2.29 4.32 -9.10 2.35 14.44 3.12
Car 0.00 0 -1.71 -1 -1 -1 -1 2.08 2.51 4.72 3.94 2.27 27.61 -1.56
Car 0.00 0 -2.76 -1 -1 -1 -1 2.41 2.47 4.83 -8.66 2.40 24.68 -3.10
Car 0.00 0 -3.36 -1 -1 -1 -1 2.19 2.43 4.62 6.87 2.26 20.57 -3.04
