Car 0.00 0 -1.56 -1 -1 -1 -1 2.56 2.91 5.85 -0.89 2.05 -11.57 -1.49
Car 0.00 0 -1.13 -1 -1 -1 -1 2.42 2.83 5.58 3.14 2.11 -8.87 -1.47
Car 0.00 0 -2.10 -1 -1 -1 -1 2.21 2.63 4.97 3.92 2.20 6.77 -1.58
Car 0.00 0 2.45 -1 -1 -1 -1 2.14 2.59 5.39 13.93 2.68 -11.66 1.58
Car 0.00 0 2.61 -1 -1 -1 -1 2.15 2.62 5.37 13.39 2.69 -6.74 1.50
Car 0.00 0 2.96 -1 -1 -1 -1 2.52 2.62 5.17 13.60 2.69 -2.01 1.54
Car 0.00 0 0.26 -1 -1 -1 -1 3.22 2.93 6.83 13.00 2.74 4.88 1.47
Car 0.00 0 -2.43 -1 -1 -1 -1 3.01 2.83 5.95 12.40 2.68 12.30 -1.64
Car 0.00 0 1.17 -1 -1 -1 -1 2.64 2.93 5.94 11.05 2.93 27.18 1.56
Car 0.00 0 1.97 -1 -1 -1 -1 1.94 2.33 4.61 13.27 2.65 -27.04 1.51
Car 0.00 0 -0.68 -1 -1 -1 -1 1.98 2.18 4.21 5.72 2.24 -22.81 -0.93
Car 0.00 0 -1.59 -1 -1 -1 -1 3.37 3.50 8.83 -2.67 1.84 -21.20 -1.47
