Car 0.00 0 -2.86 -1 -1 -1 -1 2.04 2.33 4.92 5.06 2.12 -28.63 -3.04
Car 0.00 0 0.15 -1 -1 -1 -1 2.05 2.36 4.36 5.43 2.02 -21.08 -0.10
Car 0.00 0 0.23 -1 -1 -1 -1 1.96 2.45 4.86 4.94 2.09 -16.66 -0.06
Car 0.00 0 3.41 -1 -1 -1 -1 1.84 2.45 4.50 4.69 2.09 -14.41 3.10
Car 0.00 0 -2.71 -1 -1 -1 -1 1.99 2.46 4.53 4.91 2.17 -11.65 -3.10
Car 0.00 0 -1.90 -1 -1 -1 -1 2.40 2.51 5.18 -3.77 2.11 -9.44 -1.52
Car 0.00 0 2.81 -1 -1 -1 -1 2.21 2.36 4.40 14.24 3.26 -4.08 1.52
Car 0.00 0 -2.59 -1 -1 -1 -1 2.07 2.47 4.48 5.19 2.19 -9.30 -3.10
Car 0.00 0 -2.39 -1 -1 -1 -1 1.94 2.50 4.97 5.71 2.18 -6.75 -3.09
Car 0.00 0 -2.31 -1 -1 -1 -1 1.87 2.45 4.56 4.75 2.18 -4.53 -3.12
Car 0.00 0 1.15 -1 -1 -1 -1 2.02 2.40 4.27 5.41 2.28 -2.35 -0.01
Car 0.00 0 1.54 -1 -1 -1 -1 2.07 2.65 4.95 4.92 2.24 0.07 3.09
Car 0.00 0 1.98 -1 -1 -1 -1 2.15 2.47 4.64 5.37 2.28 2.52 3.12
Car 0.00 0 -3.93 -1 -1 -1 -1 1.96 2.49 4.89 4.96 2.30 4.82 -3.13
Car 0.00 0 2.50 -1 -1 -1 -1 1.95 2.43 4.93 5.08 2.31 7.23 3.11
Car 0.00 0 2.61 -1 -1 -1 -1 2.05 2.36 5.09 5.05 2.39 9.59 3.10
Car 0.00 0 2.70 -1 -1 -1 -1 1.86 2.32 4.91 4.96 2.35 11.96 3.09
Car 0.00 0 2.77 -1 -1 -1 -1 1.95 2.36 4.83 4.82 2.34 14.40 3.09
Car 0.00 0 0.25 -1 -1 -1 -1 2.13 2.19 4.46 5.36 2.26 -26.23 0.04
Car 0.00 0 3.40 -1 -1 -1 -1 1.93 2.23 4.41 5.16 2.24 -18.81 3.13
Car 0.00 0 2.71 -1 -1 -1 -1 1.90 2.54 4.92 5.21 2.34 16.97 3.00
Car 0.00 0 2.78 -1 -1 -1 -1 1.93 2.43 4.44 5.28 2.37 19.56 3.04
Car 0.00 0 2.82 -1 -1 -1 -1 2.21 2.73 5.19 5.56 2.36 22.16 3.07
Car 0.00 0 -1.50 -1 -1 -1 -1 2.18 2.43 4.79 -3.51 2.32 26.83 -1.63
