Car 0.00 0 -1.59 -1 -1 -1 -1 2.23 2.48 4.89 -0.14 2.08 -12.21 -1.58
Car 0.00 0 -1.63 -1 -1 -1 -1 3.35 3.23 6.72 -0.51 2.49 22.18 -1.65
Car 0.00 0 1.72 -1 -1 -1 -1 2.34 2.74 5.19 4.44 1.93 -26.20 1.56
Car 0.00 0 1.80 -1 -1 -1 -1 2.15 2.63 4.90 4.61 2.08 -20.47 1.58
Car 0.00 0 1.86 -1 -1 -1 -1 2.31 2.73 5.10 3.52 2.04 -12.67 1.59
Car 0.00 0 2.04 -1 -1 -1 -1 2.08 2.42 4.68 3.60 2.15 -7.51 1.59
Car 0.00 0 0.28 -1 -1 -1 -1 2.14 2.55 4.80 3.30 2.28 0.96 1.57
Car 0.00 0 1.16 -1 -1 -1 -1 2.45 2.71 5.85 3.34 2.33 7.57 1.58
Car 0.00 0 1.30 -1 -1 -1 -1 4.28 3.38 8.02 3.94 2.48 15.79 1.54
Car 0.00 0 -0.62 -1 -1 -1 -1 2.51 2.95 5.51 12.56 2.36 17.84 -0.01
