Car 0.00 0 -1.34 -1 -1 -1 -1 2.13 2.64 5.21 4.65 2.31 -19.41 -1.57
Car 0.00 0 -1.19 -1 -1 -1 -1 3.17 2.68 6.37 4.51 2.29 -10.96 -1.58
Car 0.00 0 1.43 -1 -1 -1 -1 2.39 2.59 5.28 -2.59 2.20 -17.12 1.58
Car 0.00 0 0.05 -1 -1 -1 -1 2.52 3.05 5.57 4.39 2.33 0.24 1.57
Car 0.00 0 1.01 -1 -1 -1 -1 2.15 2.50 5.15 -2.86 2.12 -4.95 1.54
Car 0.00 0 -1.92 -1 -1 -1 -1 1.96 2.48 4.98 3.90 2.30 12.22 -1.61
Car 0.00 0 -1.25 -1 -1 -1 -1 2.38 2.50 4.94 -3.06 2.20 10.25 -1.54
Car 0.00 0 -1.40 -1 -1 -1 -1 2.02 2.28 4.44 -3.07 2.34 23.31 -1.53
Car 0.00 0 -1.37 -1 -1 -1 -1 1.97 2.32 4.12 -3.20 2.24 18.14 -1.54
Car 0.00 0 1.36 -1 -1 -1 -1 2.09 2.46 4.93 3.97 2.28 18.59 1.57
