Car 0.00 0 -1.59 -1 -1 -1 -1 2.03 2.51 5.00 0.04 1.89 -17.69 -1.59
Car 0.00 0 -1.74 -1 -1 -1 -1 2.17 2.42 4.96 -3.50 1.78 -22.04 -1.58
Car 0.00 0 1.92 -1 -1 -1 -1 2.43 2.79 5.50 3.73 2.10 -10.94 1.59
Car 0.00 0 -1.39 -1 -1 -1 -1 1.98 2.51 5.02 3.52 1.87 -21.58 -1.55
Car 0.00 0 -1.81 -1 -1 -1 -1 2.05 2.42 4.23 -3.54 1.89 -16.49 -1.60
Car 0.00 0 -1.86 -1 -1 -1 -1 2.12 2.34 4.68 -3.32 2.00 -11.33 -1.58
Car 0.00 0 1.05 -1 -1 -1 -1 2.28 2.48 5.39 -3.48 2.08 -6.14 1.57
Car 0.00 0 -1.05 -1 -1 -1 -1 2.06 2.34 4.21 3.74 2.23 -5.49 -1.64
Car 0.00 0 -0.36 -1 -1 -1 -1 1.94 2.26 4.67 3.58 2.26 -1.21 -1.61
Car 0.00 0 -2.28 -1 -1 -1 -1 2.40 2.51 5.13 3.85 2.29 4.75 -1.60
Car 0.00 0 -0.91 -1 -1 -1 -1 2.11 2.42 4.72 -3.43 2.18 4.67 -1.54
Car 0.00 0 -1.21 -1 -1 -1 -1 2.00 2.36 5.12 -3.46 2.23 10.00 -1.54
Car 0.00 0 -1.35 -1 -1 -1 -1 2.04 2.37 5.06 -3.35 2.23 15.88 -1.56
Car 0.00 0 1.29 -1 -1 -1 -1 2.15 2.42 4.63 3.35 2.32 12.81 1.55
Car 0.00 0 -1.42 -1 -1 -1 -1 3.18 2.60 5.58 -3.35 2.29 24.59 -1.55
Car 0.00 0 1.62 -1 -1 -1 -1 1.93 2.40 4.65 -11.30 2.11 -1.15 3.08
