Car 0.00 0 -1.69 -1 -1 -1 -1 2.16 2.47 4.85 7.60 2.23 -13.75 -2.20
Car 0.00 0 1.89 -1 -1 -1 -1 2.17 2.46 5.08 17.56 2.38 -5.35 0.62
Car 0.00 0 1.97 -1 -1 -1 -1 2.32 2.37 4.92 13.39 2.40 -2.47 0.58
Car 0.00 0 -0.92 -1 -1 -1 -1 2.17 2.48 4.79 9.76 2.36 0.12 0.64
Car 0.00 0 1.18 -1 -1 -1 -1 2.44 2.30 5.07 -9.85 2.15 16.09 0.63
Car 0.00 0 1.24 -1 -1 -1 -1 2.87 2.69 6.27 -15.25 2.14 19.93 0.59
Car 0.00 0 -1.80 -1 -1 -1 -1 2.90 2.77 6.00 -21.62 2.21 24.25 -2.53
Car 0.00 0 1.82 -1 -1 -1 -1 2.11 2.58 5.13 23.81 2.44 -9.46 0.62
Car 0.00 0 -0.70 -1 -1 -1 -1 1.91 2.21 4.14 14.36 2.86 -29.64 -1.15
Car 0.00 0 -1.49 -1 -1 -1 -1 2.14 2.42 4.40 22.17 2.38 26.33 -0.79
