Car 0.00 0 -0.97 -1 -1 -1 -1 2.36 2.62 5.46 2.45 2.16 -3.79 -1.54
Car 0.00 0 -1.16 -1 -1 -1 -1 2.12 2.41 4.70 -2.31 2.20 5.92 -1.53
Car 0.00 0 -1.56 -1 -1 -1 -1 2.16 2.47 4.85 -0.25 2.07 -19.75 -1.55
Car 0.00 0 -2.67 -1 -1 -1 -1 2.10 2.25 4.18 2.58 2.23 1.32 -1.58
Car 0.00 0 -1.78 -1 -1 -1 -1 1.99 2.26 4.46 2.47 2.37 11.13 -1.56
Car 0.00 0 -1.42 -1 -1 -1 -1 1.90 2.35 4.94 -2.35 2.29 16.24 -1.57
Car 0.00 0 -1.95 -1 -1 -1 -1 1.90 2.43 4.69 -2.37 2.10 -6.01 -1.58
Car 0.00 0 -1.69 -1 -1 -1 -1 2.04 2.47 4.78 2.54 2.53 27.07 -1.60
Car 0.00 0 -1.43 -1 -1 -1 -1 2.02 2.25 4.14 -2.50 2.40 25.54 -1.53
Car 0.00 0 -1.47 -1 -1 -1 -1 1.97 2.50 4.65 2.43 2.18 -25.52 -1.56
Car 0.00 0 -1.45 -1 -1 -1 -1 2.00 2.43 4.96 2.39 2.15 -17.95 -1.59
