Car 0.00 0 -1.38 -1 -1 -1 -1 1.99 2.39 5.16 3.84 2.08 -18.29 -1.58
Car 0.00 0 -1.73 -1 -1 -1 -1 2.15 2.42 4.75 -3.26 2.20 -19.41 -1.56
Car 0.00 0 -1.82 -1 -1 -1 -1 2.00 2.36 4.65 -3.37 2.25 -14.28 -1.59
Car 0.00 0 1.98 -1 -1 -1 -1 1.95 2.30 4.65 3.80 2.15 -8.39 1.56
Car 0.00 0 2.40 -1 -1 -1 -1 2.02 2.33 4.46 3.74 2.20 -3.22 1.54
Car 0.00 0 -2.59 -1 -1 -1 -1 2.35 2.51 4.92 3.55 2.28 2.45 -1.62
Car 0.00 0 -0.79 -1 -1 -1 -1 2.26 2.43 4.97 -3.91 2.44 4.08 -1.56
Car 0.00 0 1.21 -1 -1 -1 -1 2.41 2.43 4.82 3.60 2.32 8.32 1.61
Car 0.00 0 1.34 -1 -1 -1 -1 1.98 2.42 5.25 3.37 2.43 14.96 1.56
Car 0.00 0 1.97 -1 -1 -1 -1 2.15 2.33 4.54 -4.03 2.48 9.89 1.58
Car 0.00 0 -1.72 -1 -1 -1 -1 2.93 2.75 6.04 3.11 2.56 25.23 -1.60
Car 0.00 0 1.72 -1 -1 -1 -1 2.31 2.59 5.53 -4.21 2.87 28.61 1.58
