Car 0.00 0 -1.32 -1 -1 -1 -1 2.01 2.43 4.94 3.34 2.04 -12.87 -1.57
Car 0.00 0 -1.82 -1 -1 -1 -1 2.49 2.61 5.17 -3.22 2.05 -12.28 -1.57
Car 0.00 0 -2.03 -1 -1 -1 -1 2.21 2.58 4.89 -3.01 2.10 -6.31 -1.58
Car 0.00 0 -1.14 -1 -1 -1 -1 2.20 2.47 5.11 3.12 1.99 -7.05 -1.56
Car 0.00 0 -2.37 -1 -1 -1 -1 2.07 2.43 4.95 3.02 2.25 2.80 -1.55
Car 0.00 0 -0.09 -1 -1 -1 -1 2.19 2.44 4.89 -3.31 2.20 0.17 -1.61
Car 0.00 0 -1.93 -1 -1 -1 -1 2.01 2.51 5.42 2.84 2.34 8.83 -1.62
Car 0.00 0 -1.72 -1 -1 -1 -1 2.41 2.61 5.38 2.89 2.60 22.22 -1.60
Car 0.00 0 -1.45 -1 -1 -1 -1 2.06 2.46 5.39 -3.43 2.55 20.95 -1.61
Car 0.00 0 -1.44 -1 -1 -1 -1 2.20 2.37 4.62 -3.66 2.65 26.58 -1.58
Car 0.00 0 -1.33 -1 -1 -1 -1 2.19 2.51 4.59 -3.49 2.43 13.77 -1.58
Car 0.00 0 -1.06 -1 -1 -1 -1 1.98 2.31 4.41 -3.39 2.33 5.48 -1.61
