Car 0.00 0 1.73 -1 -1 -1 -1 2.47 2.74 5.64 3.87 1.96 -28.42 1.59
Car 0.00 0 1.44 -1 -1 -1 -1 2.29 2.56 5.41 -3.38 1.96 -23.39 1.59
Car 0.00 0 -1.42 -1 -1 -1 -1 2.12 2.34 4.40 3.87 2.02 -22.87 -1.58
Car 0.00 0 -1.40 -1 -1 -1 -1 2.05 2.38 4.67 3.76 2.10 -18.52 -1.60
Car 0.00 0 -1.25 -1 -1 -1 -1 2.33 2.56 5.14 3.96 2.16 -12.54 -1.56
Car 0.00 0 -1.81 -1 -1 -1 -1 2.26 2.41 4.90 -3.37 2.12 -12.62 -1.54
Car 0.00 0 -0.49 -1 -1 -1 -1 2.62 2.74 5.80 3.66 2.23 -1.94 -1.57
Car 0.00 0 -1.98 -1 -1 -1 -1 2.01 2.47 5.22 -3.26 2.18 -7.18 -1.55
Car 0.00 0 -2.72 -1 -1 -1 -1 2.05 2.44 5.08 -3.27 2.24 -1.50 -1.58
Car 0.00 0 -1.29 -1 -1 -1 -1 1.98 2.44 4.97 -3.28 2.35 12.52 -1.54
Car 0.00 0 1.76 -1 -1 -1 -1 1.94 2.50 4.66 -3.19 2.38 17.85 1.58
Car 0.00 0 -0.82 -1 -1 -1 -1 2.00 2.52 4.76 16.92 2.41 15.23 0.02
Car 0.00 0 -1.08 -1 -1 -1 -1 2.41 2.52 5.13 16.84 2.35 8.73 0.01
Car 0.00 0 -2.76 -1 -1 -1 -1 2.27 2.35 4.84 -9.35 2.58 25.14 -3.12
Car 0.00 0 -0.92 -1 -1 -1 -1 2.04 2.34 4.78 22.19 2.43 15.10 0.05
