Car 0.00 0 -1.67 -1 -1 -1 -1 2.41 2.60 4.93 -5.02 2.04 -23.78 -1.47
Car 0.00 0 2.07 -1 -1 -1 -1 2.08 2.37 4.86 7.11 2.50 -15.97 1.65
Car 0.00 0 -1.71 -1 -1 -1 -1 2.01 2.18 5.02 -4.23 2.06 -16.45 -1.46
Car 0.00 0 -1.80 -1 -1 -1 -1 2.02 2.24 4.32 -3.93 2.10 -11.94 -1.48
Car 0.00 0 1.17 -1 -1 -1 -1 2.07 2.26 4.04 -3.49 2.10 -6.77 1.64
Car 0.00 0 -2.92 -1 -1 -1 -1 2.09 2.38 4.53 -3.19 2.16 -0.42 -1.48
Car 0.00 0 3.17 -1 -1 -1 -1 2.10 2.52 5.34 8.15 2.53 -0.35 1.64
Car 0.00 0 1.87 -1 -1 -1 -1 1.97 2.59 4.79 3.64 2.20 -17.24 1.66
Car 0.00 0 0.55 -1 -1 -1 -1 1.97 2.39 4.52 4.96 2.32 2.49 1.65
Car 0.00 0 0.06 -1 -1 -1 -1 2.50 2.75 5.99 -5.72 2.54 24.60 -0.17
Car 0.00 0 1.96 -1 -1 -1 -1 1.99 2.37 4.44 6.46 2.44 -21.63 1.67
Car 0.00 0 1.34 -1 -1 -1 -1 2.10 2.55 4.85 6.61 2.42 20.88 1.65
