Car 0.00 0 -1.86 -1 -1 -1 -1 2.23 2.48 4.89 1.96 2.14 -9.67 -2.06
Car 0.00 0 -0.47 -1 -1 -1 -1 3.21 2.96 7.85 9.88 2.58 1.15 0.99
Car 0.00 0 1.80 -1 -1 -1 -1 2.36 2.56 5.29 13.03 2.67 -5.23 0.61
Car 0.00 0 3.37 -1 -1 -1 -1 3.07 2.59 6.01 24.69 3.42 -21.55 2.52
Car 0.00 0 2.23 -1 -1 -1 -1 2.29 2.37 4.60 7.83 2.41 -1.75 0.87
Car 0.00 0 0.19 -1 -1 -1 -1 2.06 2.50 5.26 4.93 2.37 2.04 1.37
Car 0.00 0 1.13 -1 -1 -1 -1 2.48 2.75 5.57 4.05 2.35 9.28 1.54
Car 0.00 0 0.82 -1 -1 -1 -1 2.29 2.48 5.26 6.88 2.56 8.66 1.49
Car 0.00 0 1.46 -1 -1 -1 -1 2.04 2.37 4.74 4.99 2.29 17.04 1.75
Car 0.00 0 1.43 -1 -1 -1 -1 2.00 2.43 4.17 6.18 2.36 22.63 1.69
Car 0.00 0 1.28 -1 -1 -1 -1 2.23 2.36 4.60 -11.39 1.67 -15.47 1.91
