Car 0.00 0 -2.33 -1 -1 -1 -1 2.13 2.48 5.09 -3.41 2.20 -4.00 -1.62
Car 0.00 0 2.21 -1 -1 -1 -1 2.13 2.50 4.92 8.10 2.28 -8.52 1.45
Car 0.00 0 -1.14 -1 -1 -1 -1 2.25 2.45 4.83 -3.38 2.28 7.64 -1.56
Car 0.00 0 0.30 -1 -1 -1 -1 2.05 2.35 4.39 7.62 2.46 2.44 1.56
Car 0.00 0 -0.92 -1 -1 -1 -1 2.09 2.55 5.30 -17.20 1.72 -29.94 -0.40
Car 0.00 0 1.15 -1 -1 -1 -1 2.18 2.61 5.75 7.35 2.70 16.21 1.58
Car 0.00 0 -1.36 -1 -1 -1 -1 2.39 2.65 5.45 -2.99 2.36 14.58 -1.56
Car 0.00 0 -1.43 -1 -1 -1 -1 2.06 2.57 4.95 -2.97 2.48 25.77 -1.54
Car 0.00 0 1.25 -1 -1 -1 -1 2.24 2.57 5.10 17.84 2.27 -26.33 0.65
Car 0.00 0 -2.37 -1 -1 -1 -1 2.10 2.56 4.92 12.28 2.44 -29.80 -2.76
Car 0.00 0 1.69 -1 -1 -1 -1 2.37 2.62 4.95 11.84 2.34 -18.46 1.12
