Car 0.00 0 0.24 -1 -1 -1 -1 2.55 2.59 5.80 -20.16 2.15 7.25 -0.98
Car 0.00 0 -0.13 -1 -1 -1 -1 2.09 2.19 4.37 15.28 2.08 -13.80 -0.97
Car 0.00 0 1.63 -1 -1 -1 -1 2.23 2.55 5.01 16.21 3.98 23.29 2.24
Car 0.00 0 0.38 -1 -1 -1 -1 2.50 2.60 5.60 3.47 2.81 16.35 0.59
Car 0.00 0 -0.13 -1 -1 -1 -1 2.62 2.87 6.02 18.07 2.05 -15.55 -0.99
Car 0.00 0 1.77 -1 -1 -1 -1 2.17 2.56 4.87 12.29 3.96 26.58 2.20
Car 0.00 0 1.43 -1 -1 -1 -1 2.20 2.56 5.07 20.64 3.89 19.94 2.23
Car 0.00 0 -0.93 -1 -1 -1 -1 1.97 2.48 4.99 26.09 2.88 1.06 0.60
Car 0.00 0 -1.41 -1 -1 -1 -1 2.12 2.46 4.70 -5.50 1.64 -20.08 -1.15
Car 0.00 0 -0.95 -1 -1 -1 -1 2.09 2.52 5.10 -14.51 2.12 -0.54 0.58
Car 0.00 0 -1.44 -1 -1 -1 -1 2.62 3.03 5.71 -8.65 1.09 -27.01 -1.13
Car 0.00 0 1.81 -1 -1 -1 -1 2.07 2.50 4.99 9.74 3.91 27.80 2.15
Car 0.00 0 1.30 -1 -1 -1 -1 2.17 2.55 4.65 23.87 3.87 17.64 2.23
Car 0.00 0 -1.97 -1 -1 -1 -1 2.08 2.51 4.54 27.77 3.85 15.14 -0.90
