Car 0.00 0 -1.40 -1 -1 -1 -1 2.33 2.71 5.38 4.18 2.44 -24.77 -1.56
Car 0.00 0 1.36 -1 -1 -1 -1 2.82 2.92 6.55 -3.40 2.18 -20.90 1.52
Car 0.00 0 -1.87 -1 -1 -1 -1 2.03 2.53 5.44 -3.46 2.16 -11.27 -1.57
Car 0.00 0 -2.20 -1 -1 -1 -1 2.55 2.43 4.71 -3.59 2.19 -4.66 -1.54
Car 0.00 0 -0.98 -1 -1 -1 -1 2.22 2.48 4.65 4.11 2.40 -6.10 -1.57
Car 0.00 0 2.68 -1 -1 -1 -1 2.35 2.49 4.89 -3.45 2.24 1.54 1.53
Car 0.00 0 3.08 -1 -1 -1 -1 2.25 2.59 5.14 4.02 2.37 -0.24 1.57
Car 0.00 0 -1.12 -1 -1 -1 -1 2.04 2.28 4.31 -3.54 2.28 7.12 -1.58
Car 0.00 0 -1.29 -1 -1 -1 -1 1.94 2.35 4.72 -3.56 2.30 12.31 -1.57
Car 0.00 0 1.38 -1 -1 -1 -1 2.16 2.46 4.78 3.84 2.52 18.00 1.59
Car 0.00 0 1.75 -1 -1 -1 -1 2.08 2.40 5.27 -3.40 2.35 22.25 1.60
Car 0.00 0 1.43 -1 -1 -1 -1 2.13 2.51 4.87 3.87 2.52 23.26 1.59
