Car 0.00 0 -2.02 -1 -1 -1 -1 3.37 3.50 8.83 -3.26 2.03 -6.53 -1.55
Car 0.00 0 1.93 -1 -1 -1 -1 1.95 2.65 5.03 7.45 2.23 -23.09 1.62
Car 0.00 0 2.37 -1 -1 -1 -1 2.33 2.67 5.17 7.83 2.30 -7.92 1.59
Car 0.00 0 -0.18 -1 -1 -1 -1 2.14 2.45 5.55 7.91 2.40 -1.52 -1.56
Car 0.00 0 -2.21 -1 -1 -1 -1 2.07 2.26 4.67 8.37 2.62 11.42 -1.58
Car 0.00 0 1.18 -1 -1 -1 -1 2.25 2.47 5.82 8.31 2.70 17.76 1.61
Car 0.00 0 -1.29 -1 -1 -1 -1 2.03 2.50 5.35 7.29 2.19 -29.19 -1.53
Car 0.00 0 -1.42 -1 -1 -1 -1 1.96 2.31 4.13 -17.11 1.35 0.36 -2.97
Car 0.00 0 -1.55 -1 -1 -1 -1 1.95 2.25 3.94 -16.41 1.38 2.85 -2.95
Car 0.00 0 2.98 -1 -1 -1 -1 1.96 2.28 4.52 -15.67 1.48 6.25 1.79
Car 0.00 0 -0.57 -1 -1 -1 -1 1.97 2.20 4.21 -9.40 1.63 6.89 -1.51
Car 0.00 0 -0.02 -1 -1 -1 -1 2.13 2.39 4.38 -10.06 1.68 11.41 -0.74
Car 0.00 0 2.76 -1 -1 -1 -1 2.16 2.26 4.31 -10.14 1.80 15.56 2.18
Car 0.00 0 -0.11 -1 -1 -1 -1 2.23 2.40 4.91 -10.13 1.75 18.83 -0.61
