Car 0.00 0 -1.84 -1 -1 -1 -1 1.98 2.44 4.97 -3.74 2.19 -14.55 -1.59
Car 0.00 0 1.13 -1 -1 -1 -1 1.94 2.50 4.66 -3.83 2.22 -9.44 1.52
Car 0.00 0 -0.74 -1 -1 -1 -1 2.25 2.55 5.42 -4.14 2.30 3.58 -1.60
Car 0.00 0 -1.93 -1 -1 -1 -1 2.01 2.54 5.31 2.89 2.27 8.20 -1.59
Car 0.00 0 -1.35 -1 -1 -1 -1 2.06 2.55 5.03 -4.54 2.40 19.08 -1.59
Car 0.00 0 -1.11 -1 -1 -1 -1 2.01 2.29 4.51 -10.33 2.34 -5.06 0.00
Car 0.00 0 -1.83 -1 -1 -1 -1 2.11 2.52 5.05 2.80 2.32 13.37 -1.62
Car 0.00 0 -1.07 -1 -1 -1 -1 2.00 2.54 4.93 -4.49 2.34 8.58 -1.55
Car 0.00 0 -1.90 -1 -1 -1 -1 2.05 2.43 4.35 2.63 2.30 18.24 -1.76
Car 0.00 0 -1.40 -1 -1 -1 -1 2.23 2.49 4.50 -4.84 2.46 23.85 -1.60
Car 0.00 0 3.75 -1 -1 -1 -1 2.00 2.36 4.40 -10.13 2.48 14.02 3.12
Car 0.00 0 -1.46 -1 -1 -1 -1 2.62 2.74 5.80 3.75 2.11 -28.85 -1.59
Car 0.00 0 -1.70 -1 -1 -1 -1 2.05 2.44 5.08 -3.13 2.26 -28.42 -1.59
Car 0.00 0 0.74 -1 -1 -1 -1 2.41 2.52 5.13 16.60 1.93 -17.82 -0.01
Car 0.00 0 1.82 -1 -1 -1 -1 2.27 2.35 4.84 -10.16 2.47 -2.56 3.14
