Car 0.00 0 -1.06 -1 -1 -1 -1 2.02 2.23 4.15 -13.76 1.80 -19.91 -0.45
Car 0.00 0 -1.21 -1 -1 -1 -1 2.16 2.47 4.85 -3.75 2.02 -7.33 -0.74
Car 0.00 0 1.99 -1 -1 -1 -1 2.22 2.60 4.73 20.17 2.04 -16.59 1.11
Car 0.00 0 0.09 -1 -1 -1 -1 2.11 2.58 5.13 12.22 2.74 11.15 0.93
Car 0.00 0 0.49 -1 -1 -1 -1 2.17 2.46 5.08 7.39 2.91 16.81 0.91
Car 0.00 0 0.70 -1 -1 -1 -1 2.32 2.37 4.92 4.25 3.03 20.61 0.90
Car 0.00 0 0.84 -1 -1 -1 -1 2.17 2.48 4.79 1.56 2.99 24.14 0.90
Car 0.00 0 1.75 -1 -1 -1 -1 2.00 2.37 4.95 -17.32 1.91 -13.56 2.66
Car 0.00 0 -1.26 -1 -1 -1 -1 2.16 2.50 4.65 -14.82 1.80 -15.53 -0.50
Car 0.00 0 1.93 -1 -1 -1 -1 2.00 2.44 4.91 -19.62 1.64 -22.95 2.64
