Car 0.00 0 -0.81 -1 -1 -1 -1 2.55 2.59 5.80 -12.90 2.21 -11.95 0.01
Car 0.00 0 1.23 -1 -1 -1 -1 2.11 2.30 4.72 21.13 2.93 -5.43 -0.08
Car 0.00 0 -1.17 -1 -1 -1 -1 2.34 2.49 4.70 21.79 3.17 9.34 0.00
Car 0.00 0 0.76 -1 -1 -1 -1 2.01 2.20 4.31 -13.10 2.40 14.60 0.03
Car 0.00 0 4.59 -1 -1 -1 -1 2.13 2.67 4.98 22.19 3.06 -2.43 3.12
Car 0.00 0 2.17 -1 -1 -1 -1 2.04 2.40 4.88 22.31 3.23 16.86 3.09
Car 0.00 0 2.27 -1 -1 -1 -1 1.98 2.43 4.96 22.27 3.30 19.55 3.12
Car 0.00 0 -3.87 -1 -1 -1 -1 1.97 2.31 4.47 22.71 3.32 23.67 -3.10
Car 0.00 0 -1.78 -1 -1 -1 -1 2.34 2.52 4.93 -13.04 2.32 3.69 -3.08
Car 0.00 0 0.96 -1 -1 -1 -1 2.20 2.56 5.02 20.71 2.93 -20.87 0.18
Car 0.00 0 -2.40 -1 -1 -1 -1 2.07 2.50 4.99 20.40 2.93 -26.61 -3.06
Car 0.00 0 -0.06 -1 -1 -1 -1 2.17 2.41 5.25 -16.43 2.33 0.65 -1.59
Car 0.00 0 -2.51 -1 -1 -1 -1 2.17 2.56 4.87 20.62 3.12 -29.34 -3.12
Car 0.00 0 0.93 -1 -1 -1 -1 2.09 2.52 5.10 -16.37 2.45 -20.33 1.61
