Car 0.00 0 -1.44 -1 -1 -1 -1 2.23 2.48 4.89 1.47 2.01 -19.96 -1.51
Car 0.00 0 1.39 -1 -1 -1 -1 2.50 2.78 4.77 18.92 3.58 -5.90 0.13
Car 0.00 0 1.57 -1 -1 -1 -1 2.36 2.41 4.48 18.93 3.92 -2.23 0.11
Car 0.00 0 -1.25 -1 -1 -1 -1 2.33 2.67 4.77 20.29 4.10 4.64 0.10
Car 0.00 0 -0.95 -1 -1 -1 -1 2.36 2.63 4.45 20.50 4.13 11.72 0.10
Car 0.00 0 -0.79 -1 -1 -1 -1 2.48 2.51 5.08 21.09 4.34 14.64 0.18
Car 0.00 0 -0.77 -1 -1 -1 -1 2.23 2.46 4.19 21.59 4.51 18.16 0.10
Car 0.00 0 -0.57 -1 -1 -1 -1 3.37 3.19 6.10 22.08 4.53 25.98 0.14
Car 0.00 0 1.10 -1 -1 -1 -1 2.19 2.39 4.73 11.94 3.30 22.46 1.59
Car 0.00 0 -1.00 -1 -1 -1 -1 2.33 2.52 4.62 19.61 3.98 8.31 0.17
