Car 0.00 0 2.81 -1 -1 -1 -1 2.17 2.56 4.80 -1.53 1.65 -25.12 2.88
Car 0.00 0 -2.72 -1 -1 -1 -1 2.08 2.43 5.13 5.61 2.00 -15.13 -3.08
Car 0.00 0 -2.00 -1 -1 -1 -1 2.27 2.74 5.80 -4.50 2.00 -8.49 -1.51
Car 0.00 0 -2.63 -1 -1 -1 -1 2.10 2.64 5.17 5.92 2.02 -12.67 -3.07
Car 0.00 0 0.46 -1 -1 -1 -1 2.11 2.69 5.28 6.05 2.11 -9.98 -0.08
Car 0.00 0 -2.40 -1 -1 -1 -1 2.04 2.33 4.92 5.41 2.18 -6.62 -3.08
Car 0.00 0 0.90 -1 -1 -1 -1 2.13 2.19 4.46 5.61 2.22 -4.15 -0.04
Car 0.00 0 1.37 -1 -1 -1 -1 2.04 2.32 4.54 5.79 2.27 -1.28 0.02
Car 0.00 0 -1.55 -1 -1 -1 -1 2.05 2.36 4.36 5.60 2.33 0.94 -0.14
Car 0.00 0 2.07 -1 -1 -1 -1 1.93 2.23 4.41 5.28 2.34 3.20 3.09
Car 0.00 0 -0.81 -1 -1 -1 -1 1.96 2.45 4.86 5.05 2.36 5.34 -0.05
Car 0.00 0 2.45 -1 -1 -1 -1 1.84 2.45 4.50 4.67 2.41 7.83 2.99
Car 0.00 0 2.57 -1 -1 -1 -1 1.99 2.46 4.53 4.80 2.50 10.45 3.00
Car 0.00 0 -1.22 -1 -1 -1 -1 2.40 2.51 5.18 -3.97 2.35 12.03 -1.54
Car 0.00 0 2.72 -1 -1 -1 -1 2.07 2.47 4.48 5.00 2.53 12.77 3.09
Car 0.00 0 2.73 -1 -1 -1 -1 1.94 2.50 4.97 5.54 2.58 15.39 3.08
Car 0.00 0 2.77 -1 -1 -1 -1 1.87 2.45 4.56 4.52 2.57 17.67 3.02
Car 0.00 0 -0.39 -1 -1 -1 -1 2.02 2.40 4.27 5.03 2.60 19.86 -0.14
Car 0.00 0 2.76 -1 -1 -1 -1 2.07 2.65 4.95 4.48 2.61 22.17 2.96
Car 0.00 0 0.83 -1 -1 -1 -1 2.21 2.36 4.40 14.05 3.57 18.13 1.49
