Car 0.00 0 1.77 -1 -1 -1 -1 2.47 2.74 5.64 3.61 1.85 -20.92 1.60
Car 0.00 0 1.37 -1 -1 -1 -1 2.29 2.56 5.41 -3.60 1.97 -15.87 1.60
Car 0.00 0 -1.34 -1 -1 -1 -1 2.12 2.34 4.40 3.65 2.02 -15.27 -1.58
Car 0.00 0 -1.27 -1 -1 -1 -1 2.05 2.38 4.67 3.60 2.05 -10.95 -1.59
Car 0.00 0 -0.90 -1 -1 -1 -1 2.33 2.56 5.14 3.84 2.17 -5.01 -1.55
Car 0.00 0 -2.14 -1 -1 -1 -1 2.26 2.41 4.90 -3.50 2.14 -5.02 -1.54
Car 0.00 0 -2.13 -1 -1 -1 -1 2.62 2.74 5.80 3.63 2.28 5.73 -1.57
Car 0.00 0 -0.07 -1 -1 -1 -1 2.01 2.47 5.22 -3.34 2.14 0.31 -1.55
Car 0.00 0 -1.08 -1 -1 -1 -1 2.05 2.44 5.08 -3.29 2.29 6.16 -1.57
Car 0.00 0 -1.38 -1 -1 -1 -1 1.98 2.44 4.97 -3.26 2.45 20.08 -1.54
Car 0.00 0 -1.74 -1 -1 -1 -1 2.10 2.41 4.72 -3.43 1.90 -21.08 -1.58
Car 0.00 0 1.71 -1 -1 -1 -1 1.94 2.50 4.66 -3.05 2.42 25.39 1.59
