Car 0.00 0 -1.30 -1 -1 -1 -1 2.17 2.56 4.80 0.02 2.22 12.04 -1.30
Car 0.00 0 -1.45 -1 -1 -1 -1 3.06 3.16 7.00 0.70 2.05 -7.16 -1.54
Car 0.00 0 0.55 -1 -1 -1 -1 2.01 2.20 4.23 5.55 2.09 -9.95 0.04
Car 0.00 0 -2.52 -1 -1 -1 -1 2.14 2.49 4.90 5.08 2.12 -7.46 -3.12
Car 0.00 0 -2.25 -1 -1 -1 -1 2.01 2.46 5.23 5.26 2.15 -5.17 -3.05
Car 0.00 0 -1.93 -1 -1 -1 -1 2.05 2.34 4.93 5.93 2.16 -2.30 -3.13
Car 0.00 0 2.03 -1 -1 -1 -1 2.11 2.69 5.28 6.34 2.23 3.34 3.12
Car 0.00 0 -0.76 -1 -1 -1 -1 2.10 2.64 5.17 6.42 2.27 5.78 0.08
Car 0.00 0 1.67 -1 -1 -1 -1 1.93 2.31 5.31 6.61 2.17 -0.01 0.10
Car 0.00 0 -0.66 -1 -1 -1 -1 2.08 2.43 5.13 6.77 2.28 8.33 0.03
Car 0.00 0 0.24 -1 -1 -1 -1 2.27 2.74 5.80 16.62 3.12 1.43 1.72
Car 0.00 0 0.38 -1 -1 -1 -1 2.21 2.41 4.76 5.71 2.14 -17.02 0.06
Car 0.00 0 0.35 -1 -1 -1 -1 2.00 2.36 4.28 5.61 2.11 -14.46 -0.02
Car 0.00 0 -2.72 -1 -1 -1 -1 2.00 2.59 5.17 5.35 2.16 -11.97 -3.14
Car 0.00 0 -1.74 -1 -1 -1 -1 2.41 2.45 4.94 -3.98 2.03 -24.13 -1.58
