Car 0.00 0 -1.40 -1 -1 -1 -1 2.18 2.41 4.79 -3.23 2.32 18.73 -1.57
Car 0.00 0 1.86 -1 -1 -1 -1 2.51 2.55 5.36 -3.34 2.22 11.38 1.58
Car 0.00 0 2.05 -1 -1 -1 -1 2.08 2.36 4.48 -3.45 2.21 6.51 1.57
Car 0.00 0 -1.95 -1 -1 -1 -1 2.00 2.39 4.99 -3.18 2.06 -8.89 -1.61
Car 0.00 0 -2.04 -1 -1 -1 -1 2.02 2.48 5.26 3.89 2.35 8.53 -1.61
Car 0.00 0 2.00 -1 -1 -1 -1 1.93 2.31 4.50 4.01 2.18 -7.82 1.53
Car 0.00 0 -2.52 -1 -1 -1 -1 2.13 2.46 4.69 3.84 2.30 3.11 -1.63
Car 0.00 0 -0.48 -1 -1 -1 -1 2.02 2.35 4.74 3.83 2.26 -1.92 -1.58
Car 0.00 0 -0.30 -1 -1 -1 -1 1.96 2.39 5.05 -3.48 2.12 1.08 -1.57
Car 0.00 0 -1.65 -1 -1 -1 -1 2.10 2.52 5.15 -3.18 1.93 -29.18 -1.55
Car 0.00 0 1.86 -1 -1 -1 -1 1.99 2.20 3.90 4.45 2.20 -13.96 1.56
Car 0.00 0 -1.44 -1 -1 -1 -1 2.11 2.37 4.73 -3.18 2.32 23.89 -1.58
