Car 0.00 0 -1.34 -1 -1 -1 -1 1.91 2.48 4.88 2.57 2.14 -11.55 -1.56
Car 0.00 0 -1.75 -1 -1 -1 -1 2.22 2.53 5.21 -2.22 2.17 -13.18 -1.59
Car 0.00 0 -1.65 -1 -1 -1 -1 2.15 2.56 4.68 -2.01 2.18 -22.43 -1.57
Car 0.00 0 -1.41 -1 -1 -1 -1 2.02 2.58 4.94 2.78 2.15 -17.50 -1.57
Car 0.00 0 -0.79 -1 -1 -1 -1 2.02 2.53 5.20 -2.63 2.21 2.77 -1.55
Car 0.00 0 -1.40 -1 -1 -1 -1 1.96 2.36 4.45 -2.84 2.23 17.44 -1.56
Car 0.00 0 -1.58 -1 -1 -1 -1 2.16 2.47 4.85 0.25 2.11 -19.93 -1.59
Car 0.00 0 -1.45 -1 -1 -1 -1 1.89 2.35 4.77 -2.86 2.09 23.11 -1.58
Car 0.00 0 -1.64 -1 -1 -1 -1 1.95 2.37 4.42 1.80 2.18 29.32 -1.58
Car 0.00 0 -1.08 -1 -1 -1 -1 1.83 2.31 4.03 13.02 2.13 7.40 -0.03
