Car 0.00 0 1.42 -1 -1 -1 -1 2.28 2.48 5.39 -3.30 1.75 -24.24 1.55
Car 0.00 0 -1.30 -1 -1 -1 -1 2.40 2.51 5.13 4.02 2.02 -13.16 -1.59
Car 0.00 0 -1.82 -1 -1 -1 -1 2.11 2.42 4.72 -3.51 1.93 -13.22 -1.56
Car 0.00 0 -1.96 -1 -1 -1 -1 2.00 2.36 5.12 -3.39 2.02 -7.98 -1.55
Car 0.00 0 -2.58 -1 -1 -1 -1 2.04 2.37 5.06 -3.34 2.14 -2.09 -1.57
Car 0.00 0 2.12 -1 -1 -1 -1 2.15 2.42 4.63 3.40 2.07 -5.16 1.54
Car 0.00 0 -1.10 -1 -1 -1 -1 3.18 2.60 5.58 -3.43 2.24 6.75 -1.57
Car 0.00 0 -1.27 -1 -1 -1 -1 2.17 2.47 5.09 -3.58 2.42 11.81 -1.57
Car 0.00 0 1.75 -1 -1 -1 -1 2.08 2.47 4.75 -3.47 2.36 17.03 1.55
Car 0.00 0 -1.09 -1 -1 -1 -1 2.41 2.46 4.62 16.35 2.21 8.09 0.02
Car 0.00 0 -0.86 -1 -1 -1 -1 2.03 2.44 4.76 16.67 2.23 14.61 -0.01
Car 0.00 0 -0.95 -1 -1 -1 -1 2.10 2.40 5.04 21.97 2.19 14.59 0.04
Car 0.00 0 -1.60 -1 -1 -1 -1 2.03 2.51 5.00 0.16 1.89 -22.92 -1.60
Car 0.00 0 1.72 -1 -1 -1 -1 2.43 2.79 5.50 4.06 1.94 -29.09 1.58
Car 0.00 0 -1.48 -1 -1 -1 -1 2.06 2.34 4.21 3.98 1.96 -23.69 -1.64
Car 0.00 0 -1.42 -1 -1 -1 -1 1.94 2.26 4.67 3.79 2.02 -19.36 -1.62
Car 0.00 0 -2.76 -1 -1 -1 -1 1.98 2.29 4.33 -9.46 2.32 24.19 -3.13
Car 0.00 0 1.65 -1 -1 -1 -1 2.27 2.40 5.01 -3.48 2.50 29.04 1.53
