Car 0.00 0 -1.58 -1 -1 -1 -1 2.16 2.47 4.85 -0.16 2.11 -17.13 -1.57
Car 0.00 0 -1.70 -1 -1 -1 -1 2.23 2.51 4.81 -2.65 2.30 -21.83 -1.58
Car 0.00 0 -1.43 -1 -1 -1 -1 2.03 2.42 4.56 2.09 2.18 -15.93 -1.56
Car 0.00 0 -1.78 -1 -1 -1 -1 2.06 2.42 4.11 -2.52 2.15 -11.88 -1.57
Car 0.00 0 -1.19 -1 -1 -1 -1 2.05 2.43 4.26 2.40 2.17 -6.21 -1.56
Car 0.00 0 -1.79 -1 -1 -1 -1 2.01 2.38 4.67 2.96 2.26 14.25 -1.58
Car 0.00 0 -1.74 -1 -1 -1 -1 2.26 2.35 4.17 3.12 2.22 19.34 -1.58
Car 0.00 0 -1.69 -1 -1 -1 -1 3.03 2.89 6.03 3.27 2.18 26.91 -1.57
Car 0.00 0 -2.82 -1 -1 -1 -1 2.05 2.26 4.37 -6.06 2.19 22.81 -3.08
Car 0.00 0 -2.82 -1 -1 -1 -1 2.00 2.34 4.27 -5.60 2.17 24.99 -3.04
