Car 0.00 0 -0.62 -1 -1 -1 -1 1.99 2.39 5.16 3.78 2.19 -2.47 -1.61
Car 0.00 0 -1.98 -1 -1 -1 -1 1.97 2.40 4.41 -3.18 2.22 -8.39 -1.62
Car 0.00 0 -2.32 -1 -1 -1 -1 2.15 2.42 4.75 -3.34 2.23 -3.72 -1.59
Car 0.00 0 -0.41 -1 -1 -1 -1 2.00 2.36 4.65 -3.50 2.32 1.44 -1.59
Car 0.00 0 1.08 -1 -1 -1 -1 1.95 2.30 4.65 3.63 2.40 7.44 1.53
Car 0.00 0 1.26 -1 -1 -1 -1 2.02 2.33 4.46 3.54 2.53 12.75 1.53
Car 0.00 0 -1.79 -1 -1 -1 -1 2.35 2.51 4.92 3.31 2.63 18.29 -1.61
Car 0.00 0 -1.37 -1 -1 -1 -1 2.26 2.43 4.97 -4.12 2.72 19.76 -1.57
Car 0.00 0 1.47 -1 -1 -1 -1 2.41 2.43 4.82 3.31 2.64 24.34 1.61
Car 0.00 0 1.74 -1 -1 -1 -1 2.15 2.33 4.54 -4.27 2.82 25.80 1.57
