Car 0.00 0 3.80 -1 -1 -1 -1 2.34 2.52 4.93 -14.79 2.63 16.94 3.08
Car 0.00 0 1.49 -1 -1 -1 -1 2.20 2.56 5.02 21.60 2.84 -3.30 0.07
Car 0.00 0 -0.99 -1 -1 -1 -1 2.62 3.03 5.71 -26.70 1.95 -27.85 -0.23
Car 0.00 0 2.17 -1 -1 -1 -1 1.99 2.37 4.74 9.89 2.12 -12.09 1.49
Car 0.00 0 4.24 -1 -1 -1 -1 2.07 2.50 4.99 22.16 2.70 -8.90 3.05
Car 0.00 0 -1.25 -1 -1 -1 -1 2.11 2.30 4.72 20.27 3.15 11.97 -0.21
Car 0.00 0 4.06 -1 -1 -1 -1 2.23 2.55 5.01 22.68 2.67 -16.71 3.12
Car 0.00 0 -0.70 -1 -1 -1 -1 2.34 2.49 4.70 19.10 3.52 26.89 -0.09
Car 0.00 0 0.42 -1 -1 -1 -1 2.01 2.20 4.31 -16.28 2.87 27.74 -0.11
Car 0.00 0 2.06 -1 -1 -1 -1 2.13 2.67 4.98 20.87 3.22 15.04 3.01
Car 0.00 0 -0.80 -1 -1 -1 -1 2.17 2.41 5.25 -17.81 2.61 13.69 -1.72
Car 0.00 0 1.34 -1 -1 -1 -1 2.55 2.59 5.80 -12.72 2.34 1.61 -0.10
Car 0.00 0 4.13 -1 -1 -1 -1 2.17 2.56 4.87 22.73 2.83 -11.70 3.04
Car 0.00 0 3.87 -1 -1 -1 -1 2.20 2.56 5.07 22.68 2.64 -22.26 3.08
Car 0.00 0 3.94 -1 -1 -1 -1 2.13 2.52 4.99 22.73 2.70 -19.30 3.07
Car 0.00 0 -0.88 -1 -1 -1 -1 2.12 2.46 4.70 -18.81 2.24 -25.86 -0.25
Car 0.00 0 0.37 -1 -1 -1 -1 2.09 2.52 5.10 -15.18 2.42 -7.53 1.48
