Car 0.00 0 -1.89 -1 -1 -1 -1 2.96 2.72 5.22 -16.08 1.95 16.78 -2.66
Car 0.00 0 -1.45 -1 -1 -1 -1 2.10 2.56 4.92 -3.53 1.68 -18.43 -1.26
Car 0.00 0 2.01 -1 -1 -1 -1 2.23 2.47 5.19 1.44 1.97 -11.98 1.89
Car 0.00 0 -2.17 -1 -1 -1 -1 2.61 2.38 5.59 7.32 2.09 -18.99 -2.54
Car 0.00 0 1.07 -1 -1 -1 -1 2.23 2.42 5.00 8.24 2.17 -16.59 0.61
Car 0.00 0 -1.49 -1 -1 -1 -1 2.44 2.56 5.59 12.02 2.25 -13.09 -2.24
Car 0.00 0 0.53 -1 -1 -1 -1 2.49 2.53 4.76 4.77 2.02 -23.74 0.33
Car 0.00 0 -1.03 -1 -1 -1 -1 1.88 2.51 4.94 16.09 2.38 -10.12 -2.04
Car 0.00 0 -1.12 -1 -1 -1 -1 2.03 2.25 4.39 26.14 2.81 1.97 0.38
Car 0.00 0 0.33 -1 -1 -1 -1 2.48 2.41 5.10 3.58 2.33 10.26 0.67
Car 0.00 0 0.83 -1 -1 -1 -1 2.66 2.81 5.62 -6.51 2.21 16.05 0.44
Car 0.00 0 -1.24 -1 -1 -1 -1 1.89 2.33 4.63 14.03 2.24 -11.34 -2.13
