Car 0.00 0 -1.44 -1 -1 -1 -1 2.62 2.74 5.80 4.11 2.18 -25.36 -1.60
Car 0.00 0 -1.72 -1 -1 -1 -1 2.05 2.44 5.08 -2.77 2.30 -25.01 -1.61
Car 0.00 0 -1.91 -1 -1 -1 -1 1.98 2.44 4.97 -3.53 2.31 -11.28 -1.60
Car 0.00 0 0.98 -1 -1 -1 -1 1.94 2.50 4.66 -3.72 2.31 -6.06 1.53
Car 0.00 0 -1.02 -1 -1 -1 -1 2.25 2.55 5.42 -4.35 2.36 6.95 -1.58
Car 0.00 0 -1.86 -1 -1 -1 -1 2.01 2.54 5.31 2.74 2.28 11.71 -1.63
Car 0.00 0 1.12 -1 -1 -1 -1 2.00 2.52 4.76 16.55 1.95 -7.71 -0.01
Car 0.00 0 0.85 -1 -1 -1 -1 2.41 2.52 5.13 16.82 1.84 -14.10 -0.02
Car 0.00 0 4.61 -1 -1 -1 -1 2.27 2.35 4.84 -10.18 2.47 0.92 3.13
Car 0.00 0 -1.38 -1 -1 -1 -1 2.06 2.55 5.03 -4.94 2.46 22.46 -1.59
Car 0.00 0 -1.47 -1 -1 -1 -1 2.01 2.29 4.51 -10.35 2.46 -1.59 -0.05
Car 0.00 0 -1.80 -1 -1 -1 -1 2.11 2.52 5.05 2.54 2.31 16.79 -1.65
Car 0.00 0 -1.19 -1 -1 -1 -1 2.00 2.54 4.93 -4.67 2.33 12.02 -1.56
Car 0.00 0 -1.87 -1 -1 -1 -1 2.05 2.43 4.35 2.29 2.22 21.75 -1.77
Car 0.00 0 -1.43 -1 -1 -1 -1 2.23 2.49 4.50 -5.24 2.40 27.27 -1.62
