Car 0.00 0 -1.23 -1 -1 -1 -1 2.11 2.52 5.05 3.82 2.14 -9.33 -1.62
Car 0.00 0 -1.79 -1 -1 -1 -1 2.00 2.54 4.93 -3.59 2.02 -13.54 -1.53
Car 0.00 0 -1.00 -1 -1 -1 -1 2.05 2.43 4.35 3.77 2.27 -4.38 -1.71
Car 0.00 0 -0.42 -1 -1 -1 -1 2.23 2.49 4.50 -3.41 2.27 1.53 -1.57
Car 0.00 0 -2.95 -1 -1 -1 -1 2.02 2.56 5.60 3.64 2.32 0.82 -1.60
Car 0.00 0 -0.82 -1 -1 -1 -1 2.16 2.46 5.23 -2.86 2.31 7.00 -1.20
Car 0.00 0 1.14 -1 -1 -1 -1 2.50 2.65 5.07 3.94 2.37 8.21 1.58
Car 0.00 0 4.05 -1 -1 -1 -1 2.20 2.35 5.51 -8.37 2.21 5.85 3.09
Car 0.00 0 -2.29 -1 -1 -1 -1 2.09 2.29 4.32 -8.79 2.15 8.20 -3.11
Car 0.00 0 -1.31 -1 -1 -1 -1 2.33 2.62 5.58 -3.23 2.35 13.16 -1.55
Car 0.00 0 -1.75 -1 -1 -1 -1 2.08 2.51 4.72 3.92 2.57 21.64 -1.57
Car 0.00 0 -2.68 -1 -1 -1 -1 2.41 2.47 4.83 -8.65 2.27 18.39 -3.12
Car 0.00 0 -1.42 -1 -1 -1 -1 2.54 2.83 5.61 -3.10 2.51 26.62 -1.54
Car 0.00 0 -2.33 -1 -1 -1 -1 2.06 2.55 5.03 -3.36 2.22 -3.39 -1.55
Car 0.00 0 -1.79 -1 -1 -1 -1 2.25 2.55 5.42 -3.55 1.98 -19.10 -1.61
Car 0.00 0 -1.30 -1 -1 -1 -1 2.01 2.54 5.31 3.69 2.07 -14.26 -1.55
Car 0.00 0 -3.88 -1 -1 -1 -1 2.00 2.36 4.40 -8.98 2.11 -8.31 -3.06
Car 0.00 0 -3.48 -1 -1 -1 -1 2.27 2.35 4.84 -9.69 2.30 -24.76 -3.11
Car 0.00 0 -1.70 -1 -1 -1 -1 2.03 2.51 5.10 4.03 2.53 26.75 -1.55
