Car 0.00 0 1.58 -1 -1 -1 -1 2.00 2.37 4.95 -6.74 1.36 -16.74 1.96
Car 0.00 0 -1.15 -1 -1 -1 -1 2.02 2.23 4.15 -0.04 1.45 -19.20 -1.14
Car 0.00 0 -1.47 -1 -1 -1 -1 2.16 2.47 4.85 -1.27 1.92 -7.98 -1.32
Car 0.00 0 0.03 -1 -1 -1 -1 2.22 2.60 4.73 2.99 2.70 12.03 0.28
Car 0.00 0 0.24 -1 -1 -1 -1 2.11 2.58 5.13 -0.28 3.24 21.25 0.23
Car 0.00 0 0.53 -1 -1 -1 -1 2.17 2.46 5.08 -7.61 3.17 22.43 0.21
Car 0.00 0 0.72 -1 -1 -1 -1 2.32 2.37 4.92 -12.37 3.11 23.30 0.23
Car 0.00 0 0.78 -1 -1 -1 -1 2.17 2.48 4.79 -16.95 3.00 24.29 0.17
Car 0.00 0 -1.41 -1 -1 -1 -1 2.16 2.50 4.65 -4.75 1.17 -19.43 -1.17
Car 0.00 0 1.83 -1 -1 -1 -1 2.00 2.44 4.91 -2.77 1.02 -25.16 1.94
