Car 0.00 0 -3.35 -1 -1 -1 -1 2.42 2.64 5.10 -8.87 1.14 -28.42 -3.05
Car 0.00 0 1.10 -1 -1 -1 -1 1.93 2.25 4.47 -14.79 0.97 -23.57 1.66
Car 0.00 0 -2.08 -1 -1 -1 -1 1.96 2.21 4.46 -17.06 1.00 -23.23 -1.44
Car 0.00 0 -4.00 -1 -1 -1 -1 2.01 2.46 4.71 13.07 2.65 9.40 -3.05
Car 0.00 0 2.28 -1 -1 -1 -1 2.22 2.47 4.80 13.74 2.61 11.84 3.14
Car 0.00 0 -0.86 -1 -1 -1 -1 1.94 2.27 4.36 25.37 3.31 11.16 0.29
Car 0.00 0 -0.84 -1 -1 -1 -1 2.25 2.46 4.88 25.91 3.31 13.51 0.25
Car 0.00 0 -0.40 -1 -1 -1 -1 2.13 2.49 5.14 14.59 2.85 26.72 0.10
Car 0.00 0 -1.02 -1 -1 -1 -1 1.88 2.16 4.23 -23.32 0.96 -10.63 0.13
Car 0.00 0 -1.07 -1 -1 -1 -1 1.98 2.36 4.65 23.10 3.10 6.25 0.24
