Car 0.00 0 -1.60 -1 -1 -1 -1 2.23 2.48 4.89 0.06 1.90 -21.14 -1.60
Car 0.00 0 -0.03 -1 -1 -1 -1 3.38 3.02 8.54 7.58 2.52 0.00 1.54
Car 0.00 0 -0.23 -1 -1 -1 -1 2.05 2.43 4.85 -9.12 1.85 2.17 -1.56
Car 0.00 0 -0.66 -1 -1 -1 -1 1.93 2.19 4.29 -9.02 1.85 7.13 -1.56
Car 0.00 0 -3.71 -1 -1 -1 -1 2.31 2.27 4.37 -9.36 1.84 -2.52 -2.40
Car 0.00 0 1.58 -1 -1 -1 -1 1.98 2.26 4.24 -17.37 1.65 -1.59 3.06
Car 0.00 0 4.01 -1 -1 -1 -1 2.05 2.60 4.77 -16.28 1.74 5.32 2.76
Car 0.00 0 3.88 -1 -1 -1 -1 1.96 2.27 4.51 -16.28 1.66 7.46 2.74
Car 0.00 0 -2.25 -1 -1 -1 -1 2.00 2.30 4.15 -15.92 1.95 14.78 -3.07
Car 0.00 0 2.01 -1 -1 -1 -1 1.99 2.21 4.07 -8.95 1.97 17.87 1.55
Car 0.00 0 -2.36 -1 -1 -1 -1 1.89 2.24 4.34 -16.11 1.91 19.97 -3.04
Car 0.00 0 -2.36 -1 -1 -1 -1 2.14 2.47 4.67 -16.31 1.81 22.87 -2.98
