Car 0.00 0 -1.43 -1 -1 -1 -1 2.31 2.57 4.89 5.45 1.96 -22.85 -1.66
Car 0.00 0 -2.07 -1 -1 -1 -1 1.99 2.39 5.16 3.61 2.38 7.87 -1.64
Car 0.00 0 -0.64 -1 -1 -1 -1 1.97 2.40 4.41 -3.12 2.22 1.96 -1.65
Car 0.00 0 1.16 -1 -1 -1 -1 2.11 2.51 4.91 18.54 2.32 -5.41 -0.13
Car 0.00 0 -1.10 -1 -1 -1 -1 2.15 2.42 4.75 -3.50 2.22 6.52 -1.59
Car 0.00 0 -1.32 -1 -1 -1 -1 2.00 2.36 4.65 -3.73 2.22 11.75 -1.62
Car 0.00 0 1.33 -1 -1 -1 -1 1.95 2.30 4.65 3.16 2.57 18.06 1.50
Car 0.00 0 1.37 -1 -1 -1 -1 2.02 2.33 4.46 2.92 2.64 23.25 1.50
Car 0.00 0 -1.73 -1 -1 -1 -1 2.35 2.51 4.92 2.56 2.68 28.87 -1.64
Car 0.00 0 1.23 -1 -1 -1 -1 2.04 2.56 5.01 24.99 2.28 -4.37 -0.16
