Car 0.00 0 1.39 -1 -1 -1 -1 2.12 2.40 4.84 -3.13 2.09 -18.62 1.55
Car 0.00 0 -1.96 -1 -1 -1 -1 2.07 2.54 5.00 -3.22 2.15 -7.83 -1.57
Car 0.00 0 -1.34 -1 -1 -1 -1 2.13 2.39 4.72 4.02 2.18 -13.76 -1.62
Car 0.00 0 -1.31 -1 -1 -1 -1 1.96 2.38 4.36 3.97 2.22 -9.02 -1.72
Car 0.00 0 -0.83 -1 -1 -1 -1 2.03 2.45 5.42 3.74 2.26 -3.68 -1.62
Car 0.00 0 -2.36 -1 -1 -1 -1 2.32 2.52 4.74 -3.36 2.15 -3.39 -1.57
Car 0.00 0 0.76 -1 -1 -1 -1 2.49 2.51 5.15 3.83 2.34 3.68 1.56
Car 0.00 0 -1.21 -1 -1 -1 -1 2.19 2.57 5.48 -3.30 2.22 8.52 -1.58
Car 0.00 0 -1.80 -1 -1 -1 -1 2.01 2.35 4.79 3.75 2.38 17.11 -1.58
Car 0.00 0 -1.44 -1 -1 -1 -1 2.56 2.60 5.33 -3.31 2.24 21.89 -1.59
Car 0.00 0 -1.74 -1 -1 -1 -1 2.05 2.40 5.05 3.63 2.36 22.31 -1.58
Car 0.00 0 1.41 -1 -1 -1 -1 2.27 2.40 5.01 -3.12 2.23 -24.27 1.54
Car 0.00 0 -1.37 -1 -1 -1 -1 1.95 2.42 5.02 4.03 2.20 -18.76 -1.59
Car 0.00 0 4.51 -1 -1 -1 -1 2.01 2.36 5.22 -8.21 2.05 1.20 3.09
Car 0.00 0 4.29 -1 -1 -1 -1 2.00 2.24 4.50 -8.89 2.04 3.37 3.08
Car 0.00 0 3.69 -1 -1 -1 -1 2.17 2.31 4.62 -8.59 1.87 13.73 3.14
