Car 0.00 0 -1.59 -1 -1 -1 -1 2.03 2.51 5.00 -0.00 1.86 -14.83 -1.59
Car 0.00 0 -1.88 -1 -1 -1 -1 2.17 2.42 4.96 -3.68 2.06 -11.50 -1.57
Car 0.00 0 3.07 -1 -1 -1 -1 2.43 2.79 5.50 3.63 2.20 -0.35 1.60
Car 0.00 0 -0.69 -1 -1 -1 -1 2.23 2.57 5.04 -5.36 1.41 -29.00 -0.51
Car 0.00 0 -1.25 -1 -1 -1 -1 1.98 2.51 5.02 3.34 2.04 -11.14 -1.54
Car 0.00 0 -2.14 -1 -1 -1 -1 2.05 2.42 4.23 -3.66 2.12 -5.96 -1.59
Car 0.00 0 -2.93 -1 -1 -1 -1 2.12 2.34 4.68 -3.44 2.17 -0.74 -1.57
Car 0.00 0 2.21 -1 -1 -1 -1 2.28 2.48 5.39 -3.52 2.24 4.78 1.57
Car 0.00 0 -2.28 -1 -1 -1 -1 2.06 2.34 4.21 3.73 2.32 4.92 -1.64
Car 0.00 0 -1.97 -1 -1 -1 -1 1.94 2.26 4.67 3.59 2.33 9.22 -1.60
Car 0.00 0 -1.84 -1 -1 -1 -1 2.40 2.51 5.13 3.90 2.36 15.31 -1.59
Car 0.00 0 -1.31 -1 -1 -1 -1 2.11 2.42 4.72 -3.52 2.37 15.23 -1.54
Car 0.00 0 -1.37 -1 -1 -1 -1 2.00 2.36 5.12 -3.36 2.30 20.60 -1.53
Car 0.00 0 -1.42 -1 -1 -1 -1 2.04 2.37 5.06 -3.26 2.27 26.44 -1.54
Car 0.00 0 1.41 -1 -1 -1 -1 2.15 2.42 4.63 3.46 2.28 23.38 1.56
