Car 0.00 0 -1.67 -1 -1 -1 -1 2.40 2.51 5.18 -3.55 1.91 -24.20 -1.53
Car 0.00 0 -2.87 -1 -1 -1 -1 1.87 2.45 4.56 4.93 2.00 -19.34 -3.12
Car 0.00 0 3.42 -1 -1 -1 -1 2.07 2.65 4.95 5.10 2.03 -14.66 3.09
Car 0.00 0 3.54 -1 -1 -1 -1 2.15 2.47 4.64 5.55 2.14 -12.26 3.11
Car 0.00 0 -2.65 -1 -1 -1 -1 1.96 2.49 4.89 5.15 2.13 -9.95 -3.13
Car 0.00 0 3.70 -1 -1 -1 -1 1.95 2.43 4.93 5.23 2.15 -7.50 3.09
Car 0.00 0 3.88 -1 -1 -1 -1 2.05 2.36 5.09 5.03 2.18 -5.02 3.09
Car 0.00 0 4.19 -1 -1 -1 -1 1.86 2.32 4.91 5.09 2.24 -2.57 3.09
Car 0.00 0 4.61 -1 -1 -1 -1 1.95 2.36 4.83 4.89 2.26 -0.26 3.09
Car 0.00 0 0.75 -1 -1 -1 -1 3.55 3.24 7.30 9.33 2.65 13.46 1.36
Car 0.00 0 1.82 -1 -1 -1 -1 1.90 2.54 4.92 5.17 2.24 2.12 3.00
Car 0.00 0 2.21 -1 -1 -1 -1 1.93 2.43 4.44 5.24 2.30 4.60 3.07
Car 0.00 0 2.47 -1 -1 -1 -1 2.21 2.73 5.19 5.51 2.37 7.33 3.11
Car 0.00 0 -1.36 -1 -1 -1 -1 2.18 2.43 4.79 -3.56 2.31 12.02 -1.65
Car 0.00 0 2.64 -1 -1 -1 -1 1.97 2.30 4.60 10.71 2.59 -6.24 1.60
