Car 0.00 0 -1.82 -1 -1 -1 -1 2.04 2.37 5.06 -3.33 2.10 -14.66 -1.60
Car 0.00 0 1.74 -1 -1 -1 -1 2.15 2.42 4.63 3.38 2.23 -17.98 1.56
Car 0.00 0 -2.02 -1 -1 -1 -1 3.18 2.60 5.58 -3.29 2.13 -6.39 -1.55
Car 0.00 0 -2.87 -1 -1 -1 -1 2.17 2.47 5.09 -3.30 2.23 -0.85 -1.55
Car 0.00 0 1.32 -1 -1 -1 -1 2.41 2.46 4.62 16.55 2.56 -4.83 0.04
Car 0.00 0 -1.47 -1 -1 -1 -1 2.03 2.44 4.76 17.00 2.58 1.61 0.01
Car 0.00 0 -2.46 -1 -1 -1 -1 1.98 2.29 4.33 -9.02 2.01 11.60 -3.12
Car 0.00 0 0.80 -1 -1 -1 -1 2.31 2.62 5.24 -9.84 2.03 9.16 -0.02
Car 0.00 0 1.73 -1 -1 -1 -1 2.27 2.40 5.01 -2.99 2.30 16.44 1.55
Car 0.00 0 1.72 -1 -1 -1 -1 2.12 2.40 4.84 -3.02 2.41 22.01 1.58
Car 0.00 0 -1.77 -1 -1 -1 -1 1.95 2.42 5.02 4.23 2.65 21.63 -1.58
Car 0.00 0 -1.43 -1 -1 -1 -1 2.40 2.51 5.13 3.84 2.25 -26.01 -1.58
Car 0.00 0 -1.68 -1 -1 -1 -1 2.11 2.42 4.72 -3.54 2.14 -26.31 -1.54
Car 0.00 0 -1.70 -1 -1 -1 -1 2.00 2.36 5.12 -3.43 2.18 -20.63 -1.54
Car 0.00 0 -1.45 -1 -1 -1 -1 2.10 2.40 5.04 22.32 2.72 1.49 0.05
Car 0.00 0 -1.59 -1 -1 -1 -1 2.03 2.51 5.00 -0.26 2.09 -26.78 -1.58
Car 0.00 0 2.21 -1 -1 -1 -1 2.08 2.47 4.75 -3.21 2.17 4.36 1.58
Car 0.00 0 -1.75 -1 -1 -1 -1 2.13 2.39 4.72 4.27 2.46 27.04 -1.59
Car 0.00 0 -2.73 -1 -1 -1 -1 2.00 2.26 4.21 -8.39 2.19 28.11 -3.02
