Car 0.00 0 -1.36 -1 -1 -1 -1 2.03 2.51 5.10 0.38 1.25 -28.77 -1.37
Car 0.00 0 -1.37 -1 -1 -1 -1 2.20 2.51 5.04 1.47 1.45 -23.35 -1.44
Car 0.00 0 1.83 -1 -1 -1 -1 2.03 2.39 4.90 2.27 1.77 -18.22 1.70
Car 0.00 0 -1.08 -1 -1 -1 -1 1.99 2.33 4.53 3.71 1.99 -11.84 -1.39
Car 0.00 0 1.42 -1 -1 -1 -1 2.14 2.59 5.12 -3.49 1.89 -10.85 1.73
Car 0.00 0 -1.59 -1 -1 -1 -1 2.06 2.47 4.42 -5.55 1.41 -22.98 -1.36
Car 0.00 0 0.07 -1 -1 -1 -1 2.22 2.53 5.17 7.56 2.61 20.98 0.42
Car 0.00 0 -1.50 -1 -1 -1 -1 2.10 2.49 5.46 -2.05 1.54 -20.79 -1.40
Car 0.00 0 0.22 -1 -1 -1 -1 2.08 2.64 5.14 -5.56 2.62 27.76 0.02
Car 0.00 0 0.47 -1 -1 -1 -1 2.06 2.60 5.04 -12.96 2.71 27.26 0.03
Car 0.00 0 0.58 -1 -1 -1 -1 2.28 2.48 4.92 -17.90 2.83 27.11 -0.00
Car 0.00 0 0.69 -1 -1 -1 -1 2.10 2.41 4.71 -22.29 2.93 27.02 0.00
