Car 0.00 0 -1.47 -1 -1 -1 -1 2.17 2.56 4.80 -0.81 2.30 11.43 -1.54
Car 0.00 0 -1.50 -1 -1 -1 -1 3.06 3.16 7.00 0.32 2.06 -7.60 -1.54
Car 0.00 0 -1.82 -1 -1 -1 -1 2.41 2.45 4.94 -4.04 2.10 -16.66 -1.58
Car 0.00 0 0.32 -1 -1 -1 -1 2.15 2.41 4.73 4.56 2.18 -14.45 0.02
Car 0.00 0 0.52 -1 -1 -1 -1 2.24 2.26 4.27 5.29 2.07 -12.06 0.10
Car 0.00 0 0.58 -1 -1 -1 -1 2.21 2.41 4.76 5.67 2.14 -9.74 0.06
Car 0.00 0 0.62 -1 -1 -1 -1 2.00 2.36 4.28 5.61 2.12 -7.11 -0.05
Car 0.00 0 -2.28 -1 -1 -1 -1 2.00 2.59 5.17 5.35 2.17 -4.67 -3.14
Car 0.00 0 1.20 -1 -1 -1 -1 2.01 2.20 4.23 5.71 2.17 -2.52 0.04
Car 0.00 0 4.63 -1 -1 -1 -1 2.14 2.49 4.90 5.00 2.17 -0.21 3.10
Car 0.00 0 -4.24 -1 -1 -1 -1 2.01 2.46 5.23 5.22 2.21 2.04 -3.05
Car 0.00 0 -4.00 -1 -1 -1 -1 2.05 2.34 4.93 5.84 2.24 4.85 -3.13
Car 0.00 0 2.54 -1 -1 -1 -1 2.11 2.69 5.28 6.21 2.25 10.61 3.07
Car 0.00 0 -0.43 -1 -1 -1 -1 2.10 2.64 5.17 6.42 2.26 13.23 0.02
Car 0.00 0 -0.69 -1 -1 -1 -1 1.93 2.31 5.31 6.58 2.26 7.33 0.05
Car 0.00 0 2.57 -1 -1 -1 -1 2.31 2.42 4.95 14.47 2.93 -11.90 1.69
Car 0.00 0 -0.46 -1 -1 -1 -1 2.08 2.43 5.13 6.68 2.22 15.89 -0.06
Car 0.00 0 0.63 -1 -1 -1 -1 2.27 2.74 5.80 16.50 3.24 8.41 1.73
