Car 0.00 0 -1.78 -1 -1 -1 -1 2.00 2.36 4.65 -3.50 2.17 -17.83 -1.59
Car 0.00 0 1.87 -1 -1 -1 -1 1.95 2.30 4.65 3.76 2.12 -11.84 1.56
Car 0.00 0 2.05 -1 -1 -1 -1 2.02 2.33 4.46 3.76 2.19 -6.76 1.54
Car 0.00 0 -0.35 -1 -1 -1 -1 2.35 2.51 4.92 3.59 2.25 -1.16 -1.61
Car 0.00 0 0.96 -1 -1 -1 -1 2.41 2.43 4.82 3.65 2.32 4.80 1.61
Car 0.00 0 1.27 -1 -1 -1 -1 1.98 2.42 5.25 3.49 2.41 11.45 1.56
Car 0.00 0 -1.74 -1 -1 -1 -1 2.93 2.75 6.04 3.26 2.60 21.71 -1.59
Car 0.00 0 1.74 -1 -1 -1 -1 2.31 2.59 5.53 -4.08 2.88 25.16 1.58
Car 0.00 0 -0.15 -1 -1 -1 -1 2.26 2.43 4.97 -3.88 2.28 0.58 -1.58
Car 0.00 0 2.14 -1 -1 -1 -1 2.15 2.33 4.54 -3.97 2.44 6.34 1.58
Car 0.00 0 -1.41 -1 -1 -1 -1 1.99 2.39 5.16 3.76 2.04 -21.85 -1.58
Car 0.00 0 -1.70 -1 -1 -1 -1 2.15 2.42 4.75 -3.34 2.18 -22.95 -1.56
