Car 0.00 0 -1.42 -1 -1 -1 -1 1.92 2.34 4.71 2.52 1.68 -25.00 -1.53
Car 0.00 0 -1.52 -1 -1 -1 -1 2.12 2.46 4.70 -0.06 1.80 -14.42 -1.52
Car 0.00 0 -2.47 -1 -1 -1 -1 2.62 2.87 6.02 20.24 3.17 10.45 -1.38
Car 0.00 0 1.16 -1 -1 -1 -1 2.09 2.52 5.10 -15.83 1.46 11.28 0.20
Car 0.00 0 -0.41 -1 -1 -1 -1 2.55 2.59 5.80 -23.90 0.81 16.41 -1.38
Car 0.00 0 -0.09 -1 -1 -1 -1 2.16 2.43 5.05 8.65 2.84 30.60 0.18
Car 0.00 0 -2.39 -1 -1 -1 -1 2.09 2.19 4.37 16.85 2.96 10.68 -1.39
Car 0.00 0 -2.59 -1 -1 -1 -1 2.39 2.36 4.34 22.48 3.18 9.54 -1.42
Car 0.00 0 -2.66 -1 -1 -1 -1 2.22 2.45 4.76 25.01 3.37 8.65 -1.42
Car 0.00 0 -4.42 -1 -1 -1 -1 1.99 2.27 4.80 29.09 3.63 4.84 -3.01
