Car 0.00 0 -1.71 -1 -1 -1 -1 2.02 2.40 4.86 -2.61 2.01 -21.59 -1.59
Car 0.00 0 -1.79 -1 -1 -1 -1 1.99 2.38 4.38 -3.02 1.94 -16.06 -1.60
Car 0.00 0 1.26 -1 -1 -1 -1 2.18 2.53 5.23 -3.04 2.07 -10.80 1.54
Car 0.00 0 -2.17 -1 -1 -1 -1 2.33 2.34 4.81 -3.15 2.11 -4.88 -1.60
Car 0.00 0 -1.36 -1 -1 -1 -1 2.18 2.58 5.16 4.25 2.04 -18.05 -1.59
Car 0.00 0 1.95 -1 -1 -1 -1 2.25 2.64 5.36 4.11 2.20 -10.32 1.57
Car 0.00 0 -0.65 -1 -1 -1 -1 2.11 2.49 4.87 3.73 2.23 -2.40 -1.65
Car 0.00 0 -2.41 -1 -1 -1 -1 2.67 2.58 5.45 3.67 2.31 3.38 -1.58
Car 0.00 0 -1.26 -1 -1 -1 -1 2.46 2.73 5.44 -3.22 2.30 14.08 -1.48
Car 0.00 0 -1.31 -1 -1 -1 -1 2.24 2.55 4.93 -2.91 2.38 19.66 -1.46
Car 0.00 0 -1.38 -1 -1 -1 -1 2.61 2.72 5.47 -2.36 2.37 25.96 -1.47
Car 0.00 0 -1.89 -1 -1 -1 -1 2.78 2.78 5.42 3.69 2.37 9.60 -1.52
Car 0.00 0 -1.70 -1 -1 -1 -1 2.62 2.57 5.10 4.44 2.51 19.03 -1.47
Car 0.00 0 -1.67 -1 -1 -1 -1 2.09 2.43 4.76 4.82 2.49 24.13 -1.47
