Car 0.00 0 -1.40 -1 -1 -1 -1 2.05 2.43 4.35 2.83 1.98 -15.79 -1.58
Car 0.00 0 -1.95 -1 -1 -1 -1 2.23 2.49 4.50 -4.20 2.16 -9.62 -1.54
Car 0.00 0 -1.31 -1 -1 -1 -1 2.02 2.56 5.60 2.89 2.06 -10.35 -1.58
Car 0.00 0 -2.07 -1 -1 -1 -1 2.16 2.46 5.23 -3.91 2.24 -4.55 -1.36
Car 0.00 0 2.46 -1 -1 -1 -1 2.50 2.65 5.07 3.28 2.18 -2.83 1.60
Car 0.00 0 -4.40 -1 -1 -1 -1 2.09 2.29 4.32 -9.50 2.24 -2.95 -3.13
Car 0.00 0 -0.52 -1 -1 -1 -1 2.33 2.62 5.58 -3.88 2.26 2.43 -1.54
Car 0.00 0 -1.88 -1 -1 -1 -1 2.08 2.51 4.72 3.51 2.38 10.35 -1.55
Car 0.00 0 -2.23 -1 -1 -1 -1 2.41 2.47 4.83 -9.03 2.27 7.51 -3.10
Car 0.00 0 -1.34 -1 -1 -1 -1 2.54 2.83 5.61 -3.46 2.52 15.64 -1.56
Car 0.00 0 -1.84 -1 -1 -1 -1 2.06 2.55 5.03 -4.19 2.07 -14.12 -1.55
Car 0.00 0 -1.77 -1 -1 -1 -1 2.03 2.51 5.10 3.66 2.42 15.61 -1.54
Car 0.00 0 -4.13 -1 -1 -1 -1 2.20 2.35 5.51 -9.07 2.25 -5.03 -3.07
Car 0.00 0 -2.33 -1 -1 -1 -1 1.91 2.19 4.22 -9.28 2.31 9.58 -3.10
Car 0.00 0 -1.78 -1 -1 -1 -1 2.20 2.51 5.04 3.77 2.49 21.14 -1.61
Car 0.00 0 -4.14 -1 -1 -1 -1 2.19 2.43 4.62 6.37 2.22 3.32 -3.05
Car 0.00 0 -1.46 -1 -1 -1 -1 2.11 2.52 5.05 2.86 2.02 -20.54 -1.59
Car 0.00 0 -1.68 -1 -1 -1 -1 2.00 2.54 4.93 -4.64 1.99 -24.64 -1.49
Car 0.00 0 -1.50 -1 -1 -1 -1 2.01 2.54 5.31 2.78 1.94 -25.35 -1.61
Car 0.00 0 -1.36 -1 -1 -1 -1 2.06 2.47 4.42 -3.25 2.46 20.38 -1.52
