Car 0.00 0 -1.73 -1 -1 -1 -1 2.29 2.47 5.02 -2.33 2.06 -20.59 -1.62
Car 0.00 0 -1.84 -1 -1 -1 -1 2.04 2.48 4.32 -2.46 2.12 -8.16 -1.55
Car 0.00 0 -1.39 -1 -1 -1 -1 2.07 2.42 4.62 2.49 2.05 -13.35 -1.58
Car 0.00 0 -1.59 -1 -1 -1 -1 2.16 2.47 4.85 -0.14 1.95 -20.63 -1.58
Car 0.00 0 -0.99 -1 -1 -1 -1 2.03 2.33 4.70 2.43 2.13 -3.84 -1.55
Car 0.00 0 -2.37 -1 -1 -1 -1 1.97 2.50 4.65 2.43 2.18 2.49 -1.60
Car 0.00 0 -1.83 -1 -1 -1 -1 2.00 2.43 4.96 2.39 2.29 9.92 -1.59
Car 0.00 0 -1.47 -1 -1 -1 -1 1.90 2.43 4.69 -2.44 2.53 22.05 -1.58
Car 0.00 0 -1.67 -1 -1 -1 -1 2.36 2.62 5.46 2.54 2.42 24.28 -1.56
Car 0.00 0 -1.48 -1 -1 -1 -1 2.01 2.43 4.95 2.48 1.99 -24.67 -1.58
Car 0.00 0 -1.45 -1 -1 -1 -1 1.98 2.46 5.20 2.50 2.01 -18.75 -1.58
