Car 0.00 0 -1.66 -1 -1 -1 -1 1.89 2.35 4.77 -2.10 2.14 -23.77 -1.57
Car 0.00 0 -1.44 -1 -1 -1 -1 1.95 2.37 4.42 2.74 2.18 -18.33 -1.58
Car 0.00 0 -1.96 -1 -1 -1 -1 2.29 2.47 5.02 -2.44 2.14 -6.05 -1.57
Car 0.00 0 -1.36 -1 -1 -1 -1 2.01 2.43 4.95 2.48 2.18 -10.21 -1.59
Car 0.00 0 -1.05 -1 -1 -1 -1 1.98 2.46 5.20 2.41 2.18 -4.16 -1.58
Car 0.00 0 -1.18 -1 -1 -1 -1 2.04 2.48 4.32 -2.55 2.25 6.58 -1.55
Car 0.00 0 -2.75 -1 -1 -1 -1 2.07 2.42 4.62 2.37 2.22 1.05 -1.59
Car 0.00 0 -1.58 -1 -1 -1 -1 2.16 2.47 4.85 -0.02 2.06 -20.75 -1.58
Car 0.00 0 -1.82 -1 -1 -1 -1 2.03 2.33 4.70 2.28 2.31 10.73 -1.61
Car 0.00 0 -1.74 -1 -1 -1 -1 1.97 2.50 4.65 2.29 2.31 17.10 -1.61
Car 0.00 0 -1.71 -1 -1 -1 -1 2.00 2.43 4.96 2.26 2.36 24.58 -1.62
