Car 0.00 0 -1.62 -1 -1 -1 -1 2.17 2.56 4.80 -0.25 2.50 8.21 -1.65
Car 0.00 0 2.22 -1 -1 -1 -1 3.06 3.16 7.00 -0.11 2.14 -10.57 2.23
Car 0.00 0 -2.99 -1 -1 -1 -1 2.08 2.43 5.13 8.30 2.22 0.31 -1.46
Car 0.00 0 1.13 -1 -1 -1 -1 2.22 2.93 5.39 -22.20 2.95 16.78 0.20
Car 0.00 0 -0.87 -1 -1 -1 -1 2.27 2.74 5.80 17.18 2.93 9.09 0.22
Car 0.00 0 0.99 -1 -1 -1 -1 2.02 2.25 4.71 -15.25 2.91 15.09 0.20
Car 0.00 0 3.30 -1 -1 -1 -1 2.11 2.69 5.28 13.35 2.09 -0.89 1.79
Car 0.00 0 0.14 -1 -1 -1 -1 2.10 2.64 5.17 10.95 2.08 -0.46 -1.39
Car 0.00 0 -2.68 -1 -1 -1 -1 2.16 2.44 4.69 -19.98 2.34 -6.39 -1.42
Car 0.00 0 -2.66 -1 -1 -1 -1 2.28 2.36 4.75 -22.58 2.28 -4.97 -1.30
