Car 0.00 0 -1.80 -1 -1 -1 -1 2.25 2.55 5.42 -5.24 2.16 -14.57 -1.46
Car 0.00 0 -1.24 -1 -1 -1 -1 2.01 2.54 5.31 2.48 2.13 -10.42 -1.47
Car 0.00 0 -0.20 -1 -1 -1 -1 2.06 2.55 5.03 -3.66 2.23 1.29 -1.44
Car 0.00 0 -1.03 -1 -1 -1 -1 2.11 2.52 5.05 2.98 2.23 -5.58 -1.52
Car 0.00 0 -1.91 -1 -1 -1 -1 2.00 2.54 4.93 -4.75 2.19 -9.07 -1.42
Car 0.00 0 -0.27 -1 -1 -1 -1 2.05 2.43 4.35 3.38 2.22 -0.77 -1.62
Car 0.00 0 -0.96 -1 -1 -1 -1 2.23 2.49 4.50 -3.29 2.30 5.81 -1.48
Car 0.00 0 -2.20 -1 -1 -1 -1 2.02 2.56 5.60 3.70 2.27 4.46 -1.51
Car 0.00 0 -0.74 -1 -1 -1 -1 2.16 2.46 5.23 -0.92 2.28 12.41 -0.82
Car 0.00 0 1.24 -1 -1 -1 -1 2.50 2.65 5.07 4.63 2.36 11.87 1.62
Car 0.00 0 -4.20 -1 -1 -1 -1 2.00 2.36 4.40 -9.64 2.22 -3.39 -2.97
Car 0.00 0 1.48 -1 -1 -1 -1 1.94 2.50 4.66 -6.42 2.14 -27.23 1.71
Car 0.00 0 -3.56 -1 -1 -1 -1 2.27 2.35 4.84 -11.81 2.56 -19.67 -3.02
Car 0.00 0 -2.48 -1 -1 -1 -1 2.20 2.35 5.51 -7.78 2.39 10.68 -3.11
Car 0.00 0 -2.53 -1 -1 -1 -1 2.09 2.29 4.32 -8.08 2.28 12.95 -3.09
Car 0.00 0 -1.72 -1 -1 -1 -1 2.08 2.51 4.72 5.84 2.36 25.19 -1.50
Car 0.00 0 -2.74 -1 -1 -1 -1 2.41 2.47 4.83 -6.93 2.34 23.13 -3.03
Car 0.00 0 -3.40 -1 -1 -1 -1 2.19 2.43 4.62 8.31 2.21 18.14 -2.97
