Car 0.00 0 -1.67 -1 -1 -1 -1 2.55 2.43 4.71 -3.79 2.01 -27.67 -1.54
Car 0.00 0 1.40 -1 -1 -1 -1 2.35 2.49 4.89 -3.61 2.09 -21.67 1.57
Car 0.00 0 1.77 -1 -1 -1 -1 2.25 2.59 5.14 3.93 2.30 -23.44 1.60
Car 0.00 0 -1.78 -1 -1 -1 -1 2.04 2.28 4.31 -3.56 2.13 -16.04 -1.56
Car 0.00 0 -1.86 -1 -1 -1 -1 1.94 2.35 4.72 -3.42 2.19 -10.87 -1.55
Car 0.00 0 2.26 -1 -1 -1 -1 2.16 2.46 4.78 4.00 2.35 -5.09 1.60
Car 0.00 0 3.19 -1 -1 -1 -1 2.13 2.51 4.87 4.10 2.43 -0.04 1.63
Car 0.00 0 0.84 -1 -1 -1 -1 1.88 2.38 4.52 4.05 2.41 4.52 1.57
Car 0.00 0 0.27 -1 -1 -1 -1 2.08 2.40 5.27 -3.08 2.18 -0.73 1.61
Car 0.00 0 -1.43 -1 -1 -1 -1 2.22 2.48 4.65 3.82 2.46 -29.50 -1.56
