Car 0.00 0 1.30 -1 -1 -1 -1 1.94 2.50 4.66 -4.06 2.18 -17.86 1.53
Car 0.00 0 -2.21 -1 -1 -1 -1 2.25 2.55 5.42 -4.05 2.20 -5.21 -1.55
Car 0.00 0 -0.12 -1 -1 -1 -1 2.01 2.54 5.31 3.16 2.23 -0.38 -1.57
Car 0.00 0 -1.18 -1 -1 -1 -1 2.06 2.55 5.03 -4.00 2.35 10.64 -1.54
Car 0.00 0 -2.20 -1 -1 -1 -1 2.11 2.52 5.05 3.19 2.28 4.66 -1.60
Car 0.00 0 -0.03 -1 -1 -1 -1 2.00 2.54 4.93 -4.26 2.25 0.29 -1.53
Car 0.00 0 -2.05 -1 -1 -1 -1 2.05 2.43 4.35 3.17 2.31 9.35 -1.72
Car 0.00 0 -1.30 -1 -1 -1 -1 2.23 2.49 4.50 -4.16 2.41 15.44 -1.57
Car 0.00 0 -2.01 -1 -1 -1 -1 2.00 2.36 4.40 -9.58 2.41 5.72 -3.04
Car 0.00 0 -1.81 -1 -1 -1 -1 2.02 2.56 5.60 3.04 2.32 14.68 -1.61
Car 0.00 0 -1.40 -1 -1 -1 -1 2.16 2.46 5.23 -1.46 2.34 25.99 -1.45
Car 0.00 0 -1.42 -1 -1 -1 -1 2.33 2.62 5.58 -3.99 2.56 27.08 -1.57
Car 0.00 0 -3.87 -1 -1 -1 -1 2.27 2.35 4.84 -10.24 2.53 -10.85 -3.11
Car 0.00 0 1.42 -1 -1 -1 -1 2.50 2.65 5.07 3.29 2.32 22.26 1.56
