Car 0.00 0 -1.44 -1 -1 -1 -1 2.05 2.43 4.35 3.04 1.73 -21.32 -1.58
Car 0.00 0 -1.79 -1 -1 -1 -1 2.23 2.49 4.50 -4.11 1.93 -15.14 -1.52
Car 0.00 0 -1.40 -1 -1 -1 -1 2.02 2.56 5.60 3.04 1.82 -15.98 -1.59
Car 0.00 0 -1.75 -1 -1 -1 -1 2.16 2.46 5.23 -3.85 2.02 -10.18 -1.39
Car 0.00 0 1.98 -1 -1 -1 -1 2.50 2.65 5.07 3.40 2.04 -8.38 1.59
Car 0.00 0 2.30 -1 -1 -1 -1 2.09 2.29 4.32 -9.51 2.03 -8.63 3.13
Car 0.00 0 -2.34 -1 -1 -1 -1 2.33 2.62 5.58 -3.80 2.08 -3.79 -1.55
Car 0.00 0 -2.19 -1 -1 -1 -1 2.08 2.51 4.72 3.49 2.33 4.81 -1.56
Car 0.00 0 -1.72 -1 -1 -1 -1 2.41 2.47 4.83 -9.08 2.26 1.79 -3.10
Car 0.00 0 -1.22 -1 -1 -1 -1 2.54 2.83 5.61 -3.51 2.49 10.03 -1.55
Car 0.00 0 -1.76 -1 -1 -1 -1 2.06 2.55 5.03 -3.99 1.81 -19.72 -1.56
Car 0.00 0 -1.89 -1 -1 -1 -1 2.03 2.51 5.10 3.56 2.42 10.06 -1.55
Car 0.00 0 -1.93 -1 -1 -1 -1 1.91 2.19 4.22 -9.26 2.32 3.94 -3.10
Car 0.00 0 -1.85 -1 -1 -1 -1 2.20 2.51 5.04 3.67 2.57 15.58 -1.62
Car 0.00 0 -1.82 -1 -1 -1 -1 2.19 2.43 4.62 6.41 2.17 -2.16 -3.06
Car 0.00 0 -1.48 -1 -1 -1 -1 2.11 2.52 5.05 3.10 1.84 -26.09 -1.60
Car 0.00 0 1.35 -1 -1 -1 -1 2.03 2.39 4.90 3.84 2.66 20.58 1.53
Car 0.00 0 -1.70 -1 -1 -1 -1 1.99 2.33 4.53 4.13 2.68 27.50 -1.55
Car 0.00 0 -1.30 -1 -1 -1 -1 2.06 2.47 4.42 -3.38 2.57 14.80 -1.52
Car 0.00 0 1.65 -1 -1 -1 -1 2.14 2.59 5.12 -3.09 2.85 27.02 1.54
