Car 0.00 0 -2.06 -1 -1 -1 -1 2.12 2.77 5.28 1.07 1.91 -12.33 -2.15
Car 0.00 0 -1.69 -1 -1 -1 -1 2.48 2.48 4.91 -2.17 2.27 24.41 -1.78
Car 0.00 0 1.29 -1 -1 -1 -1 2.16 2.58 5.17 12.61 2.05 -13.02 0.52
Car 0.00 0 0.91 -1 -1 -1 -1 2.26 2.51 4.98 -7.65 2.26 9.02 0.21
Car 0.00 0 -0.17 -1 -1 -1 -1 2.02 2.48 4.65 4.05 2.25 0.10 1.38
Car 0.00 0 -2.00 -1 -1 -1 -1 2.01 2.39 4.85 -8.28 2.24 6.55 -2.90
Car 0.00 0 1.53 -1 -1 -1 -1 2.54 2.69 5.27 -9.26 2.14 4.09 0.38
Car 0.00 0 -2.44 -1 -1 -1 -1 2.11 2.53 5.09 9.88 1.92 -18.44 -2.93
Car 0.00 0 1.25 -1 -1 -1 -1 2.02 2.56 5.31 2.45 2.26 10.86 1.48
Car 0.00 0 1.34 -1 -1 -1 -1 2.09 2.52 4.96 0.60 2.28 26.26 1.36
Car 0.00 0 0.54 -1 -1 -1 -1 2.14 2.52 5.02 -7.57 2.33 12.01 -0.02
Car 0.00 0 -0.89 -1 -1 -1 -1 2.01 2.39 4.85 -11.40 2.06 -0.76 0.62
Car 0.00 0 -0.66 -1 -1 -1 -1 1.85 2.39 4.82 -13.12 2.04 -2.57 0.71
Car 0.00 0 3.57 -1 -1 -1 -1 2.69 2.87 5.23 -7.96 2.50 14.54 3.06
