Car 0.00 0 1.75 -1 -1 -1 -1 2.50 2.65 5.07 3.54 2.05 -22.46 1.59
Car 0.00 0 -1.76 -1 -1 -1 -1 2.33 2.62 5.58 -3.71 2.11 -17.77 -1.55
Car 0.00 0 -1.20 -1 -1 -1 -1 2.08 2.51 4.72 3.54 2.13 -9.03 -1.58
Car 0.00 0 -2.28 -1 -1 -1 -1 2.54 2.83 5.61 -3.54 2.18 -4.12 -1.57
Car 0.00 0 -0.81 -1 -1 -1 -1 2.03 2.51 5.10 3.53 2.20 -3.82 -1.55
Car 0.00 0 -2.76 -1 -1 -1 -1 2.20 2.51 5.04 3.49 2.22 1.61 -1.62
Car 0.00 0 1.01 -1 -1 -1 -1 2.03 2.39 4.90 3.57 2.26 6.59 1.50
Car 0.00 0 -1.84 -1 -1 -1 -1 1.99 2.33 4.53 3.84 2.26 13.87 -1.57
Car 0.00 0 1.78 -1 -1 -1 -1 2.14 2.59 5.12 -3.39 2.31 12.98 1.53
Car 0.00 0 -2.09 -1 -1 -1 -1 1.92 2.43 4.84 -13.02 2.29 7.84 -3.11
Car 0.00 0 -1.95 -1 -1 -1 -1 2.39 2.61 5.11 -12.50 2.32 4.96 -3.14
Car 0.00 0 -1.65 -1 -1 -1 -1 2.16 2.46 5.23 -3.78 2.21 -24.65 -1.49
Car 0.00 0 2.73 -1 -1 -1 -1 2.09 2.29 4.32 -9.32 2.34 -22.85 3.12
Car 0.00 0 -2.70 -1 -1 -1 -1 2.19 2.43 4.62 6.53 2.18 -16.19 -3.08
Car 0.00 0 2.12 -1 -1 -1 -1 2.00 2.43 4.80 -15.14 2.36 13.84 1.29
Car 0.00 0 -0.20 -1 -1 -1 -1 2.06 2.47 4.42 -3.43 2.14 0.80 -1.54
