Car 0.00 0 -1.52 -1 -1 -1 -1 2.56 2.91 5.85 -0.61 2.00 -11.69 -1.47
Car 0.00 0 2.43 -1 -1 -1 -1 2.14 2.59 5.39 14.03 2.65 -11.71 1.55
Car 0.00 0 2.59 -1 -1 -1 -1 2.15 2.62 5.37 13.54 2.66 -6.70 1.48
Car 0.00 0 2.96 -1 -1 -1 -1 2.52 2.62 5.17 13.56 2.78 -1.97 1.53
Car 0.00 0 0.25 -1 -1 -1 -1 3.22 2.93 6.83 13.00 2.74 4.95 1.45
Car 0.00 0 -2.45 -1 -1 -1 -1 3.01 2.83 5.95 12.13 2.73 12.15 -1.66
Car 0.00 0 -2.22 -1 -1 -1 -1 2.16 2.64 5.67 11.71 2.79 18.55 -1.66
Car 0.00 0 1.11 -1 -1 -1 -1 2.64 2.93 5.94 10.67 2.77 27.08 1.49
Car 0.00 0 -1.72 -1 -1 -1 -1 2.17 2.57 4.94 3.51 2.45 21.78 -1.56
Car 0.00 0 1.97 -1 -1 -1 -1 1.94 2.33 4.61 13.67 2.66 -26.89 1.50
