Car 0.00 0 -1.87 -1 -1 -1 -1 2.54 2.83 5.61 -3.72 1.94 -11.69 -1.56
Car 0.00 0 -1.25 -1 -1 -1 -1 2.03 2.51 5.10 3.39 1.96 -11.51 -1.54
Car 0.00 0 -1.05 -1 -1 -1 -1 2.20 2.51 5.04 3.53 2.09 -5.94 -1.59
Car 0.00 0 2.86 -1 -1 -1 -1 2.03 2.39 4.90 3.67 2.18 -0.92 1.54
Car 0.00 0 -2.13 -1 -1 -1 -1 1.99 2.33 4.53 4.06 2.27 6.13 -1.55
Car 0.00 0 2.10 -1 -1 -1 -1 2.14 2.59 5.12 -3.09 2.26 5.57 1.60
Car 0.00 0 -4.50 -1 -1 -1 -1 2.39 2.61 5.11 -12.45 2.18 -2.51 -3.13
Car 0.00 0 -1.99 -1 -1 -1 -1 2.06 2.47 4.42 -3.47 2.08 -6.76 -1.52
Car 0.00 0 -1.69 -1 -1 -1 -1 2.33 2.62 5.58 -4.16 1.72 -25.29 -1.53
Car 0.00 0 -1.36 -1 -1 -1 -1 2.08 2.51 4.72 3.26 1.89 -16.84 -1.55
Car 0.00 0 -1.57 -1 -1 -1 -1 1.92 2.43 4.84 -12.89 2.31 0.57 -3.09
Car 0.00 0 -3.53 -1 -1 -1 -1 2.41 2.47 4.83 -9.33 2.05 -19.94 -3.09
Car 0.00 0 -0.04 -1 -1 -1 -1 2.04 2.55 4.98 -16.76 2.34 1.33 -1.53
