Car 0.00 0 1.23 -1 -1 -1 -1 3.13 2.93 7.58 24.40 2.91 -18.96 0.32
Car 0.00 0 1.86 -1 -1 -1 -1 2.24 2.57 5.10 13.60 2.51 -11.71 1.00
Car 0.00 0 2.53 -1 -1 -1 -1 2.37 2.62 4.95 9.37 2.45 -3.02 1.27
Car 0.00 0 -1.08 -1 -1 -1 -1 2.13 2.48 5.09 -3.45 2.32 5.84 -1.62
Car 0.00 0 0.66 -1 -1 -1 -1 2.13 2.50 4.92 7.50 2.52 6.58 1.51
Car 0.00 0 -1.37 -1 -1 -1 -1 2.25 2.45 4.83 -3.45 2.40 17.04 -1.57
Car 0.00 0 1.15 -1 -1 -1 -1 2.05 2.35 4.39 7.40 2.68 18.82 1.53
Car 0.00 0 -2.22 -1 -1 -1 -1 2.10 2.56 4.92 19.47 3.03 -22.19 -2.94
Car 0.00 0 -1.44 -1 -1 -1 -1 2.39 2.65 5.45 -3.13 2.43 24.12 -1.57
Car 0.00 0 -1.07 -1 -1 -1 -1 2.09 2.55 5.30 -16.89 1.90 -20.47 -0.38
