Car 0.00 0 -2.20 -1 -1 -1 -1 2.08 2.43 4.41 -4.52 2.22 -6.83 -1.62
Car 0.00 0 -2.71 -1 -1 -1 -1 2.03 2.35 4.32 -4.36 2.32 -1.84 -1.54
Car 0.00 0 -0.76 -1 -1 -1 -1 1.99 2.48 5.17 -4.16 2.34 4.03 -1.57
Car 0.00 0 -1.16 -1 -1 -1 -1 2.09 2.53 4.74 -4.10 2.41 10.02 -1.55
Car 0.00 0 3.39 -1 -1 -1 -1 1.99 2.45 4.48 8.61 1.74 -4.48 2.30
Car 0.00 0 1.36 -1 -1 -1 -1 2.12 2.56 4.62 9.20 1.97 5.37 2.41
Car 0.00 0 1.58 -1 -1 -1 -1 2.06 2.52 4.73 9.10 1.99 8.37 2.41
Car 0.00 0 1.81 -1 -1 -1 -1 2.06 2.46 4.73 8.68 1.96 11.25 2.47
Car 0.00 0 1.93 -1 -1 -1 -1 1.90 2.23 4.39 8.80 1.96 14.20 2.48
Car 0.00 0 -4.57 -1 -1 -1 -1 2.20 2.39 4.75 16.22 1.67 1.71 -3.10
Car 0.00 0 -4.42 -1 -1 -1 -1 2.16 2.36 4.68 16.43 1.66 4.02 -3.09
Car 0.00 0 -4.33 -1 -1 -1 -1 2.08 2.44 5.12 16.74 1.87 6.40 -3.12
Car 0.00 0 -4.19 -1 -1 -1 -1 2.10 2.35 4.65 16.79 1.89 9.02 -3.11
Car 0.00 0 2.03 -1 -1 -1 -1 1.97 2.50 5.21 8.93 1.78 20.24 2.45
