Car 0.00 0 -1.85 -1 -1 -1 -1 2.18 2.41 4.79 -2.92 1.99 -11.65 -1.61
Car 0.00 0 1.43 -1 -1 -1 -1 2.51 2.55 5.36 -2.82 1.87 -19.32 1.57
Car 0.00 0 -0.99 -1 -1 -1 -1 2.26 2.61 4.91 -3.42 2.23 5.94 -1.51
Car 0.00 0 -2.07 -1 -1 -1 -1 2.11 2.37 4.73 -3.18 2.08 -6.64 -1.62
Car 0.00 0 -1.35 -1 -1 -1 -1 1.98 2.33 5.00 -3.78 2.39 16.71 -1.58
Car 0.00 0 -1.27 -1 -1 -1 -1 2.00 2.29 4.60 -3.67 2.33 12.48 -1.56
Car 0.00 0 -2.95 -1 -1 -1 -1 2.32 2.46 5.51 -3.43 2.24 -0.70 -1.58
Car 0.00 0 -1.35 -1 -1 -1 -1 2.02 2.48 5.26 4.48 1.89 -21.43 -1.56
Car 0.00 0 1.43 -1 -1 -1 -1 2.08 2.36 4.48 -2.62 1.95 -24.25 1.54
Car 0.00 0 -1.49 -1 -1 -1 -1 2.13 2.46 4.69 4.81 1.94 -27.24 -1.66
Car 0.00 0 -1.39 -1 -1 -1 -1 2.08 2.40 4.72 -3.76 2.40 22.26 -1.56
