Car 0.00 0 -1.49 -1 -1 -1 -1 2.17 2.56 4.80 -1.74 2.29 14.50 -1.61
Car 0.00 0 -1.62 -1 -1 -1 -1 3.06 3.16 7.00 -0.12 2.04 -8.33 -1.61
Car 0.00 0 0.32 -1 -1 -1 -1 2.05 2.43 5.29 4.75 2.04 -10.65 -0.10
Car 0.00 0 0.50 -1 -1 -1 -1 2.05 2.31 4.30 4.76 2.05 -8.28 -0.02
Car 0.00 0 0.62 -1 -1 -1 -1 1.96 2.34 4.94 4.90 2.09 -6.01 -0.07
Car 0.00 0 0.84 -1 -1 -1 -1 1.98 2.36 4.92 4.77 2.10 -3.53 -0.09
Car 0.00 0 1.27 -1 -1 -1 -1 1.98 2.38 4.83 4.67 2.12 -1.14 -0.06
Car 0.00 0 -1.33 -1 -1 -1 -1 2.13 2.37 4.55 4.89 2.14 1.26 -0.01
Car 0.00 0 -0.88 -1 -1 -1 -1 2.26 2.53 4.79 4.22 2.18 3.58 -0.01
Car 0.00 0 -1.23 -1 -1 -1 -1 2.41 2.45 4.94 -4.32 2.32 10.09 -1.63
Car 0.00 0 -0.33 -1 -1 -1 -1 2.15 2.41 4.73 4.04 2.32 12.64 -0.03
Car 0.00 0 -0.74 -1 -1 -1 -1 2.32 2.44 4.93 4.61 2.23 6.05 -0.09
Car 0.00 0 2.56 -1 -1 -1 -1 2.13 2.36 4.60 4.33 2.23 8.49 3.04
Car 0.00 0 -0.44 -1 -1 -1 -1 1.97 2.22 3.91 4.86 2.30 10.51 -0.01
Car 0.00 0 0.23 -1 -1 -1 -1 2.23 2.58 5.38 4.72 2.07 -15.72 -0.07
Car 0.00 0 -0.35 -1 -1 -1 -1 2.00 2.36 4.28 4.80 2.29 20.36 -0.12
Car 0.00 0 2.79 -1 -1 -1 -1 2.00 2.59 5.17 4.39 2.30 22.84 2.98
Car 0.00 0 -0.36 -1 -1 -1 -1 2.01 2.20 4.23 4.59 2.34 25.04 -0.18
Car 0.00 0 2.78 -1 -1 -1 -1 2.14 2.49 4.90 3.81 2.30 27.20 2.92
