Car 0.00 0 -1.46 -1 -1 -1 -1 2.17 2.56 4.80 6.39 2.45 7.06 -0.72
Car 0.00 0 -1.94 -1 -1 -1 -1 3.06 3.16 7.00 2.37 2.18 -5.77 -2.33
Car 0.00 0 3.58 -1 -1 -1 -1 2.11 2.69 5.28 10.68 2.21 -7.60 2.62
Car 0.00 0 0.49 -1 -1 -1 -1 2.10 2.64 5.17 9.17 2.18 -5.29 -0.56
Car 0.00 0 0.60 -1 -1 -1 -1 2.08 2.43 5.13 7.71 2.28 -2.90 -0.61
Car 0.00 0 0.28 -1 -1 -1 -1 2.16 2.44 4.69 -16.12 2.36 13.57 -0.59
Car 0.00 0 2.48 -1 -1 -1 -1 2.27 2.74 5.80 20.14 3.09 -3.51 1.09
Car 0.00 0 0.33 -1 -1 -1 -1 2.28 2.36 4.75 -16.87 2.34 16.50 -0.47
Car 0.00 0 0.89 -1 -1 -1 -1 2.02 2.25 4.71 2.73 3.17 24.49 1.00
Car 0.00 0 0.35 -1 -1 -1 -1 1.93 2.31 5.31 12.66 2.17 -9.69 -0.57
Car 0.00 0 3.42 -1 -1 -1 -1 2.05 2.34 4.93 13.56 2.15 -12.08 2.57
Car 0.00 0 3.38 -1 -1 -1 -1 2.01 2.46 5.23 14.71 2.22 -14.61 2.59
Car 0.00 0 3.27 -1 -1 -1 -1 2.14 2.49 4.90 15.98 2.20 -16.78 2.51
