Car 0.00 0 -2.23 -1 -1 -1 -1 2.12 2.77 5.28 3.15 2.04 -10.50 -2.53
Car 0.00 0 -1.70 -1 -1 -1 -1 2.48 2.48 4.91 -0.36 2.19 24.84 -1.71
Car 0.00 0 1.89 -1 -1 -1 -1 2.16 2.58 5.17 8.25 2.19 -5.42 0.90
Car 0.00 0 0.71 -1 -1 -1 -1 2.26 2.51 4.98 -7.09 2.19 14.67 0.26
Car 0.00 0 1.19 -1 -1 -1 -1 2.02 2.48 4.65 3.41 2.28 11.71 1.48
Car 0.00 0 -2.29 -1 -1 -1 -1 2.01 2.39 4.85 -7.84 2.19 12.26 -2.86
Car 0.00 0 1.14 -1 -1 -1 -1 2.54 2.69 5.27 -8.83 2.05 9.97 0.41
Car 0.00 0 -2.20 -1 -1 -1 -1 2.11 2.53 5.09 14.28 2.18 -14.52 -2.97
Car 0.00 0 1.37 -1 -1 -1 -1 2.02 2.56 5.31 2.70 2.33 23.35 1.48
Car 0.00 0 0.42 -1 -1 -1 -1 2.14 2.52 5.02 -6.82 2.24 17.67 0.05
Car 0.00 0 1.80 -1 -1 -1 -1 2.01 2.39 4.85 -11.26 2.05 5.26 0.67
Car 0.00 0 2.07 -1 -1 -1 -1 1.85 2.39 4.82 -13.08 2.03 3.54 0.76
Car 0.00 0 3.45 -1 -1 -1 -1 2.69 2.87 5.23 -7.07 2.39 20.22 3.11
