Car 0.00 0 -1.42 -1 -1 -1 -1 2.40 2.51 5.13 3.81 2.07 -24.17 -1.58
Car 0.00 0 -1.69 -1 -1 -1 -1 2.11 2.42 4.72 -3.57 1.95 -24.46 -1.54
Car 0.00 0 -1.72 -1 -1 -1 -1 2.00 2.36 5.12 -3.45 2.03 -18.78 -1.54
Car 0.00 0 -1.84 -1 -1 -1 -1 2.04 2.37 5.06 -3.34 2.03 -12.86 -1.58
Car 0.00 0 1.76 -1 -1 -1 -1 2.15 2.42 4.63 3.36 2.14 -16.20 1.55
Car 0.00 0 -2.17 -1 -1 -1 -1 3.18 2.60 5.58 -3.31 2.12 -4.59 -1.55
Car 0.00 0 -0.27 -1 -1 -1 -1 2.17 2.47 5.09 -3.32 2.21 0.99 -1.55
Car 0.00 0 2.06 -1 -1 -1 -1 2.08 2.47 4.75 -3.22 2.20 6.20 1.58
Car 0.00 0 1.43 -1 -1 -1 -1 2.41 2.46 4.62 16.53 2.64 -2.99 0.03
Car 0.00 0 -1.37 -1 -1 -1 -1 2.03 2.44 4.76 16.91 2.69 3.40 0.00
Car 0.00 0 -1.37 -1 -1 -1 -1 2.10 2.40 5.04 22.31 2.75 3.31 0.05
Car 0.00 0 -1.60 -1 -1 -1 -1 2.03 2.51 5.00 -0.28 1.91 -26.18 -1.59
Car 0.00 0 -2.52 -1 -1 -1 -1 1.98 2.29 4.33 -9.03 2.08 13.39 -3.12
Car 0.00 0 0.71 -1 -1 -1 -1 2.31 2.62 5.24 -9.85 2.08 10.97 -0.02
Car 0.00 0 1.71 -1 -1 -1 -1 2.27 2.40 5.01 -2.99 2.42 18.23 1.55
Car 0.00 0 1.71 -1 -1 -1 -1 2.12 2.40 4.84 -3.02 2.57 23.86 1.59
Car 0.00 0 -1.76 -1 -1 -1 -1 1.95 2.42 5.02 4.23 2.81 23.44 -1.58
Car 0.00 0 -2.74 -1 -1 -1 -1 2.00 2.26 4.21 -8.38 2.35 29.92 -3.02
