Car 0.00 0 1.44 -1 -1 -1 -1 1.94 2.50 4.66 -4.55 2.14 -24.87 1.63
Car 0.00 0 -1.88 -1 -1 -1 -1 2.25 2.55 5.42 -4.28 2.17 -12.17 -1.54
Car 0.00 0 -1.15 -1 -1 -1 -1 2.01 2.54 5.31 3.09 2.19 -7.39 -1.55
Car 0.00 0 -0.71 -1 -1 -1 -1 2.06 2.55 5.03 -3.86 2.29 3.59 -1.53
Car 0.00 0 -0.70 -1 -1 -1 -1 2.11 2.52 5.05 3.19 2.23 -2.59 -1.59
Car 0.00 0 -2.08 -1 -1 -1 -1 2.00 2.54 4.93 -4.25 2.23 -6.64 -1.51
Car 0.00 0 -2.70 -1 -1 -1 -1 2.05 2.43 4.35 3.28 2.24 2.19 -1.72
Car 0.00 0 -1.10 -1 -1 -1 -1 2.23 2.49 4.50 -3.92 2.35 8.35 -1.54
Car 0.00 0 -1.98 -1 -1 -1 -1 2.02 2.56 5.60 3.19 2.27 7.48 -1.58
Car 0.00 0 -0.97 -1 -1 -1 -1 2.16 2.46 5.23 -1.18 2.29 16.50 -1.04
Car 0.00 0 -1.38 -1 -1 -1 -1 2.33 2.62 5.58 -3.40 2.57 20.02 -1.55
Car 0.00 0 1.34 -1 -1 -1 -1 2.50 2.65 5.07 3.62 2.32 15.03 1.58
Car 0.00 0 -3.63 -1 -1 -1 -1 2.27 2.35 4.84 -10.48 2.58 -17.72 -3.10
Car 0.00 0 -4.48 -1 -1 -1 -1 2.00 2.36 4.40 -9.53 2.26 -1.27 -3.04
Car 0.00 0 3.69 -1 -1 -1 -1 2.20 2.35 5.51 -8.72 2.45 12.93 3.10
Car 0.00 0 3.66 -1 -1 -1 -1 2.09 2.29 4.32 -9.19 2.35 15.17 3.12
Car 0.00 0 -1.70 -1 -1 -1 -1 2.08 2.51 4.72 3.79 2.35 28.42 -1.57
Car 0.00 0 -2.77 -1 -1 -1 -1 2.41 2.47 4.83 -8.80 2.42 25.41 -3.10
Car 0.00 0 -3.35 -1 -1 -1 -1 2.19 2.43 4.62 6.75 2.33 21.39 -3.05
