Car 0.00 0 -1.45 -1 -1 -1 -1 2.17 2.56 4.80 1.81 2.42 16.79 -1.34
Car 0.00 0 3.83 -1 -1 -1 -1 3.06 3.16 7.00 10.86 2.73 -0.05 2.27
Car 0.00 0 -0.76 -1 -1 -1 -1 2.23 2.58 5.38 4.77 2.24 3.13 0.23
Car 0.00 0 -0.52 -1 -1 -1 -1 2.05 2.43 5.29 5.81 2.45 8.11 0.10
Car 0.00 0 -0.61 -1 -1 -1 -1 2.21 2.22 4.30 5.63 2.33 5.48 0.19
Car 0.00 0 -0.43 -1 -1 -1 -1 2.05 2.31 4.30 6.44 2.46 10.63 0.12
Car 0.00 0 -0.45 -1 -1 -1 -1 1.96 2.34 4.94 7.09 2.50 12.79 0.06
Car 0.00 0 -0.39 -1 -1 -1 -1 1.98 2.36 4.92 7.52 2.55 15.15 0.07
Car 0.00 0 -0.19 -1 -1 -1 -1 2.26 2.53 4.79 8.66 2.77 22.12 0.18
Car 0.00 0 2.99 -1 -1 -1 -1 2.07 2.39 4.98 12.55 3.18 -3.70 1.71
Car 0.00 0 1.99 -1 -1 -1 -1 1.98 2.48 4.95 6.95 2.47 -20.27 1.66
