Car 0.00 0 -1.31 -1 -1 -1 -1 2.43 2.55 4.93 4.86 2.17 -19.21 -1.55
Car 0.00 0 -1.24 -1 -1 -1 -1 2.13 2.64 5.21 4.68 2.21 -13.53 -1.58
Car 0.00 0 -0.86 -1 -1 -1 -1 3.17 2.68 6.37 4.50 2.26 -5.07 -1.58
Car 0.00 0 1.35 -1 -1 -1 -1 2.39 2.59 5.28 -2.65 2.03 -11.35 1.58
Car 0.00 0 0.95 -1 -1 -1 -1 2.52 3.05 5.57 4.33 2.47 6.10 1.56
Car 0.00 0 2.78 -1 -1 -1 -1 2.15 2.50 5.15 -2.90 2.08 1.00 1.54
Car 0.00 0 -1.82 -1 -1 -1 -1 1.96 2.48 4.98 3.79 2.55 18.15 -1.61
Car 0.00 0 -1.35 -1 -1 -1 -1 2.38 2.50 4.94 -3.17 2.36 16.11 -1.54
Car 0.00 0 -1.42 -1 -1 -1 -1 2.02 2.28 4.44 -3.25 2.74 29.23 -1.53
Car 0.00 0 -1.41 -1 -1 -1 -1 2.29 2.55 4.81 5.04 2.30 -28.96 -1.58
Car 0.00 0 -1.41 -1 -1 -1 -1 1.97 2.32 4.12 -3.33 2.40 24.10 -1.55
Car 0.00 0 1.41 -1 -1 -1 -1 2.09 2.46 4.93 3.84 2.50 24.54 1.57
