Car 0.00 0 -1.73 -1 -1 -1 -1 2.12 2.41 4.70 -2.42 2.13 -14.90 -1.57
Car 0.00 0 -1.58 -1 -1 -1 -1 2.16 2.47 4.85 -0.35 2.10 -19.09 -1.56
Car 0.00 0 -1.46 -1 -1 -1 -1 2.10 2.25 4.18 2.46 2.02 -19.81 -1.59
Car 0.00 0 -1.31 -1 -1 -1 -1 1.99 2.26 4.46 2.30 2.14 -9.87 -1.54
Car 0.00 0 -2.05 -1 -1 -1 -1 1.90 2.35 4.94 -2.46 2.12 -4.85 -1.58
Car 0.00 0 -1.95 -1 -1 -1 -1 2.04 2.47 4.78 2.38 2.23 6.00 -1.57
Car 0.00 0 -1.06 -1 -1 -1 -1 2.02 2.25 4.14 -2.62 2.24 4.49 -1.58
Car 0.00 0 -1.39 -1 -1 -1 -1 2.19 2.39 4.67 -2.35 2.30 14.99 -1.55
Car 0.00 0 -1.73 -1 -1 -1 -1 2.03 2.41 4.72 2.44 2.32 17.51 -1.59
Car 0.00 0 -1.47 -1 -1 -1 -1 2.23 2.51 4.81 -2.42 2.30 22.95 -1.58
Car 0.00 0 -1.45 -1 -1 -1 -1 2.36 2.62 5.46 2.34 2.17 -24.86 -1.54
Car 0.00 0 -1.66 -1 -1 -1 -1 1.90 2.43 4.69 -2.56 2.25 -27.01 -1.57
Car 0.00 0 -1.68 -1 -1 -1 -1 2.03 2.42 4.56 2.36 2.30 29.13 -1.60
