Car 0.00 0 -1.78 -1 -1 -1 -1 1.98 2.44 4.97 -4.08 2.16 -18.89 -1.57
Car 0.00 0 1.25 -1 -1 -1 -1 1.94 2.50 4.66 -4.06 2.17 -13.78 1.54
Car 0.00 0 -2.88 -1 -1 -1 -1 2.25 2.55 5.42 -4.06 2.21 -1.10 -1.58
Car 0.00 0 -2.27 -1 -1 -1 -1 2.01 2.54 5.31 3.08 2.26 3.68 -1.57
Car 0.00 0 -1.29 -1 -1 -1 -1 2.06 2.55 5.03 -4.09 2.40 14.73 -1.56
Car 0.00 0 -0.82 -1 -1 -1 -1 2.01 2.29 4.51 -10.45 2.36 -9.26 0.03
Car 0.00 0 -1.93 -1 -1 -1 -1 2.11 2.52 5.05 3.11 2.32 8.82 -1.60
Car 0.00 0 -0.74 -1 -1 -1 -1 2.00 2.54 4.93 -4.28 2.25 4.32 -1.52
Car 0.00 0 -1.95 -1 -1 -1 -1 2.05 2.43 4.35 3.04 2.36 13.66 -1.73
Car 0.00 0 -1.36 -1 -1 -1 -1 2.23 2.49 4.50 -4.28 2.45 19.52 -1.58
Car 0.00 0 -2.32 -1 -1 -1 -1 2.00 2.36 4.40 -9.74 2.43 9.79 -3.10
Car 0.00 0 0.63 -1 -1 -1 -1 2.41 2.52 5.13 16.17 2.08 -22.72 0.02
Car 0.00 0 -4.11 -1 -1 -1 -1 2.27 2.35 4.84 -10.22 2.48 -6.76 -3.12
Car 0.00 0 -1.77 -1 -1 -1 -1 2.02 2.56 5.60 2.95 2.29 18.82 -1.61
