Car 0.00 0 -2.82 -1 -1 -1 -1 1.99 2.46 4.53 4.82 2.07 -16.68 -3.11
Car 0.00 0 -1.78 -1 -1 -1 -1 2.40 2.51 5.18 -3.69 1.96 -14.38 -1.52
Car 0.00 0 -2.75 -1 -1 -1 -1 2.07 2.47 4.48 5.15 2.10 -14.22 -3.10
Car 0.00 0 -2.67 -1 -1 -1 -1 1.94 2.50 4.97 5.30 2.10 -11.74 -3.09
Car 0.00 0 -2.65 -1 -1 -1 -1 1.87 2.45 4.56 4.82 2.09 -9.45 -3.12
Car 0.00 0 0.60 -1 -1 -1 -1 2.02 2.40 4.27 5.12 2.20 -7.27 -0.01
Car 0.00 0 3.90 -1 -1 -1 -1 2.07 2.65 4.95 5.02 2.19 -4.81 3.09
Car 0.00 0 4.28 -1 -1 -1 -1 2.15 2.47 4.64 5.48 2.23 -2.35 3.12
Car 0.00 0 -1.57 -1 -1 -1 -1 1.96 2.49 4.89 5.07 2.30 -0.08 -3.13
Car 0.00 0 1.95 -1 -1 -1 -1 1.95 2.43 4.93 5.18 2.32 2.32 3.10
Car 0.00 0 2.28 -1 -1 -1 -1 2.05 2.36 5.09 5.00 2.37 4.68 3.10
Car 0.00 0 2.47 -1 -1 -1 -1 1.86 2.32 4.91 5.08 2.36 7.13 3.09
Car 0.00 0 2.62 -1 -1 -1 -1 1.95 2.36 4.83 4.88 2.35 9.48 3.09
Car 0.00 0 2.59 -1 -1 -1 -1 1.90 2.54 4.92 5.19 2.40 11.96 3.00
Car 0.00 0 2.69 -1 -1 -1 -1 1.93 2.43 4.44 5.26 2.38 14.54 3.04
Car 0.00 0 2.76 -1 -1 -1 -1 2.21 2.73 5.19 5.52 2.46 17.21 3.07
Car 0.00 0 -1.47 -1 -1 -1 -1 2.18 2.43 4.79 -3.55 2.30 21.84 -1.64
Car 0.00 0 0.16 -1 -1 -1 -1 1.96 2.45 4.86 4.98 2.02 -21.58 -0.06
Car 0.00 0 3.34 -1 -1 -1 -1 1.84 2.45 4.50 4.73 2.00 -19.34 3.10
