Car 0.00 0 -1.74 -1 -1 -1 -1 2.54 2.83 5.61 -4.69 1.72 -18.77 -1.49
Car 0.00 0 -1.34 -1 -1 -1 -1 2.03 2.51 5.10 2.42 1.81 -19.07 -1.47
Car 0.00 0 -1.31 -1 -1 -1 -1 2.20 2.51 5.04 2.93 2.00 -13.56 -1.52
Car 0.00 0 1.99 -1 -1 -1 -1 2.03 2.39 4.90 3.44 2.12 -8.40 1.60
Car 0.00 0 -0.30 -1 -1 -1 -1 1.99 2.33 4.53 4.26 2.23 -1.77 -1.48
Car 0.00 0 0.64 -1 -1 -1 -1 2.14 2.59 5.12 -2.91 2.23 -1.79 1.66
Car 0.00 0 -4.03 -1 -1 -1 -1 2.39 2.61 5.11 -12.77 1.94 -8.88 -3.06
Car 0.00 0 -1.74 -1 -1 -1 -1 2.06 2.47 4.42 -4.10 1.89 -13.87 -1.45
Car 0.00 0 -1.41 -1 -1 -1 -1 2.08 2.51 4.72 1.93 1.88 -24.46 -1.49
Car 0.00 0 -3.41 -1 -1 -1 -1 2.41 2.47 4.83 -10.82 1.77 -26.58 -3.02
Car 0.00 0 -1.55 -1 -1 -1 -1 2.10 2.49 5.46 -1.98 1.49 -27.43 -1.48
