Car 0.00 0 -1.59 -1 -1 -1 -1 2.56 2.91 5.85 -0.81 2.04 -11.59 -1.52
Car 0.00 0 -0.42 -1 -1 -1 -1 2.42 2.83 5.58 3.52 2.14 -1.67 -1.54
Car 0.00 0 0.09 -1 -1 -1 -1 1.98 2.18 4.21 11.53 2.45 -18.92 -0.46
Car 0.00 0 2.97 -1 -1 -1 -1 2.52 2.62 5.17 13.55 2.69 -1.90 1.54
Car 0.00 0 -2.22 -1 -1 -1 -1 2.16 2.64 5.67 11.97 2.70 18.77 -1.65
Car 0.00 0 1.10 -1 -1 -1 -1 2.64 2.93 5.94 10.98 3.09 27.21 1.48
Car 0.00 0 -2.44 -1 -1 -1 -1 3.01 2.83 5.95 12.48 2.61 12.26 -1.65
Car 0.00 0 -1.79 -1 -1 -1 -1 2.21 2.63 4.97 3.97 2.32 19.06 -1.59
Car 0.00 0 0.26 -1 -1 -1 -1 3.22 2.93 6.83 13.00 2.74 4.88 1.47
Car 0.00 0 1.97 -1 -1 -1 -1 1.94 2.33 4.61 13.27 2.65 -27.04 1.51
Car 0.00 0 -1.59 -1 -1 -1 -1 3.37 3.50 8.83 -2.67 1.84 -21.20 -1.47
