Car 0.00 0 -1.74 -1 -1 -1 -1 2.61 2.72 5.47 -2.81 2.01 -24.32 -1.63
Car 0.00 0 -1.78 -1 -1 -1 -1 2.83 2.58 5.62 -2.86 2.02 -17.43 -1.62
Car 0.00 0 -1.40 -1 -1 -1 -1 2.09 2.43 4.76 4.54 2.15 -24.59 -1.58
Car 0.00 0 0.31 -1 -1 -1 -1 1.99 2.21 4.12 13.62 2.23 -23.07 -0.22
Car 0.00 0 -1.06 -1 -1 -1 -1 1.98 2.39 4.38 -2.95 2.21 6.04 -1.52
Car 0.00 0 -2.44 -1 -1 -1 -1 1.96 2.59 4.91 3.94 2.40 3.07 -1.54
Car 0.00 0 -2.00 -1 -1 -1 -1 2.29 2.55 4.81 4.23 2.46 9.38 -1.57
Car 0.00 0 -1.79 -1 -1 -1 -1 2.43 2.55 4.93 4.40 2.54 19.69 -1.57
Car 0.00 0 -1.92 -1 -1 -1 -1 2.01 2.27 4.11 4.41 2.47 14.62 -1.62
Car 0.00 0 -1.76 -1 -1 -1 -1 2.13 2.64 5.21 4.32 2.57 24.73 -1.59
Car 0.00 0 1.71 -1 -1 -1 -1 2.39 2.59 5.28 -2.66 2.55 27.41 1.61
Car 0.00 0 -2.67 -1 -1 -1 -1 1.95 2.30 4.41 -9.29 1.96 19.98 -3.11
