Car 0.00 0 -1.44 -1 -1 -1 -1 2.62 2.74 5.80 4.18 2.23 -24.14 -1.61
Car 0.00 0 -1.72 -1 -1 -1 -1 2.05 2.44 5.08 -2.71 2.33 -23.78 -1.61
Car 0.00 0 -1.94 -1 -1 -1 -1 1.98 2.44 4.97 -3.50 2.33 -10.03 -1.60
Car 0.00 0 0.88 -1 -1 -1 -1 1.94 2.50 4.66 -3.71 2.33 -4.86 1.53
Car 0.00 0 -1.10 -1 -1 -1 -1 2.25 2.55 5.42 -4.37 2.37 8.19 -1.59
Car 0.00 0 -1.84 -1 -1 -1 -1 2.01 2.54 5.31 2.71 2.27 12.97 -1.63
Car 0.00 0 1.19 -1 -1 -1 -1 2.00 2.52 4.76 16.59 2.00 -6.41 -0.01
Car 0.00 0 0.90 -1 -1 -1 -1 2.41 2.52 5.13 16.87 1.88 -12.81 -0.02
Car 0.00 0 4.49 -1 -1 -1 -1 2.27 2.35 4.84 -10.18 2.44 2.13 3.12
Car 0.00 0 -1.39 -1 -1 -1 -1 2.06 2.55 5.03 -5.02 2.44 23.71 -1.60
Car 0.00 0 -1.59 -1 -1 -1 -1 2.01 2.29 4.51 -10.35 2.42 -0.35 -0.05
Car 0.00 0 -1.79 -1 -1 -1 -1 2.11 2.52 5.05 2.49 2.29 18.04 -1.65
Car 0.00 0 -1.22 -1 -1 -1 -1 2.00 2.54 4.93 -4.70 2.29 13.29 -1.56
Car 0.00 0 -1.87 -1 -1 -1 -1 2.05 2.43 4.35 2.22 2.18 23.00 -1.77
Car 0.00 0 -1.43 -1 -1 -1 -1 2.23 2.49 4.50 -5.31 2.35 28.50 -1.62
