Car 0.00 0 -1.53 -1 -1 -1 -1 2.17 2.56 4.80 -3.17 2.31 6.12 -2.01
Car 0.00 0 1.64 -1 -1 -1 -1 3.06 3.16 7.00 4.47 2.44 -15.66 1.37
Car 0.00 0 -3.13 -1 -1 -1 -1 2.08 2.43 5.13 7.54 2.28 1.77 -1.79
Car 0.00 0 -0.90 -1 -1 -1 -1 2.27 2.74 5.80 12.62 2.85 13.09 -0.13
Car 0.00 0 1.02 -1 -1 -1 -1 2.02 2.25 4.71 -19.74 2.59 7.19 -0.20
Car 0.00 0 -2.65 -1 -1 -1 -1 2.16 2.44 4.69 -16.48 2.36 -14.74 -1.81
Car 0.00 0 1.18 -1 -1 -1 -1 2.22 2.93 5.39 -26.85 2.49 6.12 -0.17
Car 0.00 0 -2.60 -1 -1 -1 -1 2.28 2.36 4.75 -19.31 2.44 -14.42 -1.67
Car 0.00 0 -3.23 -1 -1 -1 -1 2.10 2.64 5.17 10.37 2.34 2.19 -1.87
Car 0.00 0 -0.12 -1 -1 -1 -1 2.11 2.69 5.28 12.76 2.43 2.49 1.26
Car 0.00 0 -0.15 -1 -1 -1 -1 2.13 2.19 4.46 18.28 2.47 3.88 1.21
