Car 0.00 0 -2.85 -1 -1 -1 -1 1.99 2.46 4.53 4.84 2.06 -18.34 -3.11
Car 0.00 0 -1.75 -1 -1 -1 -1 2.40 2.51 5.18 -3.67 1.97 -15.98 -1.53
Car 0.00 0 -2.79 -1 -1 -1 -1 2.07 2.47 4.48 5.16 2.09 -15.87 -3.10
Car 0.00 0 -2.72 -1 -1 -1 -1 1.94 2.50 4.97 5.31 2.05 -13.40 -3.09
Car 0.00 0 -2.71 -1 -1 -1 -1 1.87 2.45 4.56 4.83 2.05 -11.11 -3.12
Car 0.00 0 0.51 -1 -1 -1 -1 2.02 2.40 4.27 5.13 2.21 -8.90 -0.01
Car 0.00 0 3.75 -1 -1 -1 -1 2.07 2.65 4.95 5.03 2.16 -6.45 3.09
Car 0.00 0 4.06 -1 -1 -1 -1 2.15 2.47 4.64 5.48 2.20 -3.98 3.12
Car 0.00 0 -1.88 -1 -1 -1 -1 1.96 2.49 4.89 5.08 2.31 -1.68 -3.13
Car 0.00 0 1.66 -1 -1 -1 -1 1.95 2.43 4.93 5.19 2.32 0.71 3.10
Car 0.00 0 2.08 -1 -1 -1 -1 2.05 2.36 5.09 5.00 2.39 3.07 3.10
Car 0.00 0 2.35 -1 -1 -1 -1 1.86 2.32 4.91 5.08 2.36 5.50 3.09
Car 0.00 0 2.54 -1 -1 -1 -1 1.95 2.36 4.83 4.88 2.35 7.84 3.09
Car 0.00 0 2.54 -1 -1 -1 -1 1.90 2.54 4.92 5.19 2.38 10.30 3.00
Car 0.00 0 2.65 -1 -1 -1 -1 1.93 2.43 4.44 5.25 2.33 12.87 3.04
Car 0.00 0 2.73 -1 -1 -1 -1 2.21 2.73 5.19 5.52 2.46 15.59 3.07
Car 0.00 0 -1.46 -1 -1 -1 -1 2.18 2.43 4.79 -3.56 2.28 20.19 -1.64
Car 0.00 0 0.15 -1 -1 -1 -1 1.96 2.45 4.86 4.99 2.01 -23.20 -0.06
Car 0.00 0 3.32 -1 -1 -1 -1 1.84 2.45 4.50 4.74 1.99 -20.96 3.10
Car 0.00 0 0.81 -1 -1 -1 -1 1.97 2.30 4.60 10.33 2.72 12.89 1.49
