Car 0.00 0 -1.74 -1 -1 -1 -1 2.02 2.28 4.44 -2.97 2.19 -15.00 -1.55
Car 0.00 0 -1.16 -1 -1 -1 -1 2.08 2.48 5.37 4.19 2.27 -8.83 -1.61
Car 0.00 0 3.03 -1 -1 -1 -1 2.11 2.49 4.60 -3.19 2.18 0.28 1.55
Car 0.00 0 -2.48 -1 -1 -1 -1 2.35 2.57 4.87 4.12 2.36 3.06 -1.55
Car 0.00 0 -2.02 -1 -1 -1 -1 2.22 2.43 4.90 4.17 2.37 8.22 -1.56
Car 0.00 0 1.80 -1 -1 -1 -1 2.23 2.43 4.84 -2.87 2.30 11.87 1.56
Car 0.00 0 -1.90 -1 -1 -1 -1 2.17 2.58 5.03 4.19 2.35 13.45 -1.60
Car 0.00 0 1.42 -1 -1 -1 -1 2.64 2.76 5.73 4.32 2.42 20.80 1.62
Car 0.00 0 -1.39 -1 -1 -1 -1 1.95 2.25 4.28 -2.79 2.30 19.57 -1.53
Car 0.00 0 1.69 -1 -1 -1 -1 2.62 2.75 5.56 -2.68 2.36 28.77 1.60
Car 0.00 0 -1.44 -1 -1 -1 -1 1.96 2.48 4.98 4.53 2.13 -25.68 -1.61
Car 0.00 0 -1.69 -1 -1 -1 -1 1.97 2.32 4.12 -2.91 2.17 -20.69 -1.55
Car 0.00 0 1.76 -1 -1 -1 -1 2.09 2.46 4.93 4.25 2.19 -19.39 1.54
Car 0.00 0 -1.32 -1 -1 -1 -1 2.02 2.40 4.92 4.31 2.22 -14.16 -1.61
Car 0.00 0 -1.22 -1 -1 -1 -1 2.16 2.17 4.70 -9.60 2.07 -4.03 -0.05
Car 0.00 0 -2.69 -1 -1 -1 -1 1.84 2.31 4.12 -9.89 1.82 25.06 -3.06
