Car 0.00 0 -1.48 -1 -1 -1 -1 2.17 2.56 4.80 -1.62 2.27 14.49 -1.59
Car 0.00 0 -1.61 -1 -1 -1 -1 3.06 3.16 7.00 -0.19 2.07 -8.47 -1.59
Car 0.00 0 0.28 -1 -1 -1 -1 2.05 2.43 5.29 4.63 2.04 -12.95 -0.06
Car 0.00 0 0.40 -1 -1 -1 -1 2.05 2.31 4.30 4.67 2.10 -10.60 -0.01
Car 0.00 0 0.47 -1 -1 -1 -1 1.96 2.34 4.94 4.84 2.10 -8.31 -0.06
Car 0.00 0 0.61 -1 -1 -1 -1 1.98 2.36 4.92 4.73 2.15 -5.76 -0.08
Car 0.00 0 0.89 -1 -1 -1 -1 1.98 2.38 4.83 4.66 2.15 -3.38 -0.05
Car 0.00 0 1.40 -1 -1 -1 -1 2.13 2.37 4.55 4.91 2.16 -0.88 0.00
Car 0.00 0 -1.26 -1 -1 -1 -1 2.26 2.53 4.79 4.27 2.19 1.36 -0.00
Car 0.00 0 -1.13 -1 -1 -1 -1 2.41 2.45 4.94 -4.20 2.27 7.95 -1.62
Car 0.00 0 -0.40 -1 -1 -1 -1 2.15 2.41 4.73 4.20 2.25 10.46 -0.01
Car 0.00 0 -0.97 -1 -1 -1 -1 2.32 2.44 4.93 4.68 2.14 3.78 -0.08
Car 0.00 0 2.43 -1 -1 -1 -1 2.13 2.36 4.60 4.43 2.21 6.23 3.05
Car 0.00 0 -0.54 -1 -1 -1 -1 1.97 2.22 3.91 4.99 2.22 8.24 0.00
Car 0.00 0 0.19 -1 -1 -1 -1 2.23 2.58 5.38 4.54 2.16 -18.01 -0.05
Car 0.00 0 -0.38 -1 -1 -1 -1 2.21 2.41 4.76 5.21 2.29 15.50 -0.05
Car 0.00 0 -0.38 -1 -1 -1 -1 2.00 2.36 4.28 5.04 2.25 18.06 -0.11
Car 0.00 0 2.77 -1 -1 -1 -1 2.00 2.59 5.17 4.65 2.24 20.58 2.99
Car 0.00 0 -0.38 -1 -1 -1 -1 2.01 2.20 4.23 4.88 2.28 22.77 -0.17
Car 0.00 0 2.77 -1 -1 -1 -1 2.14 2.49 4.90 4.12 2.23 24.97 2.93
