Car 0.00 0 -0.24 -1 -1 -1 -1 1.99 2.39 5.16 3.78 2.22 -0.76 -1.61
Car 0.00 0 -2.06 -1 -1 -1 -1 1.97 2.40 4.41 -3.14 2.26 -6.69 -1.62
Car 0.00 0 -2.63 -1 -1 -1 -1 2.15 2.42 4.75 -3.37 2.22 -1.96 -1.59
Car 0.00 0 -0.77 -1 -1 -1 -1 2.00 2.36 4.65 -3.52 2.31 3.20 -1.60
Car 0.00 0 1.15 -1 -1 -1 -1 1.95 2.30 4.65 3.57 2.40 9.25 1.52
Car 0.00 0 1.29 -1 -1 -1 -1 2.02 2.33 4.46 3.46 2.52 14.57 1.52
Car 0.00 0 -1.77 -1 -1 -1 -1 2.35 2.51 4.92 3.20 2.59 20.09 -1.61
Car 0.00 0 -1.38 -1 -1 -1 -1 2.26 2.43 4.97 -4.26 2.68 21.49 -1.58
Car 0.00 0 1.48 -1 -1 -1 -1 2.41 2.43 4.82 3.17 2.55 26.14 1.60
Car 0.00 0 1.73 -1 -1 -1 -1 2.15 2.33 4.54 -4.42 2.71 27.57 1.57
