Car 0.00 0 -1.41 -1 -1 -1 -1 2.33 2.71 5.38 4.17 2.37 -26.33 -1.56
Car 0.00 0 1.37 -1 -1 -1 -1 2.82 2.92 6.55 -3.41 2.14 -22.45 1.52
Car 0.00 0 -1.83 -1 -1 -1 -1 2.03 2.53 5.44 -3.46 2.13 -12.82 -1.57
Car 0.00 0 -2.07 -1 -1 -1 -1 2.55 2.43 4.71 -3.58 2.18 -6.14 -1.54
Car 0.00 0 -1.08 -1 -1 -1 -1 2.22 2.48 4.65 4.11 2.35 -7.69 -1.57
Car 0.00 0 -0.03 -1 -1 -1 -1 2.35 2.49 4.89 -3.44 2.23 -0.03 1.53
Car 0.00 0 2.73 -1 -1 -1 -1 2.25 2.59 5.14 4.03 2.35 -1.76 1.57
Car 0.00 0 -1.01 -1 -1 -1 -1 2.04 2.28 4.31 -3.53 2.28 5.57 -1.58
Car 0.00 0 -1.26 -1 -1 -1 -1 1.94 2.35 4.72 -3.54 2.32 10.75 -1.57
Car 0.00 0 1.36 -1 -1 -1 -1 2.16 2.46 4.78 3.85 2.53 16.41 1.59
Car 0.00 0 1.76 -1 -1 -1 -1 2.08 2.40 5.27 -3.37 2.40 20.71 1.60
Car 0.00 0 1.41 -1 -1 -1 -1 2.13 2.51 4.87 3.90 2.57 21.67 1.59
Car 0.00 0 1.41 -1 -1 -1 -1 1.88 2.38 4.52 3.73 2.62 26.50 1.55
