Car 0.00 0 -0.87 -1 -1 -1 -1 2.10 2.52 5.15 -3.13 2.23 4.52 -1.48
Car 0.00 0 0.32 -1 -1 -1 -1 2.39 2.59 5.42 -3.09 2.13 -1.12 1.54
Car 0.00 0 -1.97 -1 -1 -1 -1 2.16 2.35 4.81 -2.95 2.13 -7.83 -1.61
Car 0.00 0 -1.41 -1 -1 -1 -1 2.00 2.39 4.99 -2.95 2.38 24.62 -1.53
Car 0.00 0 -1.75 -1 -1 -1 -1 3.06 2.80 5.94 -2.95 2.12 -15.69 -1.57
Car 0.00 0 -0.90 -1 -1 -1 -1 2.13 2.64 5.00 12.50 2.31 11.91 -0.09
Car 0.00 0 -1.12 -1 -1 -1 -1 1.92 2.29 4.08 11.88 2.36 6.72 -0.06
Car 0.00 0 1.36 -1 -1 -1 -1 1.99 2.20 3.90 4.60 2.31 20.34 1.58
Car 0.00 0 1.40 -1 -1 -1 -1 1.93 2.31 4.50 4.26 2.31 25.84 1.57
Car 0.00 0 -1.28 -1 -1 -1 -1 2.11 2.51 4.98 18.00 2.19 7.41 -0.10
