Car 0.00 0 1.80 -1 -1 -1 -1 2.08 2.36 4.48 -3.59 2.19 12.16 1.51
Car 0.00 0 -1.13 -1 -1 -1 -1 1.96 2.39 5.05 -3.53 2.20 7.29 -1.58
Car 0.00 0 -2.33 -1 -1 -1 -1 2.00 2.39 4.99 -3.28 2.22 -3.42 -1.57
Car 0.00 0 1.79 -1 -1 -1 -1 2.51 2.55 5.36 -3.63 2.24 17.26 1.59
Car 0.00 0 -1.68 -1 -1 -1 -1 2.10 2.52 5.15 -2.88 2.03 -23.32 -1.56
Car 0.00 0 -2.36 -1 -1 -1 -1 2.02 2.35 4.74 3.75 2.30 3.99 -1.60
Car 0.00 0 -2.04 -1 -1 -1 -1 2.13 2.46 4.69 3.71 2.27 9.15 -1.66
Car 0.00 0 -1.86 -1 -1 -1 -1 2.02 2.48 5.26 3.71 2.31 14.68 -1.61
Car 0.00 0 2.65 -1 -1 -1 -1 1.93 2.31 4.50 4.07 2.22 -1.90 1.52
Car 0.00 0 2.06 -1 -1 -1 -1 1.99 2.20 3.90 4.57 2.21 -7.96 1.54
Car 0.00 0 1.42 -1 -1 -1 -1 2.39 2.59 5.42 -2.64 2.22 -29.05 1.51
Car 0.00 0 -1.44 -1 -1 -1 -1 2.18 2.41 4.79 -3.55 2.28 24.60 -1.58
