Car 0.00 0 -1.31 -1 -1 -1 -1 2.18 2.41 4.79 -3.14 2.23 12.01 -1.57
Car 0.00 0 2.18 -1 -1 -1 -1 2.51 2.55 5.36 -3.29 2.15 4.80 1.58
Car 0.00 0 0.07 -1 -1 -1 -1 2.08 2.36 4.48 -3.42 2.19 -0.25 1.57
Car 0.00 0 -1.81 -1 -1 -1 -1 2.00 2.39 4.99 -3.20 2.17 -15.47 -1.61
Car 0.00 0 -2.72 -1 -1 -1 -1 2.02 2.48 5.26 3.89 2.17 1.94 -1.61
Car 0.00 0 1.80 -1 -1 -1 -1 1.93 2.31 4.50 4.03 2.18 -14.43 1.53
Car 0.00 0 -0.83 -1 -1 -1 -1 2.13 2.46 4.69 3.85 2.17 -3.75 -1.63
Car 0.00 0 -1.16 -1 -1 -1 -1 2.02 2.35 4.74 3.85 2.19 -8.56 -1.58
Car 0.00 0 -2.11 -1 -1 -1 -1 1.96 2.39 5.05 -3.39 2.23 -5.62 -1.56
Car 0.00 0 1.77 -1 -1 -1 -1 1.99 2.20 3.90 4.43 2.37 -20.69 1.56
Car 0.00 0 -1.39 -1 -1 -1 -1 2.11 2.37 4.73 -3.15 2.24 17.07 -1.58
Car 0.00 0 -1.43 -1 -1 -1 -1 2.32 2.46 5.51 -3.20 2.28 23.11 -1.57
