Car 0.00 0 -2.18 -1 -1 -1 -1 3.37 3.50 8.83 -3.24 2.07 -4.50 -1.56
Car 0.00 0 1.96 -1 -1 -1 -1 1.95 2.65 5.03 7.57 2.35 -21.00 1.61
Car 0.00 0 2.52 -1 -1 -1 -1 2.33 2.67 5.17 7.86 2.35 -5.82 1.58
Car 0.00 0 -3.04 -1 -1 -1 -1 2.14 2.45 5.55 7.90 2.40 0.80 -1.57
Car 0.00 0 -2.13 -1 -1 -1 -1 2.07 2.26 4.67 8.28 2.55 13.51 -1.58
Car 0.00 0 1.22 -1 -1 -1 -1 2.25 2.47 5.82 8.18 2.62 19.87 1.61
Car 0.00 0 -1.27 -1 -1 -1 -1 2.03 2.50 5.35 7.45 2.33 -27.07 -1.54
Car 0.00 0 -1.54 -1 -1 -1 -1 1.96 2.31 4.13 -17.15 1.35 2.36 -2.97
Car 0.00 0 -1.68 -1 -1 -1 -1 1.95 2.25 3.94 -16.45 1.36 4.85 -2.96
Car 0.00 0 2.87 -1 -1 -1 -1 1.96 2.28 4.52 -15.73 1.44 8.26 1.78
Car 0.00 0 -0.70 -1 -1 -1 -1 1.97 2.20 4.21 -9.46 1.59 8.93 -1.52
Car 0.00 0 -0.10 -1 -1 -1 -1 2.13 2.39 4.38 -10.15 1.62 13.44 -0.75
Car 0.00 0 2.70 -1 -1 -1 -1 2.16 2.26 4.31 -10.26 1.72 17.59 2.17
