Car 0.00 0 -1.75 -1 -1 -1 -1 2.09 2.37 4.80 -3.65 1.90 -26.21 -1.61
Car 0.00 0 -1.40 -1 -1 -1 -1 2.09 2.41 5.01 3.23 1.89 -25.81 -1.53
Car 0.00 0 1.83 -1 -1 -1 -1 2.47 2.74 5.64 3.65 2.05 -15.18 1.60
Car 0.00 0 -1.77 -1 -1 -1 -1 1.97 2.34 4.44 -3.65 1.85 -20.81 -1.60
Car 0.00 0 -1.80 -1 -1 -1 -1 2.10 2.41 4.72 -3.40 1.93 -15.42 -1.58
Car 0.00 0 1.25 -1 -1 -1 -1 2.29 2.56 5.41 -3.57 2.11 -10.17 1.59
Car 0.00 0 -1.22 -1 -1 -1 -1 2.12 2.34 4.40 3.65 2.17 -9.64 -1.58
Car 0.00 0 -0.99 -1 -1 -1 -1 2.05 2.38 4.67 3.59 2.19 -5.28 -1.59
Car 0.00 0 -2.97 -1 -1 -1 -1 2.33 2.56 5.14 3.83 2.23 0.59 -1.56
Car 0.00 0 -0.19 -1 -1 -1 -1 2.26 2.41 4.90 -3.51 2.19 0.78 -1.54
Car 0.00 0 -1.91 -1 -1 -1 -1 2.62 2.74 5.80 3.59 2.36 11.39 -1.61
Car 0.00 0 -1.03 -1 -1 -1 -1 2.01 2.47 5.22 -3.42 2.23 5.96 -1.55
Car 0.00 0 -1.30 -1 -1 -1 -1 2.05 2.44 5.08 -3.34 2.29 11.76 -1.58
Car 0.00 0 -1.41 -1 -1 -1 -1 1.98 2.44 4.97 -3.37 2.39 25.77 -1.54
