Car 0.00 0 -1.72 -1 -1 -1 -1 2.54 2.83 5.61 -4.87 1.69 -19.97 -1.48
Car 0.00 0 -1.34 -1 -1 -1 -1 2.03 2.51 5.10 2.14 1.78 -20.35 -1.44
Car 0.00 0 -1.33 -1 -1 -1 -1 2.20 2.51 5.04 2.71 1.96 -14.80 -1.51
Car 0.00 0 1.95 -1 -1 -1 -1 2.03 2.39 4.90 3.30 2.11 -9.65 1.62
Car 0.00 0 -0.52 -1 -1 -1 -1 1.99 2.33 4.53 4.22 2.22 -3.16 -1.45
Car 0.00 0 0.87 -1 -1 -1 -1 2.14 2.59 5.12 -2.96 2.06 -3.02 1.64
Car 0.00 0 -3.96 -1 -1 -1 -1 2.39 2.61 5.11 -12.84 1.92 -9.96 -3.05
Car 0.00 0 -1.70 -1 -1 -1 -1 2.06 2.47 4.42 -4.25 1.83 -15.02 -1.43
Car 0.00 0 -3.39 -1 -1 -1 -1 2.41 2.47 4.83 -11.08 1.72 -27.67 -3.01
Car 0.00 0 -1.56 -1 -1 -1 -1 2.10 2.49 5.46 -2.18 1.51 -26.94 -1.48
