Car 0.00 0 -1.17 -1 -1 -1 -1 2.36 2.62 5.46 2.47 2.12 -6.24 -1.55
Car 0.00 0 -0.95 -1 -1 -1 -1 2.12 2.41 4.70 -2.38 2.16 3.63 -1.53
Car 0.00 0 -1.56 -1 -1 -1 -1 2.16 2.47 4.85 -0.16 1.99 -19.83 -1.55
Car 0.00 0 -0.43 -1 -1 -1 -1 2.10 2.25 4.18 2.61 2.20 -1.16 -1.58
Car 0.00 0 -1.84 -1 -1 -1 -1 1.99 2.26 4.46 2.42 2.33 8.74 -1.57
Car 0.00 0 -1.40 -1 -1 -1 -1 1.90 2.35 4.94 -2.42 2.31 13.84 -1.57
Car 0.00 0 -1.85 -1 -1 -1 -1 1.90 2.43 4.69 -2.33 2.12 -8.46 -1.58
Car 0.00 0 -1.70 -1 -1 -1 -1 2.04 2.47 4.78 2.41 2.55 24.65 -1.60
Car 0.00 0 -1.42 -1 -1 -1 -1 2.02 2.25 4.14 -2.62 2.43 23.06 -1.54
Car 0.00 0 -1.47 -1 -1 -1 -1 2.00 2.43 4.96 2.49 2.09 -20.36 -1.59
