Car 0.00 0 1.82 -1 -1 -1 -1 2.03 2.39 4.90 0.91 1.63 -22.11 1.78
Car 0.00 0 -1.14 -1 -1 -1 -1 1.99 2.33 4.53 2.82 1.88 -15.84 -1.31
Car 0.00 0 1.51 -1 -1 -1 -1 2.14 2.59 5.12 -4.29 1.74 -14.30 1.81
Car 0.00 0 -0.66 -1 -1 -1 -1 2.22 2.53 5.17 19.19 2.91 12.98 0.31
Car 0.00 0 -1.42 -1 -1 -1 -1 2.10 2.49 5.46 -1.55 1.73 -15.22 -1.32
Car 0.00 0 -1.37 -1 -1 -1 -1 2.20 2.51 5.04 -0.26 1.28 -27.13 -1.36
Car 0.00 0 0.24 -1 -1 -1 -1 2.08 2.64 5.14 -3.53 2.78 24.33 0.09
Car 0.00 0 0.52 -1 -1 -1 -1 2.06 2.60 5.04 -10.94 2.71 24.39 0.10
Car 0.00 0 0.64 -1 -1 -1 -1 2.28 2.48 4.92 -15.88 2.74 24.57 0.07
Car 0.00 0 0.76 -1 -1 -1 -1 2.10 2.41 4.71 -20.27 2.76 24.86 0.07
