Car 0.00 0 -1.80 -1 -1 -1 -1 2.25 2.55 5.42 -5.37 2.13 -14.78 -1.45
Car 0.00 0 -1.24 -1 -1 -1 -1 2.01 2.54 5.31 2.39 2.13 -10.72 -1.46
Car 0.00 0 -0.14 -1 -1 -1 -1 2.06 2.55 5.03 -3.64 2.23 1.05 -1.43
Car 0.00 0 -1.05 -1 -1 -1 -1 2.11 2.52 5.05 2.94 2.22 -5.87 -1.51
Car 0.00 0 -1.89 -1 -1 -1 -1 2.00 2.54 4.93 -4.83 2.18 -9.29 -1.41
Car 0.00 0 -0.34 -1 -1 -1 -1 2.05 2.43 4.35 3.38 2.24 -1.06 -1.61
Car 0.00 0 -0.94 -1 -1 -1 -1 2.23 2.49 4.50 -3.22 2.31 5.57 -1.47
Car 0.00 0 -2.24 -1 -1 -1 -1 2.02 2.56 5.60 3.75 2.28 4.16 -1.50
Car 0.00 0 -0.74 -1 -1 -1 -1 2.16 2.46 5.23 -0.90 2.30 12.03 -0.82
Car 0.00 0 1.23 -1 -1 -1 -1 2.50 2.65 5.07 4.75 2.38 11.55 1.62
Car 0.00 0 -4.17 -1 -1 -1 -1 2.00 2.36 4.40 -9.66 2.21 -3.57 -2.96
Car 0.00 0 1.48 -1 -1 -1 -1 1.94 2.50 4.66 -6.68 2.10 -27.44 1.72
Car 0.00 0 -1.37 -1 -1 -1 -1 2.33 2.62 5.58 -1.75 2.49 17.25 -1.47
Car 0.00 0 -3.56 -1 -1 -1 -1 2.27 2.35 4.84 -11.99 2.53 -19.84 -3.01
Car 0.00 0 -2.47 -1 -1 -1 -1 2.20 2.35 5.51 -7.67 2.41 10.47 -3.10
Car 0.00 0 -2.52 -1 -1 -1 -1 2.09 2.29 4.32 -7.94 2.30 12.74 -3.08
Car 0.00 0 -1.73 -1 -1 -1 -1 2.08 2.51 4.72 6.10 2.40 24.85 -1.49
Car 0.00 0 -2.73 -1 -1 -1 -1 2.41 2.47 4.83 -6.70 2.37 22.92 -3.02
Car 0.00 0 -3.41 -1 -1 -1 -1 2.19 2.43 4.62 8.50 2.24 17.78 -2.96
