Car 0.00 0 -1.81 -1 -1 -1 -1 2.25 2.55 5.42 -5.09 2.14 -14.35 -1.47
Car 0.00 0 -1.23 -1 -1 -1 -1 2.01 2.54 5.31 2.59 2.11 -10.11 -1.48
Car 0.00 0 -0.27 -1 -1 -1 -1 2.06 2.55 5.03 -3.69 2.23 1.53 -1.45
Car 0.00 0 -1.01 -1 -1 -1 -1 2.11 2.52 5.05 3.03 2.21 -5.26 -1.53
Car 0.00 0 -1.92 -1 -1 -1 -1 2.00 2.54 4.93 -4.66 2.19 -8.85 -1.43
Car 0.00 0 -0.19 -1 -1 -1 -1 2.05 2.43 4.35 3.37 2.20 -0.46 -1.63
Car 0.00 0 -0.98 -1 -1 -1 -1 2.23 2.49 4.50 -3.37 2.31 6.06 -1.49
Car 0.00 0 -2.17 -1 -1 -1 -1 2.02 2.56 5.60 3.63 2.27 4.78 -1.52
Car 0.00 0 -0.75 -1 -1 -1 -1 2.16 2.46 5.23 -0.98 2.29 12.80 -0.82
Car 0.00 0 1.25 -1 -1 -1 -1 2.50 2.65 5.07 4.48 2.36 12.19 1.60
Car 0.00 0 -4.23 -1 -1 -1 -1 2.00 2.36 4.40 -9.62 2.23 -3.22 -2.98
Car 0.00 0 1.47 -1 -1 -1 -1 1.94 2.50 4.66 -6.12 2.10 -27.01 1.70
Car 0.00 0 -3.57 -1 -1 -1 -1 2.27 2.35 4.84 -11.59 2.54 -19.52 -3.03
Car 0.00 0 -2.49 -1 -1 -1 -1 2.20 2.35 5.51 -7.92 2.42 10.88 -3.12
Car 0.00 0 -2.54 -1 -1 -1 -1 2.09 2.29 4.32 -8.24 2.31 13.14 -3.10
Car 0.00 0 -1.72 -1 -1 -1 -1 2.08 2.51 4.72 5.53 2.39 25.54 -1.51
Car 0.00 0 -2.74 -1 -1 -1 -1 2.41 2.47 4.83 -7.22 2.39 23.34 -3.04
Car 0.00 0 -3.40 -1 -1 -1 -1 2.19 2.43 4.62 8.08 2.22 18.53 -2.98
