Car 0.00 0 -1.83 -1 -1 -1 -1 2.27 2.74 5.80 -4.52 2.11 -13.99 -1.52
Car 0.00 0 0.34 -1 -1 -1 -1 2.11 2.69 5.28 6.16 2.11 -15.47 -0.04
Car 0.00 0 -2.62 -1 -1 -1 -1 2.04 2.33 4.92 5.41 2.33 -12.16 -3.04
Car 0.00 0 0.52 -1 -1 -1 -1 2.13 2.19 4.46 5.68 2.33 -9.63 -0.01
Car 0.00 0 0.72 -1 -1 -1 -1 2.04 2.32 4.54 5.84 2.29 -6.78 0.01
Car 0.00 0 0.83 -1 -1 -1 -1 2.05 2.36 4.36 5.63 2.23 -4.48 -0.07
Car 0.00 0 4.28 -1 -1 -1 -1 1.93 2.23 4.41 5.29 2.25 -2.16 3.10
Car 0.00 0 1.50 -1 -1 -1 -1 1.96 2.45 4.86 4.99 2.29 -0.02 -0.07
Car 0.00 0 1.86 -1 -1 -1 -1 1.84 2.45 4.50 4.69 2.28 2.25 2.99
Car 0.00 0 2.28 -1 -1 -1 -1 1.99 2.46 4.53 4.83 2.33 4.85 3.06
Car 0.00 0 -1.00 -1 -1 -1 -1 2.40 2.51 5.18 -4.01 2.21 6.57 -1.55
Car 0.00 0 0.09 -1 -1 -1 -1 2.09 2.36 4.40 11.73 2.93 1.74 1.51
Car 0.00 0 2.49 -1 -1 -1 -1 2.07 2.47 4.48 4.95 2.30 7.26 3.09
Car 0.00 0 2.58 -1 -1 -1 -1 1.94 2.50 4.97 5.48 2.28 9.89 3.08
Car 0.00 0 2.67 -1 -1 -1 -1 1.87 2.45 4.56 4.44 2.34 12.17 3.02
Car 0.00 0 -0.48 -1 -1 -1 -1 2.02 2.40 4.27 4.94 2.33 14.35 -0.15
Car 0.00 0 2.70 -1 -1 -1 -1 2.07 2.65 4.95 4.38 2.31 16.66 2.95
Car 0.00 0 -2.81 -1 -1 -1 -1 2.08 2.43 5.13 5.70 2.33 -20.59 -3.08
Car 0.00 0 -2.75 -1 -1 -1 -1 2.10 2.64 5.17 6.00 2.31 -18.12 -3.07
Car 0.00 0 2.89 -1 -1 -1 -1 1.96 2.49 4.89 4.42 2.33 21.45 3.10
Car 0.00 0 2.90 -1 -1 -1 -1 2.05 2.36 5.09 4.38 2.33 26.12 3.07
