Car 0.00 0 -1.76 -1 -1 -1 -1 2.24 2.55 4.93 -2.36 2.41 -28.24 -1.68
Car 0.00 0 -1.75 -1 -1 -1 -1 2.61 2.72 5.47 -2.84 2.29 -22.35 -1.63
Car 0.00 0 -1.41 -1 -1 -1 -1 2.62 2.57 5.10 5.09 2.46 -27.88 -1.59
Car 0.00 0 -1.80 -1 -1 -1 -1 2.83 2.58 5.62 -2.88 2.24 -15.50 -1.62
Car 0.00 0 -1.38 -1 -1 -1 -1 2.09 2.43 4.76 4.55 2.39 -22.64 -1.58
Car 0.00 0 0.35 -1 -1 -1 -1 1.99 2.21 4.12 13.65 2.37 -21.11 -0.22
Car 0.00 0 -1.16 -1 -1 -1 -1 1.98 2.39 4.38 -2.97 2.18 8.00 -1.52
Car 0.00 0 -2.20 -1 -1 -1 -1 1.96 2.59 4.91 3.93 2.34 5.05 -1.54
Car 0.00 0 -1.93 -1 -1 -1 -1 2.29 2.55 4.81 4.23 2.32 11.36 -1.57
Car 0.00 0 -1.77 -1 -1 -1 -1 2.43 2.55 4.93 4.39 2.28 21.65 -1.57
Car 0.00 0 -1.88 -1 -1 -1 -1 2.01 2.27 4.11 4.40 2.24 16.58 -1.62
Car 0.00 0 -1.75 -1 -1 -1 -1 2.13 2.64 5.21 4.31 2.24 26.68 -1.59
Car 0.00 0 1.70 -1 -1 -1 -1 2.39 2.59 5.28 -2.67 2.23 29.34 1.61
Car 0.00 0 -2.71 -1 -1 -1 -1 1.95 2.30 4.41 -9.31 1.78 21.91 -3.11
