Car 0.00 0 -0.98 -1 -1 -1 -1 2.17 2.56 4.80 6.01 2.50 6.01 -0.20
Car 0.00 0 -1.51 -1 -1 -1 -1 3.06 3.16 7.00 2.15 2.07 -6.09 -1.84
Car 0.00 0 3.77 -1 -1 -1 -1 2.11 2.69 5.28 8.19 2.18 -7.99 2.98
Car 0.00 0 0.76 -1 -1 -1 -1 2.10 2.64 5.17 7.56 2.20 -5.39 -0.20
Car 0.00 0 0.50 -1 -1 -1 -1 1.93 2.31 5.31 9.36 2.16 -10.72 -0.22
Car 0.00 0 0.95 -1 -1 -1 -1 2.08 2.43 5.13 7.11 2.36 -2.63 -0.27
Car 0.00 0 0.19 -1 -1 -1 -1 2.16 2.44 4.69 -9.64 2.69 21.00 -0.24
Car 0.00 0 3.54 -1 -1 -1 -1 2.05 2.34 4.93 9.37 2.17 -13.26 2.93
Car 0.00 0 3.36 -1 -1 -1 -1 2.14 2.49 4.90 10.04 2.14 -18.57 2.87
Car 0.00 0 0.25 -1 -1 -1 -1 2.28 2.36 4.75 -9.27 2.38 24.03 -0.12
Car 0.00 0 0.91 -1 -1 -1 -1 2.02 2.25 4.71 11.77 3.48 24.73 1.35
