Car 0.00 0 -0.73 -1 -1 -1 -1 2.55 2.59 5.80 -12.96 2.21 -14.10 0.01
Car 0.00 0 1.14 -1 -1 -1 -1 2.11 2.30 4.72 21.16 2.90 -7.63 -0.08
Car 0.00 0 -1.25 -1 -1 -1 -1 2.34 2.49 4.70 21.81 3.10 7.17 0.00
Car 0.00 0 0.84 -1 -1 -1 -1 2.01 2.20 4.31 -13.12 2.45 12.41 0.03
Car 0.00 0 4.49 -1 -1 -1 -1 2.13 2.67 4.98 22.19 3.05 -4.66 3.12
Car 0.00 0 2.10 -1 -1 -1 -1 2.04 2.40 4.88 22.32 3.24 14.67 3.09
Car 0.00 0 2.21 -1 -1 -1 -1 1.98 2.43 4.96 22.27 3.28 17.35 3.12
Car 0.00 0 -3.91 -1 -1 -1 -1 1.97 2.31 4.47 22.72 3.31 21.47 -3.10
Car 0.00 0 -1.62 -1 -1 -1 -1 2.34 2.52 4.93 -13.04 2.31 1.44 -3.08
Car 0.00 0 0.91 -1 -1 -1 -1 2.20 2.56 5.02 20.73 2.87 -23.10 0.18
Car 0.00 0 -3.07 -1 -1 -1 -1 2.17 2.41 5.25 -16.43 2.33 -1.61 -1.59
