Car 0.00 0 -1.49 -1 -1 -1 -1 2.17 2.56 4.80 -1.18 2.22 12.18 -1.58
Car 0.00 0 -1.60 -1 -1 -1 -1 3.06 3.16 7.00 -0.14 2.09 -8.23 -1.58
Car 0.00 0 0.16 -1 -1 -1 -1 1.98 2.36 4.92 4.34 2.02 -19.12 -0.06
Car 0.00 0 0.38 -1 -1 -1 -1 2.26 2.53 4.79 4.22 2.02 -11.92 0.04
Car 0.00 0 -2.23 -1 -1 -1 -1 2.41 2.45 4.94 -4.02 2.22 -5.10 -1.56
Car 0.00 0 1.04 -1 -1 -1 -1 2.15 2.41 4.73 4.45 2.11 -2.78 0.02
Car 0.00 0 0.43 -1 -1 -1 -1 2.32 2.44 4.93 4.72 2.03 -9.49 -0.03
Car 0.00 0 -2.54 -1 -1 -1 -1 2.13 2.36 4.60 4.56 2.09 -7.18 -3.10
Car 0.00 0 0.81 -1 -1 -1 -1 1.97 2.22 3.91 5.22 2.15 -5.08 0.01
Car 0.00 0 1.57 -1 -1 -1 -1 2.24 2.26 4.27 5.26 2.17 -0.29 0.05
Car 0.00 0 -1.23 -1 -1 -1 -1 2.21 2.41 4.76 5.59 2.20 2.05 -0.01
Car 0.00 0 -0.91 -1 -1 -1 -1 2.00 2.36 4.28 5.49 2.23 4.65 -0.05
Car 0.00 0 2.44 -1 -1 -1 -1 2.00 2.59 5.17 5.24 2.29 7.17 3.07
Car 0.00 0 -0.67 -1 -1 -1 -1 2.01 2.20 4.23 5.42 2.33 9.26 -0.14
Car 0.00 0 2.58 -1 -1 -1 -1 2.14 2.49 4.90 4.72 2.29 11.51 2.97
Car 0.00 0 0.34 -1 -1 -1 -1 2.13 2.37 4.55 4.72 2.11 -14.32 0.02
Car 0.00 0 3.22 -1 -1 -1 -1 2.31 2.42 4.95 14.36 2.73 -0.33 1.67
Car 0.00 0 2.71 -1 -1 -1 -1 2.01 2.46 5.23 4.95 2.25 14.00 3.05
Car 0.00 0 2.70 -1 -1 -1 -1 2.05 2.34 4.93 5.49 2.28 16.68 3.01
Car 0.00 0 2.84 -1 -1 -1 -1 2.11 2.69 5.28 5.82 2.28 22.46 3.09
Car 0.00 0 -0.32 -1 -1 -1 -1 1.93 2.31 5.31 6.28 2.27 19.34 -0.01
