Car 0.00 0 -1.56 -1 -1 -1 -1 2.16 2.47 4.85 -0.18 2.10 -18.19 -1.55
Car 0.00 0 -1.42 -1 -1 -1 -1 2.04 2.47 4.78 2.38 2.15 -15.73 -1.57
Car 0.00 0 -1.74 -1 -1 -1 -1 2.02 2.25 4.14 -2.58 2.12 -17.53 -1.60
Car 0.00 0 -1.91 -1 -1 -1 -1 2.19 2.39 4.67 -2.39 2.10 -6.99 -1.58
Car 0.00 0 -1.03 -1 -1 -1 -1 2.03 2.41 4.72 2.36 2.21 -4.11 -1.55
Car 0.00 0 -0.44 -1 -1 -1 -1 2.23 2.51 4.81 -2.42 2.24 1.14 -1.57
Car 0.00 0 -2.79 -1 -1 -1 -1 2.02 2.26 4.62 2.42 2.24 0.96 -1.59
Car 0.00 0 -1.88 -1 -1 -1 -1 2.03 2.42 4.56 2.26 2.29 7.19 -1.58
Car 0.00 0 -1.34 -1 -1 -1 -1 2.06 2.42 4.11 -2.50 2.30 11.28 -1.56
Car 0.00 0 -1.76 -1 -1 -1 -1 2.05 2.43 4.26 2.35 2.28 17.12 -1.62
Car 0.00 0 -1.66 -1 -1 -1 -1 1.90 2.35 4.94 -2.42 2.17 -26.74 -1.57
