Car 0.00 0 -0.32 -1 -1 -1 -1 2.18 2.41 4.79 -3.13 2.17 1.08 -1.56
Car 0.00 0 1.14 -1 -1 -1 -1 2.51 2.55 5.36 -3.25 1.96 -6.74 1.59
Car 0.00 0 1.29 -1 -1 -1 -1 2.08 2.36 4.48 -3.36 1.81 -11.46 1.58
Car 0.00 0 -1.07 -1 -1 -1 -1 2.11 2.37 4.73 -3.25 2.37 6.04 -1.57
Car 0.00 0 -1.19 -1 -1 -1 -1 2.02 2.48 5.26 4.00 1.86 -9.07 -1.60
Car 0.00 0 -1.36 -1 -1 -1 -1 2.13 2.46 4.69 4.00 1.62 -14.89 -1.62
Car 0.00 0 -1.41 -1 -1 -1 -1 2.26 2.61 4.91 -3.04 2.74 18.43 -1.57
Car 0.00 0 -1.75 -1 -1 -1 -1 1.96 2.39 5.05 -3.40 1.69 -16.80 -1.55
Car 0.00 0 -1.29 -1 -1 -1 -1 2.32 2.46 5.51 -3.22 2.55 12.01 -1.55
Car 0.00 0 1.68 -1 -1 -1 -1 1.93 2.31 4.50 4.17 1.21 -25.69 1.52
Car 0.00 0 -1.39 -1 -1 -1 -1 2.02 2.35 4.74 3.93 1.46 -19.59 -1.59
Car 0.00 0 -1.40 -1 -1 -1 -1 2.00 2.29 4.60 -2.97 2.85 25.13 -1.52
