Car 0.00 0 -3.33 -1 -1 -1 -1 2.42 2.64 5.10 -8.39 0.99 -30.60 -3.06
Car 0.00 0 1.13 -1 -1 -1 -1 1.93 2.25 4.47 -14.39 0.82 -25.81 1.64
Car 0.00 0 -2.04 -1 -1 -1 -1 1.96 2.21 4.46 -16.66 0.84 -25.50 -1.46
Car 0.00 0 -4.11 -1 -1 -1 -1 2.01 2.46 4.71 12.95 2.74 7.53 -3.07
Car 0.00 0 2.19 -1 -1 -1 -1 2.22 2.47 4.80 13.57 2.71 9.98 3.13
Car 0.00 0 -0.94 -1 -1 -1 -1 1.94 2.27 4.36 25.21 3.45 9.42 0.28
Car 0.00 0 -0.43 -1 -1 -1 -1 2.13 2.49 5.14 14.18 3.02 24.84 0.09
Car 0.00 0 -0.95 -1 -1 -1 -1 1.88 2.16 4.23 -23.12 0.83 -13.09 0.11
Car 0.00 0 -0.71 -1 -1 -1 -1 2.42 2.36 4.62 28.00 3.55 21.45 0.21
Car 0.00 0 -1.16 -1 -1 -1 -1 1.98 2.36 4.65 23.02 3.21 4.48 0.22
