Car 0.00 0 0.12 -1 -1 -1 -1 2.55 2.59 5.80 -21.80 1.96 5.54 -1.20
Car 0.00 0 -0.01 -1 -1 -1 -1 2.09 2.19 4.37 17.41 2.40 -7.05 -1.20
Car 0.00 0 -0.08 -1 -1 -1 -1 1.97 2.48 4.99 8.13 2.79 16.08 0.38
Car 0.00 0 1.67 -1 -1 -1 -1 2.23 2.55 5.01 10.31 3.76 29.13 2.01
Car 0.00 0 0.87 -1 -1 -1 -1 2.50 2.60 5.60 -14.45 2.77 24.81 0.34
Car 0.00 0 -1.48 -1 -1 -1 -1 2.12 2.46 4.70 -1.77 1.83 -19.10 -1.38
Car 0.00 0 -1.16 -1 -1 -1 -1 2.09 2.52 5.10 -14.61 2.14 -0.67 0.37
Car 0.00 0 -0.02 -1 -1 -1 -1 2.62 2.87 6.02 20.48 2.35 -8.47 -1.20
Car 0.00 0 -1.51 -1 -1 -1 -1 2.62 3.03 5.71 -3.20 1.42 -26.21 -1.39
Car 0.00 0 1.37 -1 -1 -1 -1 2.17 2.55 4.65 19.06 3.65 25.25 2.02
Car 0.00 0 -1.90 -1 -1 -1 -1 2.08 2.51 4.54 23.40 3.65 23.64 -1.12
