Car 0.00 0 -3.82 -1 -1 -1 -1 2.17 2.56 4.80 -5.88 2.02 -4.94 -2.95
Car 0.00 0 -4.09 -1 -1 -1 -1 2.08 2.43 5.13 4.75 2.33 0.99 -2.73
Car 0.00 0 -0.96 -1 -1 -1 -1 2.27 2.74 5.80 -0.98 2.32 11.94 -1.04
Car 0.00 0 -3.84 -1 -1 -1 -1 2.10 2.64 5.17 6.27 2.33 3.31 -2.75
Car 0.00 0 -0.61 -1 -1 -1 -1 2.11 2.69 5.28 7.48 2.36 5.45 0.34
Car 0.00 0 -3.59 -1 -1 -1 -1 2.04 2.33 4.92 8.27 2.43 8.73 -2.83
Car 0.00 0 -0.45 -1 -1 -1 -1 2.13 2.19 4.46 9.68 2.40 10.65 0.28
Car 0.00 0 -2.61 -1 -1 -1 -1 2.16 2.44 4.69 3.62 3.00 -28.15 -2.74
Car 0.00 0 -1.77 -1 -1 -1 -1 2.22 2.93 5.39 -19.32 2.11 -24.14 -1.09
Car 0.00 0 -0.31 -1 -1 -1 -1 2.04 2.32 4.54 11.08 2.44 13.20 0.39
Car 0.00 0 -0.36 -1 -1 -1 -1 2.05 2.36 4.36 11.98 2.44 15.34 0.30
Car 0.00 0 -3.49 -1 -1 -1 -1 1.93 2.23 4.41 12.66 2.54 17.58 -2.86
Car 0.00 0 -0.32 -1 -1 -1 -1 1.96 2.45 4.86 13.35 2.57 19.64 0.28
