Car 0.00 0 -1.41 -1 -1 -1 -1 2.40 2.51 5.13 3.79 2.09 -22.37 -1.58
Car 0.00 0 -1.70 -1 -1 -1 -1 2.11 2.42 4.72 -3.63 1.96 -22.57 -1.54
Car 0.00 0 -1.74 -1 -1 -1 -1 2.00 2.36 5.12 -3.49 2.03 -16.97 -1.54
Car 0.00 0 -1.84 -1 -1 -1 -1 2.04 2.37 5.06 -3.34 2.07 -11.12 -1.55
Car 0.00 0 1.78 -1 -1 -1 -1 2.15 2.42 4.63 3.33 2.15 -14.41 1.55
Car 0.00 0 -2.40 -1 -1 -1 -1 3.18 2.60 5.58 -3.29 2.16 -2.89 -1.55
Car 0.00 0 -0.68 -1 -1 -1 -1 2.17 2.47 5.09 -3.35 2.25 2.83 -1.55
Car 0.00 0 1.94 -1 -1 -1 -1 2.08 2.47 4.75 -3.17 2.28 7.94 1.56
Car 0.00 0 1.53 -1 -1 -1 -1 2.41 2.46 4.62 16.51 2.60 -1.25 0.03
Car 0.00 0 -1.27 -1 -1 -1 -1 2.03 2.44 4.76 16.93 2.64 5.18 0.01
Car 0.00 0 -1.29 -1 -1 -1 -1 2.10 2.40 5.04 22.30 2.69 5.08 0.05
Car 0.00 0 -1.60 -1 -1 -1 -1 2.03 2.51 5.00 -0.30 1.95 -25.59 -1.59
Car 0.00 0 -2.58 -1 -1 -1 -1 1.98 2.29 4.33 -9.03 2.11 15.20 -3.12
Car 0.00 0 0.64 -1 -1 -1 -1 2.31 2.62 5.24 -9.84 2.10 12.79 -0.02
Car 0.00 0 1.70 -1 -1 -1 -1 2.27 2.40 5.01 -2.98 2.43 20.03 1.55
Car 0.00 0 -1.75 -1 -1 -1 -1 1.95 2.42 5.02 4.25 2.78 25.22 -1.58
