Car 0.00 0 -1.16 -1 -1 -1 -1 2.18 2.41 4.79 -3.18 2.60 7.38 -1.57
Car 0.00 0 0.05 -1 -1 -1 -1 2.51 2.55 5.36 -3.25 2.10 -0.15 1.58
Car 0.00 0 0.97 -1 -1 -1 -1 2.08 2.36 4.48 -3.39 1.93 -4.99 1.57
Car 0.00 0 -1.33 -1 -1 -1 -1 2.11 2.37 4.73 -3.19 2.86 12.54 -1.57
Car 0.00 0 -0.62 -1 -1 -1 -1 2.02 2.48 5.26 4.01 2.13 -2.64 -1.61
Car 0.00 0 1.73 -1 -1 -1 -1 1.93 2.31 4.50 4.04 1.28 -19.20 1.53
Car 0.00 0 -1.20 -1 -1 -1 -1 2.13 2.46 4.69 3.91 1.84 -8.39 -1.63
Car 0.00 0 -1.30 -1 -1 -1 -1 2.02 2.35 4.74 3.88 1.61 -13.25 -1.58
Car 0.00 0 -1.88 -1 -1 -1 -1 1.96 2.39 5.05 -3.42 1.77 -10.29 -1.56
Car 0.00 0 -1.39 -1 -1 -1 -1 2.32 2.46 5.51 -3.17 3.13 18.50 -1.56
Car 0.00 0 -1.77 -1 -1 -1 -1 2.00 2.39 4.99 -3.21 1.16 -20.10 -1.61
Car 0.00 0 1.73 -1 -1 -1 -1 1.99 2.20 3.90 4.41 0.91 -25.18 1.56
Car 0.00 0 -1.45 -1 -1 -1 -1 2.26 2.61 4.91 -2.92 3.46 24.93 -1.57
