Car 0.00 0 -1.88 -1 -1 -1 -1 2.23 2.48 4.89 1.53 2.09 -10.24 -2.03
Car 0.00 0 2.18 -1 -1 -1 -1 3.21 2.96 7.85 10.89 2.61 -1.98 0.78
Car 0.00 0 1.53 -1 -1 -1 -1 2.36 2.56 5.29 13.44 2.66 -7.26 0.46
Car 0.00 0 0.42 -1 -1 -1 -1 2.29 2.48 5.26 6.64 2.57 5.00 1.34
Car 0.00 0 1.02 -1 -1 -1 -1 2.48 2.75 5.57 3.44 2.29 6.57 1.50
Car 0.00 0 2.81 -1 -1 -1 -1 2.06 2.50 5.26 4.93 2.29 -0.47 1.34
Car 0.00 0 1.42 -1 -1 -1 -1 2.04 2.37 4.74 3.89 2.30 14.32 1.68
Car 0.00 0 1.39 -1 -1 -1 -1 2.00 2.43 4.17 4.70 2.34 19.97 1.63
Car 0.00 0 1.35 -1 -1 -1 -1 2.23 2.36 4.60 -10.30 1.63 -19.14 1.84
Car 0.00 0 3.44 -1 -1 -1 -1 3.07 2.59 6.01 24.26 3.35 -23.77 2.64
Car 0.00 0 1.89 -1 -1 -1 -1 2.29 2.37 4.60 8.03 2.38 -4.22 0.81
Car 0.00 0 -0.44 -1 -1 -1 -1 2.03 2.46 4.54 12.53 2.59 16.52 0.21
