Car 0.00 0 -1.83 -1 -1 -1 -1 2.39 2.65 5.45 -3.56 2.08 -16.94 -1.62
Car 0.00 0 -2.14 -1 -1 -1 -1 2.06 2.57 4.95 -3.95 2.27 -5.96 -1.56
Car 0.00 0 1.84 -1 -1 -1 -1 2.13 2.51 4.86 6.90 2.11 -19.59 1.50
Car 0.00 0 -2.97 -1 -1 -1 -1 2.07 2.57 4.96 -4.04 2.29 -0.76 -1.58
Car 0.00 0 0.88 -1 -1 -1 -1 2.04 2.40 4.95 4.66 2.37 6.86 1.48
Car 0.00 0 2.11 -1 -1 -1 -1 2.51 2.53 5.98 -4.19 2.33 6.48 1.54
Car 0.00 0 -1.26 -1 -1 -1 -1 2.41 2.60 4.93 -4.40 2.43 13.33 -1.58
Car 0.00 0 1.16 -1 -1 -1 -1 1.99 2.37 4.44 6.73 2.61 16.41 1.55
Car 0.00 0 1.24 -1 -1 -1 -1 2.08 2.37 4.86 6.79 2.72 22.15 1.54
Car 0.00 0 -1.33 -1 -1 -1 -1 2.01 2.18 5.02 -4.48 2.52 20.75 -1.54
Car 0.00 0 -1.40 -1 -1 -1 -1 2.02 2.24 4.32 -4.64 2.56 25.14 -1.58
