Car 0.00 0 1.79 -1 -1 -1 -1 2.47 2.74 5.64 3.62 1.90 -19.01 1.60
Car 0.00 0 1.34 -1 -1 -1 -1 2.29 2.56 5.41 -3.59 2.01 -13.97 1.60
Car 0.00 0 -1.31 -1 -1 -1 -1 2.12 2.34 4.40 3.65 2.05 -13.40 -1.58
Car 0.00 0 -1.21 -1 -1 -1 -1 2.05 2.38 4.67 3.60 2.08 -9.06 -1.59
Car 0.00 0 -0.66 -1 -1 -1 -1 2.33 2.56 5.14 3.84 2.18 -3.11 -1.55
Car 0.00 0 -2.38 -1 -1 -1 -1 2.26 2.41 4.90 -3.50 2.16 -3.09 -1.54
Car 0.00 0 -2.01 -1 -1 -1 -1 2.62 2.74 5.80 3.62 2.28 7.63 -1.57
Car 0.00 0 -0.55 -1 -1 -1 -1 2.01 2.47 5.22 -3.37 2.17 2.19 -1.55
Car 0.00 0 -1.18 -1 -1 -1 -1 2.05 2.44 5.08 -3.30 2.30 8.03 -1.57
Car 0.00 0 -1.39 -1 -1 -1 -1 1.98 2.44 4.97 -3.28 2.45 21.98 -1.54
Car 0.00 0 -1.42 -1 -1 -1 -1 2.09 2.41 5.01 3.16 1.79 -29.60 -1.52
Car 0.00 0 -1.76 -1 -1 -1 -1 2.10 2.41 4.72 -3.43 1.90 -19.19 -1.58
Car 0.00 0 1.70 -1 -1 -1 -1 1.94 2.50 4.66 -3.08 2.38 27.27 1.59
Car 0.00 0 -0.73 -1 -1 -1 -1 2.41 2.52 5.13 16.87 2.25 18.19 0.02
