Car 0.00 0 -2.07 -1 -1 -1 -1 2.09 2.37 4.80 -3.61 2.11 -7.38 -1.61
Car 0.00 0 -1.10 -1 -1 -1 -1 2.09 2.41 5.01 3.29 2.05 -7.02 -1.53
Car 0.00 0 -2.29 -1 -1 -1 -1 2.47 2.74 5.64 3.55 2.23 3.85 -1.54
Car 0.00 0 -2.68 -1 -1 -1 -1 1.97 2.34 4.44 -3.67 2.18 -1.80 -1.57
Car 0.00 0 -0.77 -1 -1 -1 -1 2.10 2.41 4.72 -3.45 2.38 3.25 -1.59
Car 0.00 0 1.98 -1 -1 -1 -1 2.29 2.56 5.41 -3.62 2.44 8.61 1.58
Car 0.00 0 -2.01 -1 -1 -1 -1 2.12 2.34 4.40 3.63 2.34 9.03 -1.63
Car 0.00 0 -1.85 -1 -1 -1 -1 2.05 2.38 4.67 3.54 2.40 13.39 -1.59
Car 0.00 0 -1.77 -1 -1 -1 -1 2.33 2.56 5.14 3.79 2.34 19.43 -1.58
Car 0.00 0 -1.36 -1 -1 -1 -1 2.26 2.41 4.90 -3.67 2.49 19.38 -1.55
Car 0.00 0 -1.40 -1 -1 -1 -1 2.01 2.47 5.22 -3.52 2.49 24.84 -1.54
Car 0.00 0 -0.37 -1 -1 -1 -1 2.03 2.29 4.36 13.69 2.17 -4.55 -1.62
Car 0.00 0 -0.31 -1 -1 -1 -1 2.12 2.28 4.38 16.48 2.24 -4.78 -1.59
Car 0.00 0 -0.28 -1 -1 -1 -1 2.26 2.34 4.49 19.23 2.21 -5.09 -1.60
