Car 0.00 0 -1.93 -1 -1 -1 -1 2.09 2.37 4.80 -3.64 2.04 -10.95 -1.61
Car 0.00 0 -1.23 -1 -1 -1 -1 2.09 2.41 5.01 3.24 1.99 -10.50 -1.53
Car 0.00 0 -3.04 -1 -1 -1 -1 2.47 2.74 5.64 3.57 2.21 0.28 -1.54
Car 0.00 0 -2.19 -1 -1 -1 -1 1.97 2.34 4.44 -3.65 2.16 -5.48 -1.60
Car 0.00 0 -3.09 -1 -1 -1 -1 2.10 2.41 4.72 -3.42 2.23 -0.25 -1.59
Car 0.00 0 2.18 -1 -1 -1 -1 2.29 2.56 5.41 -3.63 2.33 5.08 1.56
Car 0.00 0 -2.22 -1 -1 -1 -1 2.12 2.34 4.40 3.63 2.30 5.43 -1.63
Car 0.00 0 -1.94 -1 -1 -1 -1 2.05 2.38 4.67 3.53 2.38 9.75 -1.60
Car 0.00 0 -1.82 -1 -1 -1 -1 2.33 2.56 5.14 3.76 2.35 15.81 -1.58
Car 0.00 0 -1.32 -1 -1 -1 -1 2.26 2.41 4.90 -3.64 2.43 15.85 -1.54
Car 0.00 0 -1.75 -1 -1 -1 -1 2.62 2.74 5.80 3.32 2.38 26.62 -1.63
Car 0.00 0 -1.38 -1 -1 -1 -1 2.01 2.47 5.22 -3.58 2.44 21.20 -1.54
Car 0.00 0 -1.44 -1 -1 -1 -1 2.05 2.44 5.08 -3.46 2.42 26.86 -1.57
Car 0.00 0 -0.72 -1 -1 -1 -1 1.93 2.15 4.10 10.89 2.05 -8.43 -1.63
Car 0.00 0 -0.58 -1 -1 -1 -1 2.03 2.29 4.36 13.74 2.17 -8.05 -1.62
