Car 0.00 0 -1.46 -1 -1 -1 -1 2.12 2.46 4.70 -1.01 1.84 -18.23 -1.40
Car 0.00 0 0.06 -1 -1 -1 -1 2.62 2.87 6.02 21.00 2.22 -5.47 -1.25
Car 0.00 0 0.06 -1 -1 -1 -1 2.55 2.59 5.80 -22.15 2.08 5.87 -1.25
Car 0.00 0 0.07 -1 -1 -1 -1 2.09 2.19 4.37 17.61 2.34 -4.74 -1.24
Car 0.00 0 1.89 -1 -1 -1 -1 2.09 2.52 5.10 -14.64 2.23 0.13 0.33
Car 0.00 0 0.70 -1 -1 -1 -1 1.97 2.48 4.99 -9.55 2.70 23.54 0.32
Car 0.00 0 1.52 -1 -1 -1 -1 2.20 2.56 5.07 14.11 3.61 28.82 1.98
Car 0.00 0 -1.52 -1 -1 -1 -1 2.62 3.03 5.71 -2.39 1.44 -26.69 -1.43
Car 0.00 0 1.40 -1 -1 -1 -1 2.17 2.55 4.65 17.93 3.51 27.67 1.97
Car 0.00 0 -1.86 -1 -1 -1 -1 2.08 2.51 4.54 22.33 3.49 26.23 -1.16
