Car 0.00 0 -1.66 -1 -1 -1 -1 2.17 2.56 4.80 3.68 2.47 8.92 -1.27
Car 0.00 0 3.16 -1 -1 -1 -1 3.06 3.16 7.00 0.14 2.15 -6.29 3.14
Car 0.00 0 3.42 -1 -1 -1 -1 2.11 2.69 5.28 12.79 2.19 -4.58 2.19
Car 0.00 0 0.28 -1 -1 -1 -1 2.10 2.64 5.17 10.65 2.16 -3.26 -0.99
Car 0.00 0 0.33 -1 -1 -1 -1 2.08 2.43 5.13 8.24 2.26 -1.66 -1.05
Car 0.00 0 0.38 -1 -1 -1 -1 2.16 2.44 4.69 -20.19 2.17 3.35 -1.02
Car 0.00 0 1.08 -1 -1 -1 -1 2.22 2.93 5.39 -13.37 3.10 25.42 0.60
Car 0.00 0 -0.76 -1 -1 -1 -1 2.27 2.74 5.80 19.84 3.05 3.06 0.65
Car 0.00 0 0.41 -1 -1 -1 -1 2.28 2.36 4.75 -22.04 2.11 5.67 -0.90
Car 0.00 0 0.94 -1 -1 -1 -1 2.02 2.25 4.71 -7.61 3.04 21.19 0.60
Car 0.00 0 3.28 -1 -1 -1 -1 2.01 2.46 5.23 19.63 2.20 -9.42 2.16
Car 0.00 0 3.19 -1 -1 -1 -1 2.14 2.49 4.90 21.70 2.18 -10.86 2.08
