Car 0.00 0 -1.41 -1 -1 -1 -1 2.05 2.43 4.35 2.81 1.98 -16.84 -1.57
Car 0.00 0 -1.91 -1 -1 -1 -1 2.23 2.49 4.50 -4.21 2.17 -10.65 -1.54
Car 0.00 0 -1.33 -1 -1 -1 -1 2.02 2.56 5.60 2.88 2.06 -11.40 -1.58
Car 0.00 0 -1.98 -1 -1 -1 -1 2.16 2.46 5.23 -3.91 2.24 -5.59 -1.37
Car 0.00 0 2.30 -1 -1 -1 -1 2.50 2.65 5.07 3.29 2.15 -3.87 1.60
Car 0.00 0 -4.30 -1 -1 -1 -1 2.09 2.29 4.32 -9.49 2.27 -3.98 -3.13
Car 0.00 0 -0.29 -1 -1 -1 -1 2.33 2.62 5.58 -3.87 2.26 1.29 -1.53
Car 0.00 0 -1.91 -1 -1 -1 -1 2.08 2.51 4.72 3.54 2.35 9.30 -1.55
Car 0.00 0 -2.16 -1 -1 -1 -1 2.41 2.47 4.83 -9.00 2.26 6.51 -3.10
Car 0.00 0 -1.32 -1 -1 -1 -1 2.54 2.83 5.61 -3.42 2.48 14.62 -1.55
Car 0.00 0 -1.82 -1 -1 -1 -1 2.06 2.55 5.03 -4.20 2.09 -15.15 -1.55
Car 0.00 0 -1.79 -1 -1 -1 -1 2.03 2.51 5.10 3.70 2.37 14.56 -1.54
Car 0.00 0 -4.05 -1 -1 -1 -1 2.20 2.35 5.51 -9.06 2.28 -6.06 -3.06
Car 0.00 0 -2.28 -1 -1 -1 -1 1.91 2.19 4.22 -9.25 2.29 8.56 -3.10
Car 0.00 0 -1.79 -1 -1 -1 -1 2.20 2.51 5.04 3.82 2.43 20.09 -1.61
Car 0.00 0 -4.28 -1 -1 -1 -1 2.19 2.43 4.62 6.39 2.18 2.27 -3.05
Car 0.00 0 -1.46 -1 -1 -1 -1 2.11 2.52 5.05 2.83 2.06 -21.59 -1.59
Car 0.00 0 -1.67 -1 -1 -1 -1 2.00 2.54 4.93 -4.68 2.06 -25.68 -1.49
Car 0.00 0 -1.50 -1 -1 -1 -1 2.01 2.54 5.31 2.74 1.99 -26.40 -1.61
Car 0.00 0 -1.35 -1 -1 -1 -1 2.06 2.47 4.42 -3.21 2.43 19.35 -1.51
