Car 0.00 0 -1.56 -1 -1 -1 -1 2.33 2.51 5.04 -1.56 2.08 -29.01 -1.51
Car 0.00 0 -1.12 -1 -1 -1 -1 2.31 2.63 5.24 5.43 2.36 -18.35 -1.41
Car 0.00 0 2.04 -1 -1 -1 -1 2.29 2.55 4.93 5.88 2.39 -12.27 1.60
Car 0.00 0 2.29 -1 -1 -1 -1 2.21 2.60 5.19 5.76 2.48 -6.67 1.58
Car 0.00 0 2.91 -1 -1 -1 -1 2.32 2.44 4.71 5.63 2.50 -1.41 1.59
Car 0.00 0 -2.43 -1 -1 -1 -1 2.38 2.61 5.85 5.48 2.49 4.53 -1.55
Car 0.00 0 1.11 -1 -1 -1 -1 2.47 2.55 5.07 6.05 2.64 11.45 1.60
Car 0.00 0 1.22 -1 -1 -1 -1 2.55 2.59 5.12 6.12 2.69 16.71 1.57
Car 0.00 0 1.80 -1 -1 -1 -1 2.29 2.63 5.19 5.77 2.49 -25.82 1.58
Car 0.00 0 1.33 -1 -1 -1 -1 1.95 2.51 5.05 6.24 2.69 22.36 1.61
Car 0.00 0 -1.78 -1 -1 -1 -1 2.24 2.53 4.71 6.41 2.84 28.96 -1.56
