Car 0.00 0 -1.55 -1 -1 -1 -1 2.12 2.77 5.28 0.59 1.99 -13.51 -1.59
Car 0.00 0 -0.94 -1 -1 -1 -1 2.48 2.48 4.91 10.40 2.55 12.57 -0.25
Car 0.00 0 1.92 -1 -1 -1 -1 2.14 2.50 5.08 4.68 2.15 -14.05 1.59
Car 0.00 0 3.67 -1 -1 -1 -1 3.15 3.32 6.84 6.16 2.32 -0.05 2.10
Car 0.00 0 1.19 -1 -1 -1 -1 2.27 2.49 3.57 9.06 2.51 4.27 2.32
Car 0.00 0 1.14 -1 -1 -1 -1 2.54 2.69 5.27 19.88 2.77 22.79 1.85
Car 0.00 0 1.75 -1 -1 -1 -1 1.95 2.51 4.74 4.47 2.02 -27.72 1.59
Car 0.00 0 -2.03 -1 -1 -1 -1 2.20 2.34 4.97 -25.66 1.50 14.09 -3.10
Car 0.00 0 -2.24 -1 -1 -1 -1 2.01 2.39 4.85 22.30 2.70 22.30 -1.45
Car 0.00 0 -2.68 -1 -1 -1 -1 2.69 2.87 5.23 30.21 3.00 23.09 -1.76
