Car 0.00 0 -2.24 -1 -1 -1 -1 2.18 2.41 4.79 -3.08 2.00 -3.88 -1.57
Car 0.00 0 1.31 -1 -1 -1 -1 2.51 2.55 5.36 -3.16 1.90 -11.52 1.57
Car 0.00 0 1.37 -1 -1 -1 -1 2.08 2.36 4.48 -3.20 1.82 -16.29 1.57
Car 0.00 0 -0.39 -1 -1 -1 -1 2.11 2.37 4.73 -3.29 2.21 1.31 -1.58
Car 0.00 0 -1.32 -1 -1 -1 -1 2.02 2.48 5.26 4.20 1.92 -13.79 -1.61
Car 0.00 0 -1.42 -1 -1 -1 -1 2.13 2.46 4.69 4.22 1.78 -19.61 -1.64
Car 0.00 0 -1.34 -1 -1 -1 -1 2.26 2.61 4.91 -3.19 2.40 13.72 -1.57
Car 0.00 0 -1.71 -1 -1 -1 -1 1.96 2.39 5.05 -3.13 1.77 -21.57 -1.57
Car 0.00 0 -1.13 -1 -1 -1 -1 2.32 2.46 5.51 -3.37 2.30 7.29 -1.57
Car 0.00 0 -1.42 -1 -1 -1 -1 1.98 2.33 5.00 -3.23 2.59 24.58 -1.55
Car 0.00 0 -1.37 -1 -1 -1 -1 2.00 2.29 4.60 -3.23 2.52 20.34 -1.53
