Car 0.00 0 -1.41 -1 -1 -1 -1 2.18 2.41 4.79 -3.28 2.36 20.17 -1.57
Car 0.00 0 1.83 -1 -1 -1 -1 2.51 2.55 5.36 -3.37 2.25 12.80 1.57
Car 0.00 0 1.98 -1 -1 -1 -1 2.08 2.36 4.48 -3.45 2.22 7.85 1.56
Car 0.00 0 -2.01 -1 -1 -1 -1 2.00 2.39 4.99 -3.17 2.13 -7.51 -1.61
Car 0.00 0 -1.98 -1 -1 -1 -1 2.02 2.48 5.26 3.87 2.34 9.96 -1.61
Car 0.00 0 2.09 -1 -1 -1 -1 1.93 2.31 4.50 4.01 2.19 -6.34 1.52
Car 0.00 0 -2.33 -1 -1 -1 -1 2.13 2.46 4.69 3.80 2.30 4.57 -1.64
Car 0.00 0 -0.14 -1 -1 -1 -1 2.02 2.35 4.74 3.81 2.27 -0.46 -1.59
Car 0.00 0 -0.66 -1 -1 -1 -1 1.96 2.39 5.05 -3.46 2.15 2.69 -1.57
Car 0.00 0 -1.66 -1 -1 -1 -1 2.10 2.52 5.15 -3.13 1.96 -27.75 -1.55
Car 0.00 0 1.90 -1 -1 -1 -1 1.99 2.20 3.90 4.47 2.18 -12.49 1.55
