Car 0.00 0 -1.46 -1 -1 -1 -1 2.28 2.70 5.19 -0.81 1.95 -12.73 -1.40
Car 0.00 0 -1.00 -1 -1 -1 -1 2.02 2.37 4.65 8.56 2.36 -21.09 -1.39
Car 0.00 0 2.17 -1 -1 -1 -1 2.24 2.68 5.10 11.44 2.36 -22.65 1.71
Car 0.00 0 3.25 -1 -1 -1 -1 1.97 2.44 4.87 3.84 2.27 -0.09 1.70
Car 0.00 0 -1.63 -1 -1 -1 -1 3.44 3.24 7.72 4.49 2.56 26.16 -1.46
Car 0.00 0 -2.53 -1 -1 -1 -1 2.35 2.49 6.77 14.33 2.70 -29.55 -2.98
Car 0.00 0 1.15 -1 -1 -1 -1 1.94 2.31 4.53 -12.12 1.35 -5.36 2.30
Car 0.00 0 -2.07 -1 -1 -1 -1 2.30 2.35 4.56 -15.12 1.29 -4.87 -0.82
Car 0.00 0 1.41 -1 -1 -1 -1 2.32 2.77 5.27 8.58 2.63 29.38 1.69
Car 0.00 0 -1.50 -1 -1 -1 -1 2.33 2.69 5.82 -4.14 1.64 -28.99 -1.36
