Car 0.00 0 -1.67 -1 -1 -1 -1 2.09 2.53 4.74 -3.95 2.04 -18.52 -1.46
Car 0.00 0 3.33 -1 -1 -1 -1 1.97 2.50 5.21 9.93 2.11 -9.78 2.53
Car 0.00 0 3.44 -1 -1 -1 -1 1.82 2.55 4.85 9.97 2.25 -6.43 2.44
Car 0.00 0 -1.63 -1 -1 -1 -1 2.00 2.25 4.18 17.87 2.50 -6.11 -2.87
Car 0.00 0 -1.65 -1 -1 -1 -1 2.23 2.44 4.40 18.44 2.49 -1.95 -3.11
Car 0.00 0 -3.41 -1 -1 -1 -1 2.05 2.45 4.69 11.85 2.45 4.45 -2.20
Car 0.00 0 -1.55 -1 -1 -1 -1 2.28 2.46 4.59 19.06 2.55 0.76 -0.02
Car 0.00 0 -3.19 -1 -1 -1 -1 2.09 2.52 5.17 12.52 2.50 7.86 -2.18
Car 0.00 0 2.92 -1 -1 -1 -1 2.06 2.46 4.73 8.61 2.17 -18.72 2.49
Car 0.00 0 3.05 -1 -1 -1 -1 1.90 2.23 4.39 8.53 2.19 -16.10 2.56
Car 0.00 0 3.16 -1 -1 -1 -1 1.84 2.33 4.68 9.19 2.17 -13.20 2.55
Car 0.00 0 1.25 -1 -1 -1 -1 2.29 2.46 5.23 -8.96 1.85 4.05 0.11
