Car 0.00 0 1.83 -1 -1 -1 -1 2.00 2.44 4.91 -0.61 1.21 -23.78 1.85
Car 0.00 0 1.53 -1 -1 -1 -1 2.00 2.37 4.95 -5.23 1.59 -15.76 1.85
Car 0.00 0 -1.16 -1 -1 -1 -1 2.02 2.23 4.15 1.67 1.51 -17.56 -1.25
Car 0.00 0 -1.52 -1 -1 -1 -1 2.16 2.47 4.85 -0.90 1.89 -8.21 -1.41
Car 0.00 0 -1.86 -1 -1 -1 -1 2.46 2.50 5.43 -21.80 1.81 12.02 -2.93
Car 0.00 0 -0.99 -1 -1 -1 -1 2.32 2.58 5.23 26.64 3.22 8.28 0.28
Car 0.00 0 0.71 -1 -1 -1 -1 2.22 2.60 4.73 -9.91 2.39 15.88 0.15
Car 0.00 0 0.22 -1 -1 -1 -1 2.11 2.58 5.13 -2.40 3.18 22.72 0.12
Car 0.00 0 0.49 -1 -1 -1 -1 2.17 2.46 5.08 -9.82 3.06 23.18 0.09
Car 0.00 0 0.80 -1 -1 -1 -1 2.17 2.48 4.79 -19.17 2.95 24.23 0.13
Car 0.00 0 -1.45 -1 -1 -1 -1 2.16 2.50 4.65 -3.41 1.24 -19.31 -1.27
