Car 0.00 0 -1.46 -1 -1 -1 -1 2.12 2.46 4.70 -1.06 1.77 -18.35 -1.41
Car 0.00 0 0.08 -1 -1 -1 -1 2.62 2.87 6.02 21.01 2.26 -4.95 -1.26
Car 0.00 0 0.02 -1 -1 -1 -1 2.55 2.59 5.80 -22.12 2.06 6.58 -1.26
Car 0.00 0 0.09 -1 -1 -1 -1 2.09 2.19 4.37 17.66 2.37 -4.28 -1.25
Car 0.00 0 1.85 -1 -1 -1 -1 2.09 2.52 5.10 -14.65 2.20 0.57 0.32
Car 0.00 0 0.90 -1 -1 -1 -1 1.97 2.48 4.99 -19.13 2.72 27.00 0.29
Car 0.00 0 1.53 -1 -1 -1 -1 2.20 2.56 5.07 14.01 3.64 29.36 1.97
Car 0.00 0 -1.53 -1 -1 -1 -1 2.62 3.03 5.71 -2.56 1.34 -28.04 -1.43
Car 0.00 0 1.41 -1 -1 -1 -1 2.17 2.55 4.65 17.84 3.55 28.22 1.97
Car 0.00 0 -1.86 -1 -1 -1 -1 2.08 2.51 4.54 22.24 3.53 26.79 -1.16
