Car 0.00 0 0.39 -1 -1 -1 -1 2.28 2.70 5.19 6.47 2.15 -9.89 -0.19
Car 0.00 0 -2.43 -1 -1 -1 -1 2.10 2.44 5.08 -0.50 3.08 -27.75 -2.41
Car 0.00 0 -1.43 -1 -1 -1 -1 2.09 2.37 4.80 -7.57 2.27 10.58 -2.05
Car 0.00 0 -1.89 -1 -1 -1 -1 2.09 2.41 5.01 -1.22 2.22 13.31 -1.99
Car 0.00 0 -1.73 -1 -1 -1 -1 2.47 2.74 5.64 -5.69 2.17 23.51 -1.97
Car 0.00 0 -2.68 -1 -1 -1 -1 2.23 2.32 4.90 -5.83 3.20 -28.65 -2.48
Car 0.00 0 -2.34 -1 -1 -1 -1 2.07 2.56 4.81 2.59 3.12 -26.76 -2.44
Car 0.00 0 -1.47 -1 -1 -1 -1 1.97 2.34 4.44 -9.78 2.20 15.27 -2.04
Car 0.00 0 -1.50 -1 -1 -1 -1 2.10 2.41 4.72 -11.77 2.15 19.80 -2.03
Car 0.00 0 1.64 -1 -1 -1 -1 2.29 2.56 5.41 -14.31 2.07 24.78 1.11
Car 0.00 0 -1.54 -1 -1 -1 -1 2.03 2.59 4.82 20.43 3.12 -23.20 -2.26
