Car 0.00 0 -1.48 -1 -1 -1 -1 2.17 2.56 4.80 -1.75 2.34 14.41 -1.60
Car 0.00 0 -1.64 -1 -1 -1 -1 3.06 3.16 7.00 -0.00 2.06 -8.35 -1.64
Car 0.00 0 0.24 -1 -1 -1 -1 2.23 2.58 5.38 4.78 2.06 -14.71 -0.07
Car 0.00 0 0.40 -1 -1 -1 -1 2.05 2.43 5.29 4.76 2.07 -9.69 -0.06
Car 0.00 0 0.58 -1 -1 -1 -1 2.05 2.31 4.30 4.77 2.14 -7.20 -0.01
Car 0.00 0 0.73 -1 -1 -1 -1 1.96 2.34 4.94 4.93 2.14 -5.03 -0.05
Car 0.00 0 0.97 -1 -1 -1 -1 1.98 2.36 4.92 4.73 2.19 -2.51 -0.11
Car 0.00 0 1.46 -1 -1 -1 -1 1.98 2.38 4.83 4.55 2.16 -0.20 -0.06
Car 0.00 0 -1.13 -1 -1 -1 -1 2.13 2.37 4.55 4.77 2.21 2.22 0.01
Car 0.00 0 -0.77 -1 -1 -1 -1 2.26 2.53 4.79 4.22 2.18 4.57 -0.02
Car 0.00 0 -1.25 -1 -1 -1 -1 2.41 2.45 4.94 -4.40 2.31 11.02 -1.63
Car 0.00 0 -0.29 -1 -1 -1 -1 2.15 2.41 4.73 3.91 2.31 13.64 -0.01
Car 0.00 0 -0.64 -1 -1 -1 -1 2.32 2.44 4.93 4.52 2.19 7.20 -0.08
Car 0.00 0 2.50 -1 -1 -1 -1 2.13 2.36 4.60 4.11 2.22 9.66 2.90
Car 0.00 0 -0.41 -1 -1 -1 -1 1.97 2.22 3.91 4.80 2.33 11.52 -0.01
