Car 0.00 0 -1.83 -1 -1 -1 -1 1.98 2.44 4.97 -3.83 2.15 -15.63 -1.59
Car 0.00 0 1.17 -1 -1 -1 -1 1.94 2.50 4.66 -3.89 2.18 -10.52 1.52
Car 0.00 0 -0.57 -1 -1 -1 -1 2.25 2.55 5.42 -4.11 2.29 2.51 -1.59
Car 0.00 0 -1.98 -1 -1 -1 -1 2.01 2.54 5.31 2.96 2.28 7.07 -1.59
Car 0.00 0 -1.34 -1 -1 -1 -1 2.06 2.55 5.03 -4.40 2.43 18.01 -1.58
Car 0.00 0 -1.03 -1 -1 -1 -1 2.01 2.29 4.51 -10.36 2.34 -6.10 0.01
Car 0.00 0 -1.84 -1 -1 -1 -1 2.11 2.52 5.05 2.90 2.35 12.23 -1.61
Car 0.00 0 -1.01 -1 -1 -1 -1 2.00 2.54 4.93 -4.42 2.35 7.51 -1.54
Car 0.00 0 -1.91 -1 -1 -1 -1 2.05 2.43 4.35 2.76 2.35 17.09 -1.75
Car 0.00 0 -1.39 -1 -1 -1 -1 2.23 2.49 4.50 -4.66 2.50 22.77 -1.59
Car 0.00 0 3.79 -1 -1 -1 -1 2.00 2.36 4.40 -10.02 2.50 12.98 3.13
Car 0.00 0 -1.70 -1 -1 -1 -1 2.05 2.44 5.08 -3.32 2.23 -29.50 -1.59
Car 0.00 0 0.71 -1 -1 -1 -1 2.41 2.52 5.13 16.48 1.93 -19.06 -0.00
Car 0.00 0 -4.37 -1 -1 -1 -1 2.27 2.35 4.84 -10.17 2.47 -3.60 -3.14
Car 0.00 0 -1.74 -1 -1 -1 -1 2.02 2.56 5.60 2.58 2.31 22.20 -1.63
