Car 0.00 0 2.02 -1 -1 -1 -1 2.74 2.71 5.52 -27.02 2.62 -23.60 2.88
Car 0.00 0 2.21 -1 -1 -1 -1 2.09 2.63 4.91 -17.25 2.49 -21.91 2.88
Car 0.00 0 -1.82 -1 -1 -1 -1 2.03 2.51 5.00 4.88 2.22 -7.69 -2.38
Car 0.00 0 -2.68 -1 -1 -1 -1 1.97 2.38 5.01 -3.16 2.75 -27.92 -2.57
Car 0.00 0 -1.48 -1 -1 -1 -1 2.17 2.42 4.96 -8.40 2.16 10.92 -2.13
Car 0.00 0 1.36 -1 -1 -1 -1 2.43 2.79 5.50 -7.55 2.04 23.81 1.05
Car 0.00 0 3.82 -1 -1 -1 -1 2.07 2.41 5.07 16.31 2.62 -12.08 2.89
Car 0.00 0 3.19 -1 -1 -1 -1 2.21 2.39 4.84 5.11 2.52 -14.70 2.86
Car 0.00 0 -1.97 -1 -1 -1 -1 1.98 2.51 5.02 -2.34 2.16 14.16 -2.13
Car 0.00 0 -2.40 -1 -1 -1 -1 2.07 2.79 5.57 1.81 3.13 -26.82 -2.47
Car 0.00 0 -1.16 -1 -1 -1 -1 2.23 2.57 5.04 -17.14 2.16 -14.54 -0.30
Car 0.00 0 -1.51 -1 -1 -1 -1 2.05 2.42 4.23 -10.98 2.05 15.22 -2.13
Car 0.00 0 1.63 -1 -1 -1 -1 2.28 2.48 5.39 -16.51 1.92 24.66 1.04
