Car 0.00 0 -1.60 -1 -1 -1 -1 2.56 2.91 5.85 -0.61 2.05 -11.67 -1.55
Car 0.00 0 2.10 -1 -1 -1 -1 2.30 2.89 6.16 7.58 2.27 -14.30 1.61
Car 0.00 0 0.35 -1 -1 -1 -1 2.41 2.68 5.95 7.61 2.28 2.53 1.60
Car 0.00 0 0.25 -1 -1 -1 -1 3.22 2.93 6.83 13.00 2.67 4.76 1.47
Car 0.00 0 -2.44 -1 -1 -1 -1 3.01 2.83 5.95 12.38 2.69 12.23 -1.65
Car 0.00 0 1.13 -1 -1 -1 -1 2.64 2.93 5.94 10.98 2.75 27.34 1.51
Car 0.00 0 2.96 -1 -1 -1 -1 2.52 2.62 5.17 13.53 2.69 -2.01 1.54
Car 0.00 0 2.45 -1 -1 -1 -1 2.14 2.59 5.39 13.99 2.65 -11.69 1.58
Car 0.00 0 2.58 -1 -1 -1 -1 2.15 2.62 5.37 13.48 2.65 -6.75 1.47
Car 0.00 0 -2.22 -1 -1 -1 -1 2.16 2.64 5.67 11.93 2.75 18.47 -1.64
Car 0.00 0 -1.59 -1 -1 -1 -1 3.37 3.50 8.83 -2.67 1.84 -21.20 -1.47
