Car 0.00 0 -1.47 -1 -1 -1 -1 2.03 2.51 5.00 0.01 1.93 -10.88 -1.47
Car 0.00 0 -0.89 -1 -1 -1 -1 2.17 2.42 4.96 -3.85 2.23 4.09 -1.64
Car 0.00 0 1.34 -1 -1 -1 -1 2.43 2.79 5.50 2.61 2.31 15.37 1.51
Car 0.00 0 -3.09 -1 -1 -1 -1 2.07 2.41 5.07 -3.52 2.15 -25.17 -2.95
Car 0.00 0 -3.43 -1 -1 -1 -1 2.21 2.39 4.84 -11.84 2.26 -23.16 -2.96
Car 0.00 0 -0.60 -1 -1 -1 -1 2.23 2.57 5.04 -12.68 2.02 -16.32 0.06
Car 0.00 0 -2.22 -1 -1 -1 -1 1.98 2.51 5.02 3.01 2.21 4.38 -1.62
Car 0.00 0 -1.22 -1 -1 -1 -1 2.05 2.42 4.23 -4.22 2.31 9.21 -1.65
Car 0.00 0 -1.35 -1 -1 -1 -1 2.12 2.34 4.68 -4.36 2.35 14.20 -1.64
Car 0.00 0 1.75 -1 -1 -1 -1 2.28 2.48 5.39 -4.97 2.36 19.69 1.50
Car 0.00 0 1.08 -1 -1 -1 -1 2.22 2.41 4.59 11.46 2.05 15.20 1.73
Car 0.00 0 -1.82 -1 -1 -1 -1 2.06 2.34 4.21 2.26 2.22 20.55 -1.71
Car 0.00 0 -2.49 -1 -1 -1 -1 2.16 2.48 4.74 15.12 1.90 -28.55 -2.98
