Car 0.00 0 -1.49 -1 -1 -1 -1 2.17 2.56 4.80 -1.53 2.23 14.06 -1.60
Car 0.00 0 -1.61 -1 -1 -1 -1 3.06 3.16 7.00 -0.17 2.06 -8.47 -1.59
Car 0.00 0 0.22 -1 -1 -1 -1 2.05 2.43 5.29 4.57 2.06 -15.49 -0.07
Car 0.00 0 0.33 -1 -1 -1 -1 2.05 2.31 4.30 4.71 2.12 -13.05 -0.02
Car 0.00 0 0.36 -1 -1 -1 -1 1.96 2.34 4.94 4.82 2.10 -10.77 -0.06
Car 0.00 0 0.44 -1 -1 -1 -1 1.98 2.36 4.92 4.69 2.14 -8.38 -0.07
Car 0.00 0 0.60 -1 -1 -1 -1 1.98 2.38 4.83 4.65 2.12 -5.99 -0.06
Car 0.00 0 0.96 -1 -1 -1 -1 2.13 2.37 4.55 4.90 2.14 -3.45 -0.00
Car 0.00 0 1.29 -1 -1 -1 -1 2.26 2.53 4.79 4.27 2.19 -1.19 -0.01
Car 0.00 0 -0.99 -1 -1 -1 -1 2.41 2.45 4.94 -4.03 2.21 5.49 -1.62
Car 0.00 0 -0.49 -1 -1 -1 -1 2.15 2.41 4.73 4.30 2.22 7.81 0.02
Car 0.00 0 -1.38 -1 -1 -1 -1 2.32 2.44 4.93 4.75 2.20 1.12 -0.04
Car 0.00 0 2.18 -1 -1 -1 -1 2.13 2.36 4.60 4.53 2.13 3.54 3.09
Car 0.00 0 -0.74 -1 -1 -1 -1 1.97 2.22 3.91 5.14 2.21 5.68 -0.00
Car 0.00 0 -0.43 -1 -1 -1 -1 2.24 2.26 4.27 4.94 2.29 10.47 0.02
Car 0.00 0 -0.44 -1 -1 -1 -1 2.21 2.41 4.76 5.33 2.35 12.90 -0.04
Car 0.00 0 -0.43 -1 -1 -1 -1 2.00 2.36 4.28 5.17 2.30 15.44 -0.10
Car 0.00 0 2.74 -1 -1 -1 -1 2.00 2.59 5.17 4.80 2.29 17.99 3.00
Car 0.00 0 -0.41 -1 -1 -1 -1 2.01 2.20 4.23 5.07 2.33 20.00 -0.16
Car 0.00 0 2.75 -1 -1 -1 -1 2.14 2.49 4.90 4.33 2.27 22.23 2.94
