Car 0.00 0 1.72 -1 -1 -1 -1 2.08 2.36 4.48 -3.83 2.24 16.70 1.50
Car 0.00 0 -1.29 -1 -1 -1 -1 1.96 2.39 5.05 -3.70 2.22 11.81 -1.59
Car 0.00 0 -0.37 -1 -1 -1 -1 2.00 2.39 4.99 -3.27 2.20 1.21 -1.58
Car 0.00 0 1.75 -1 -1 -1 -1 2.51 2.55 5.36 -3.89 2.29 21.81 1.57
Car 0.00 0 -1.71 -1 -1 -1 -1 2.10 2.52 5.15 -2.65 1.97 -18.77 -1.57
Car 0.00 0 0.54 -1 -1 -1 -1 1.92 2.29 4.08 12.21 2.52 -16.15 -0.11
Car 0.00 0 -2.02 -1 -1 -1 -1 2.02 2.35 4.74 3.65 2.36 8.60 -1.62
Car 0.00 0 -1.92 -1 -1 -1 -1 2.13 2.46 4.69 3.53 2.38 13.77 -1.67
Car 0.00 0 -1.80 -1 -1 -1 -1 2.02 2.48 5.26 3.42 2.40 19.39 -1.62
Car 0.00 0 0.51 -1 -1 -1 -1 1.93 2.31 4.50 4.04 2.29 2.64 1.50
Car 0.00 0 2.48 -1 -1 -1 -1 1.99 2.20 3.90 4.60 2.24 -3.31 1.53
Car 0.00 0 1.41 -1 -1 -1 -1 2.39 2.59 5.42 -2.33 2.08 -24.54 1.50
Car 0.00 0 0.73 -1 -1 -1 -1 2.13 2.64 5.00 12.54 2.63 -10.98 -0.12
Car 0.00 0 -1.46 -1 -1 -1 -1 2.18 2.41 4.79 -3.90 2.32 29.13 -1.60
