Car 0.00 0 1.41 -1 -1 -1 -1 2.11 2.49 4.60 -2.78 1.90 -20.96 1.54
Car 0.00 0 -1.32 -1 -1 -1 -1 2.35 2.57 4.87 4.44 2.09 -18.14 -1.56
Car 0.00 0 -1.25 -1 -1 -1 -1 2.22 2.43 4.90 4.33 2.10 -12.84 -1.57
Car 0.00 0 1.22 -1 -1 -1 -1 2.23 2.43 4.84 -2.91 2.16 -9.24 1.52
Car 0.00 0 -1.08 -1 -1 -1 -1 2.17 2.58 5.03 4.18 2.19 -7.36 -1.60
Car 0.00 0 3.05 -1 -1 -1 -1 2.64 2.76 5.73 4.04 2.22 -0.41 1.58
Car 0.00 0 -2.53 -1 -1 -1 -1 1.95 2.25 4.28 -3.03 2.03 -2.01 -1.54
Car 0.00 0 1.96 -1 -1 -1 -1 2.62 2.75 5.56 -3.11 2.27 7.57 1.57
Car 0.00 0 -1.30 -1 -1 -1 -1 2.53 2.86 5.62 -3.20 2.25 13.31 -1.54
Car 0.00 0 -1.86 -1 -1 -1 -1 1.84 2.31 4.12 -10.21 1.75 3.65 -3.09
