Car 0.00 0 -2.91 -1 -1 -1 -1 1.99 2.46 4.53 4.94 2.03 -24.94 -3.11
Car 0.00 0 -1.69 -1 -1 -1 -1 2.40 2.51 5.18 -3.58 1.91 -22.53 -1.53
Car 0.00 0 -2.87 -1 -1 -1 -1 2.07 2.47 4.48 5.25 2.06 -22.51 -3.10
Car 0.00 0 -2.85 -1 -1 -1 -1 1.87 2.45 4.56 4.91 2.01 -17.68 -3.12
Car 0.00 0 0.31 -1 -1 -1 -1 2.02 2.40 4.27 5.20 2.06 -15.46 -0.01
Car 0.00 0 3.46 -1 -1 -1 -1 2.07 2.65 4.95 5.08 2.06 -13.00 3.09
Car 0.00 0 3.59 -1 -1 -1 -1 2.15 2.47 4.64 5.53 2.16 -10.58 3.11
Car 0.00 0 -2.58 -1 -1 -1 -1 1.96 2.49 4.89 5.13 2.19 -8.27 -3.13
Car 0.00 0 3.82 -1 -1 -1 -1 1.95 2.43 4.93 5.22 2.21 -5.84 3.09
Car 0.00 0 4.07 -1 -1 -1 -1 2.05 2.36 5.09 5.02 2.26 -3.39 3.09
Car 0.00 0 4.48 -1 -1 -1 -1 1.86 2.32 4.91 5.09 2.28 -0.95 3.09
Car 0.00 0 1.79 -1 -1 -1 -1 1.95 2.36 4.83 4.89 2.30 1.36 3.09
Car 0.00 0 0.86 -1 -1 -1 -1 3.55 3.24 7.30 8.79 2.73 17.01 1.33
Car 0.00 0 2.06 -1 -1 -1 -1 1.90 2.54 4.92 5.17 2.29 3.75 3.00
Car 0.00 0 2.36 -1 -1 -1 -1 1.93 2.43 4.44 5.24 2.30 6.25 3.06
Car 0.00 0 2.55 -1 -1 -1 -1 2.21 2.73 5.19 5.51 2.41 9.00 3.10
Car 0.00 0 -1.38 -1 -1 -1 -1 2.18 2.43 4.79 -3.59 2.30 13.62 -1.64
Car 0.00 0 0.10 -1 -1 -1 -1 1.96 2.45 4.86 5.09 1.96 -29.70 -0.07
Car 0.00 0 2.92 -1 -1 -1 -1 1.97 2.30 4.60 10.62 2.64 -2.42 1.57
