Car 0.00 0 -1.43 -1 -1 -1 -1 1.92 2.34 4.71 1.96 1.41 -26.15 -1.50
Car 0.00 0 -1.52 -1 -1 -1 -1 2.12 2.46 4.70 -0.37 1.70 -15.25 -1.50
Car 0.00 0 -2.51 -1 -1 -1 -1 2.62 2.87 6.02 20.49 2.97 8.88 -1.35
Car 0.00 0 1.18 -1 -1 -1 -1 2.09 2.52 5.10 -15.58 1.55 10.50 0.20
Car 0.00 0 -0.37 -1 -1 -1 -1 2.55 2.59 5.80 -23.53 1.38 15.83 -1.35
Car 0.00 0 -0.23 -1 -1 -1 -1 2.16 2.43 5.05 13.35 2.93 28.45 0.20
Car 0.00 0 -2.44 -1 -1 -1 -1 2.09 2.19 4.37 17.10 2.81 9.18 -1.37
Car 0.00 0 -2.63 -1 -1 -1 -1 2.39 2.36 4.34 22.70 2.94 7.92 -1.40
Car 0.00 0 -2.70 -1 -1 -1 -1 2.22 2.45 4.76 25.21 3.09 6.97 -1.40
Car 0.00 0 -4.46 -1 -1 -1 -1 1.99 2.27 4.80 29.22 3.27 3.06 -2.99
