Car 0.00 0 -2.08 -1 -1 -1 -1 2.34 2.52 4.93 -13.14 2.41 8.17 -3.09
Car 0.00 0 1.08 -1 -1 -1 -1 2.20 2.56 5.02 20.84 2.87 -16.11 0.17
Car 0.00 0 -2.31 -1 -1 -1 -1 2.07 2.50 4.99 20.61 2.80 -21.85 -3.07
Car 0.00 0 1.44 -1 -1 -1 -1 2.11 2.30 4.72 21.08 3.03 -0.72 -0.10
Car 0.00 0 -2.44 -1 -1 -1 -1 2.23 2.55 5.01 20.32 2.74 -29.57 -3.04
Car 0.00 0 -0.97 -1 -1 -1 -1 2.34 2.49 4.70 21.66 3.43 14.11 0.03
Car 0.00 0 0.61 -1 -1 -1 -1 2.01 2.20 4.31 -13.30 2.59 18.93 -0.00
Car 0.00 0 1.65 -1 -1 -1 -1 2.13 2.67 4.98 22.02 3.12 2.22 3.12
Car 0.00 0 -0.33 -1 -1 -1 -1 2.17 2.41 5.25 -16.49 2.49 5.09 -1.60
Car 0.00 0 -1.03 -1 -1 -1 -1 2.55 2.59 5.80 -12.77 2.23 -7.51 0.01
Car 0.00 0 -2.43 -1 -1 -1 -1 2.17 2.56 4.87 20.87 2.97 -24.53 -3.13
Car 0.00 0 0.81 -1 -1 -1 -1 2.09 2.52 5.10 -16.23 2.32 -16.08 1.60
Car 0.00 0 2.29 -1 -1 -1 -1 2.04 2.40 4.88 22.07 3.38 21.79 3.08
Car 0.00 0 2.38 -1 -1 -1 -1 1.98 2.43 4.96 22.01 3.49 24.48 3.11
Car 0.00 0 -3.78 -1 -1 -1 -1 1.97 2.31 4.47 22.40 3.54 28.60 -3.11
