Car 0.00 0 -1.57 -1 -1 -1 -1 2.23 2.48 4.89 0.07 2.03 -11.71 -1.57
Car 0.00 0 -1.60 -1 -1 -1 -1 2.59 2.66 4.81 0.00 2.48 19.85 -1.60
Car 0.00 0 -0.50 -1 -1 -1 -1 2.18 2.24 4.44 11.28 2.28 -6.81 -1.52
Car 0.00 0 1.78 -1 -1 -1 -1 2.07 2.43 4.91 3.07 2.08 -16.56 1.60
Car 0.00 0 -1.48 -1 -1 -1 -1 2.43 2.57 5.27 -3.03 2.53 22.64 -1.62
Car 0.00 0 1.39 -1 -1 -1 -1 2.20 2.48 4.60 3.07 2.54 19.93 1.54
Car 0.00 0 2.67 -1 -1 -1 -1 2.06 2.44 4.55 14.49 2.20 -7.55 1.58
Car 0.00 0 0.87 -1 -1 -1 -1 2.29 2.64 5.21 17.71 2.92 -14.17 -0.02
Car 0.00 0 -0.91 -1 -1 -1 -1 2.02 2.31 4.06 -13.08 1.51 12.66 -1.72
Car 0.00 0 -1.06 -1 -1 -1 -1 2.04 2.22 4.11 -10.52 1.52 13.49 -1.72
Car 0.00 0 2.27 -1 -1 -1 -1 1.91 2.16 3.89 -15.76 1.43 12.42 1.37
Car 0.00 0 1.03 -1 -1 -1 -1 2.25 2.50 4.53 -18.65 1.18 8.87 -0.10
Car 0.00 0 0.30 -1 -1 -1 -1 1.97 2.14 4.24 -11.67 1.43 5.42 -0.84
