Car 0.00 0 -1.39 -1 -1 -1 -1 2.01 2.35 4.79 3.44 1.86 -20.02 -1.56
Car 0.00 0 -1.79 -1 -1 -1 -1 2.56 2.60 5.33 -3.43 1.95 -15.00 -1.57
Car 0.00 0 -1.31 -1 -1 -1 -1 2.05 2.40 5.05 3.54 1.96 -14.76 -1.54
Car 0.00 0 -1.86 -1 -1 -1 -1 2.00 2.35 4.27 -3.34 2.09 -10.02 -1.54
Car 0.00 0 2.26 -1 -1 -1 -1 2.00 2.44 4.91 3.74 2.16 -4.07 1.52
Car 0.00 0 2.49 -1 -1 -1 -1 2.00 2.37 4.95 -3.08 2.29 2.24 1.55
Car 0.00 0 -2.55 -1 -1 -1 -1 2.02 2.23 4.15 4.01 2.23 2.70 -1.58
Car 0.00 0 -4.25 -1 -1 -1 -1 2.32 2.45 4.47 -12.14 2.21 -5.89 -3.13
Car 0.00 0 -1.67 -1 -1 -1 -1 2.19 2.57 5.48 -3.78 1.75 -28.77 -1.54
Car 0.00 0 -4.44 -1 -1 -1 -1 1.91 2.37 4.71 -12.82 2.42 -3.21 -3.11
Car 0.00 0 -3.52 -1 -1 -1 -1 1.97 2.16 3.93 -9.20 1.92 -21.10 -3.11
Car 0.00 0 -3.50 -1 -1 -1 -1 2.17 2.31 4.62 -8.98 1.95 -23.30 -3.13
