Car 0.00 0 -1.64 -1 -1 -1 -1 2.02 2.39 4.76 -2.48 1.82 -28.34 -1.55
Car 0.00 0 1.67 -1 -1 -1 -1 2.35 2.54 4.93 3.37 1.84 -24.48 1.54
Car 0.00 0 -1.03 -1 -1 -1 -1 2.01 2.43 4.94 3.36 2.13 -5.66 -1.56
Car 0.00 0 -2.10 -1 -1 -1 -1 2.49 2.61 5.17 -3.22 2.12 -5.40 -1.56
Car 0.00 0 -0.22 -1 -1 -1 -1 2.21 2.58 4.89 -3.06 2.21 0.66 -1.58
Car 0.00 0 -0.02 -1 -1 -1 -1 2.20 2.47 5.11 3.06 2.21 -0.08 -1.56
Car 0.00 0 -1.86 -1 -1 -1 -1 2.07 2.43 4.95 3.00 2.41 9.92 -1.57
Car 0.00 0 -1.17 -1 -1 -1 -1 2.19 2.44 4.89 -3.37 2.44 7.41 -1.60
Car 0.00 0 -1.80 -1 -1 -1 -1 2.01 2.51 5.42 2.82 2.62 15.90 -1.63
Car 0.00 0 -1.34 -1 -1 -1 -1 1.98 2.31 4.41 -3.48 2.49 12.69 -1.61
Car 0.00 0 -1.42 -1 -1 -1 -1 2.19 2.51 4.59 -3.63 2.72 20.84 -1.60
Car 0.00 0 -1.68 -1 -1 -1 -1 2.41 2.61 5.38 2.76 2.84 29.30 -1.59
Car 0.00 0 -1.49 -1 -1 -1 -1 2.06 2.46 5.39 -3.49 2.77 28.06 -1.61
