Car 0.00 0 -1.48 -1 -1 -1 -1 2.17 2.56 4.80 -1.73 2.33 14.33 -1.60
Car 0.00 0 -1.65 -1 -1 -1 -1 3.06 3.16 7.00 0.03 2.07 -8.39 -1.65
Car 0.00 0 0.25 -1 -1 -1 -1 2.23 2.58 5.38 4.82 2.08 -14.23 -0.07
Car 0.00 0 0.42 -1 -1 -1 -1 2.05 2.43 5.29 4.79 2.08 -9.22 -0.06
Car 0.00 0 0.61 -1 -1 -1 -1 2.05 2.31 4.30 4.79 2.15 -6.71 -0.01
Car 0.00 0 0.78 -1 -1 -1 -1 1.96 2.34 4.94 4.94 2.14 -4.54 -0.05
Car 0.00 0 1.05 -1 -1 -1 -1 1.98 2.36 4.92 4.73 2.19 -2.02 -0.11
Car 0.00 0 -1.58 -1 -1 -1 -1 1.98 2.38 4.83 4.55 2.15 0.24 -0.06
Car 0.00 0 -1.05 -1 -1 -1 -1 2.13 2.37 4.55 4.76 2.22 2.70 0.01
Car 0.00 0 -0.72 -1 -1 -1 -1 2.26 2.53 4.79 4.20 2.18 5.07 -0.03
Car 0.00 0 -1.27 -1 -1 -1 -1 2.41 2.45 4.94 -4.44 2.29 11.49 -1.63
Car 0.00 0 -0.28 -1 -1 -1 -1 2.15 2.41 4.73 3.87 2.29 14.13 -0.01
Car 0.00 0 -0.61 -1 -1 -1 -1 2.32 2.44 4.93 4.50 2.18 7.69 -0.08
Car 0.00 0 2.51 -1 -1 -1 -1 2.13 2.36 4.60 4.09 2.21 10.14 2.90
Car 0.00 0 -0.39 -1 -1 -1 -1 1.97 2.22 3.91 4.77 2.31 12.00 -0.02
