Car 0.00 0 -1.55 -1 -1 -1 -1 2.23 2.48 4.89 0.18 2.06 -12.26 -1.56
Car 0.00 0 -1.60 -1 -1 -1 -1 2.59 2.66 4.81 0.07 2.37 21.37 -1.59
Car 0.00 0 -1.44 -1 -1 -1 -1 2.43 2.57 5.27 -2.98 2.33 17.93 -1.61
Car 0.00 0 1.08 -1 -1 -1 -1 2.20 2.48 4.60 3.12 2.34 6.10 1.55
Car 0.00 0 2.45 -1 -1 -1 -1 2.06 2.44 4.55 14.53 2.31 -12.25 1.58
Car 0.00 0 -0.68 -1 -1 -1 -1 2.02 2.31 4.06 -13.11 1.44 7.72 -1.72
Car 0.00 0 2.49 -1 -1 -1 -1 1.91 2.16 3.89 -15.80 1.35 7.46 1.36
Car 0.00 0 -0.75 -1 -1 -1 -1 2.18 2.24 4.44 11.38 2.39 -11.53 -1.53
Car 0.00 0 1.26 -1 -1 -1 -1 2.25 2.50 4.53 -18.65 1.10 3.90 -0.11
Car 0.00 0 0.68 -1 -1 -1 -1 1.97 2.14 4.24 -11.65 1.39 0.52 -0.84
