Car 0.00 0 -1.56 -1 -1 -1 -1 2.28 2.70 5.19 0.22 2.15 -22.01 -1.57
Car 0.00 0 4.46 -1 -1 -1 -1 2.10 2.34 4.59 -14.83 1.55 2.62 3.06
Car 0.00 0 -2.13 -1 -1 -1 -1 1.99 2.28 4.10 -14.75 1.67 12.59 -3.00
Car 0.00 0 -2.59 -1 -1 -1 -1 2.16 2.13 4.07 -7.93 1.96 -5.34 -1.61
Car 0.00 0 -3.12 -1 -1 -1 -1 1.97 2.16 3.91 -7.93 1.92 -0.56 -1.62
Car 0.00 0 -3.06 -1 -1 -1 -1 1.92 2.09 4.28 -8.15 1.62 -9.92 -2.38
Car 0.00 0 2.15 -1 -1 -1 -1 2.01 2.39 4.21 -7.73 1.51 10.70 1.52
Car 0.00 0 4.36 -1 -1 -1 -1 1.99 2.23 4.17 -15.00 1.39 0.27 2.81
Car 0.00 0 1.32 -1 -1 -1 -1 1.89 2.26 4.02 -14.90 1.36 -1.90 2.76
Car 0.00 0 -2.18 -1 -1 -1 -1 2.29 2.41 4.36 -14.84 1.73 15.52 -2.94
Car 0.00 0 -1.83 -1 -1 -1 -1 1.92 2.28 4.27 -14.78 1.37 7.34 -2.94
