Car 0.00 0 1.84 -1 -1 -1 -1 2.00 2.44 4.91 -0.26 1.35 -23.14 1.85
Car 0.00 0 1.52 -1 -1 -1 -1 2.00 2.37 4.95 -4.98 1.71 -15.03 1.84
Car 0.00 0 -1.14 -1 -1 -1 -1 2.02 2.23 4.15 1.94 1.79 -16.74 -1.26
Car 0.00 0 -1.98 -1 -1 -1 -1 1.99 2.37 4.91 -16.65 1.97 11.65 -2.94
Car 0.00 0 -1.50 -1 -1 -1 -1 2.16 2.47 4.85 -1.58 1.87 -12.33 -1.37
Car 0.00 0 -3.85 -1 -1 -1 -1 2.53 2.57 5.73 8.27 2.45 6.39 -2.94
Car 0.00 0 0.25 -1 -1 -1 -1 2.11 2.58 5.13 -2.51 3.00 23.47 0.14
Car 0.00 0 0.49 -1 -1 -1 -1 2.17 2.46 5.08 -9.97 2.82 23.89 0.09
Car 0.00 0 0.77 -1 -1 -1 -1 2.17 2.48 4.79 -19.49 2.53 24.78 0.11
Car 0.00 0 0.64 -1 -1 -1 -1 2.32 2.37 4.92 -15.20 2.70 24.28 0.08
