Car 0.00 0 -1.36 -1 -1 -1 -1 2.01 2.35 4.79 3.80 1.91 -16.67 -1.58
Car 0.00 0 -1.85 -1 -1 -1 -1 2.56 2.60 5.33 -3.16 2.00 -11.82 -1.59
Car 0.00 0 -1.25 -1 -1 -1 -1 2.05 2.40 5.05 3.80 2.03 -11.50 -1.56
Car 0.00 0 -1.99 -1 -1 -1 -1 2.00 2.35 4.27 -3.18 2.06 -6.90 -1.56
Car 0.00 0 2.85 -1 -1 -1 -1 2.00 2.44 4.91 3.79 2.23 -0.83 1.50
Car 0.00 0 2.07 -1 -1 -1 -1 2.00 2.37 4.95 -3.15 2.25 5.22 1.53
Car 0.00 0 -2.17 -1 -1 -1 -1 2.02 2.23 4.15 3.91 2.29 6.01 -1.60
Car 0.00 0 1.80 -1 -1 -1 -1 2.32 2.45 4.47 -12.06 2.26 -2.88 3.13
Car 0.00 0 -1.68 -1 -1 -1 -1 2.19 2.57 5.48 -3.22 1.82 -25.56 -1.56
Car 0.00 0 -4.69 -1 -1 -1 -1 1.91 2.37 4.71 -12.79 2.35 -0.17 -3.13
