Car 0.00 0 -1.70 -1 -1 -1 -1 1.98 2.39 4.38 -2.44 2.04 -24.76 -1.61
Car 0.00 0 -1.38 -1 -1 -1 -1 1.96 2.59 4.91 4.65 2.05 -27.49 -1.55
Car 0.00 0 -1.35 -1 -1 -1 -1 2.29 2.55 4.81 4.76 2.10 -21.22 -1.57
Car 0.00 0 -1.32 -1 -1 -1 -1 2.01 2.27 4.11 4.77 2.13 -16.44 -1.61
Car 0.00 0 -1.17 -1 -1 -1 -1 2.43 2.55 4.93 4.73 2.21 -11.13 -1.57
Car 0.00 0 -0.93 -1 -1 -1 -1 2.13 2.64 5.21 4.53 2.24 -5.82 -1.59
Car 0.00 0 -2.56 -1 -1 -1 -1 3.17 2.68 6.37 4.40 2.37 2.88 -1.57
Car 0.00 0 0.92 -1 -1 -1 -1 2.39 2.59 5.28 -2.64 2.14 -3.50 1.56
Car 0.00 0 1.24 -1 -1 -1 -1 2.52 3.05 5.57 4.42 2.65 13.71 1.55
Car 0.00 0 1.94 -1 -1 -1 -1 2.15 2.50 5.15 -2.88 2.29 8.39 1.61
Car 0.00 0 -3.81 -1 -1 -1 -1 1.95 2.30 4.41 -9.08 1.68 -11.44 -3.14
Car 0.00 0 -1.76 -1 -1 -1 -1 1.96 2.48 4.98 4.04 2.70 25.82 -1.60
Car 0.00 0 -1.41 -1 -1 -1 -1 2.38 2.50 4.94 -2.96 2.59 23.85 -1.53
