Car 0.00 0 1.39 -1 -1 -1 -1 2.09 2.52 4.67 -3.90 1.88 -20.81 1.58
Car 0.00 0 1.13 -1 -1 -1 -1 2.18 2.49 4.80 -3.78 2.09 -8.04 1.57
Car 0.00 0 1.85 -1 -1 -1 -1 2.07 2.50 4.61 4.36 1.89 -15.84 1.58
Car 0.00 0 2.04 -1 -1 -1 -1 2.25 2.58 5.27 4.27 2.12 -9.08 1.60
Car 0.00 0 2.55 -1 -1 -1 -1 2.02 2.48 5.04 4.43 2.26 -3.36 1.63
Car 0.00 0 0.38 -1 -1 -1 -1 2.08 2.61 4.73 4.33 2.28 1.71 1.58
Car 0.00 0 1.12 -1 -1 -1 -1 2.02 2.30 5.02 4.44 2.40 8.07 1.62
Car 0.00 0 0.56 -1 -1 -1 -1 2.16 2.53 5.34 -3.71 2.16 -2.42 1.55
Car 0.00 0 1.27 -1 -1 -1 -1 2.03 2.64 5.38 4.58 2.48 14.44 1.58
Car 0.00 0 -1.82 -1 -1 -1 -1 2.36 2.56 5.14 4.51 2.57 20.74 -1.60
Car 0.00 0 1.27 -1 -1 -1 -1 2.12 2.40 4.88 -3.66 1.94 -13.72 1.53
Car 0.00 0 -1.34 -1 -1 -1 -1 2.04 2.61 5.13 -3.75 2.54 19.39 -1.53
Car 0.00 0 1.81 -1 -1 -1 -1 2.09 2.37 4.59 4.48 1.92 -21.76 1.61
Car 0.00 0 -1.76 -1 -1 -1 -1 1.89 2.56 5.17 4.37 2.65 26.51 -1.60
Car 0.00 0 1.69 -1 -1 -1 -1 2.18 2.43 5.22 -3.47 2.52 24.69 1.55
