Car 0.00 0 -1.69 -1 -1 -1 -1 2.27 2.74 5.80 -4.82 1.96 -28.53 -1.52
Car 0.00 0 -2.85 -1 -1 -1 -1 2.04 2.33 4.92 5.09 1.99 -27.04 -3.04
Car 0.00 0 0.17 -1 -1 -1 -1 2.05 2.36 4.36 5.45 1.95 -19.45 -0.10
Car 0.00 0 0.25 -1 -1 -1 -1 1.96 2.45 4.86 4.96 2.03 -15.04 -0.06
Car 0.00 0 3.45 -1 -1 -1 -1 1.84 2.45 4.50 4.70 2.07 -12.80 3.10
Car 0.00 0 -2.65 -1 -1 -1 -1 1.99 2.46 4.53 4.93 2.15 -10.01 -3.11
Car 0.00 0 -1.97 -1 -1 -1 -1 2.40 2.51 5.18 -3.77 2.09 -7.89 -1.53
Car 0.00 0 2.92 -1 -1 -1 -1 2.21 2.36 4.40 14.25 3.25 -2.42 1.52
Car 0.00 0 -2.50 -1 -1 -1 -1 2.07 2.47 4.48 5.20 2.18 -7.66 -3.10
Car 0.00 0 -2.25 -1 -1 -1 -1 1.94 2.50 4.97 5.72 2.17 -5.10 -3.09
Car 0.00 0 -2.10 -1 -1 -1 -1 1.87 2.45 4.56 4.76 2.19 -2.90 -3.12
Car 0.00 0 1.43 -1 -1 -1 -1 2.02 2.40 4.27 5.41 2.34 -0.72 -0.01
Car 0.00 0 1.84 -1 -1 -1 -1 2.07 2.65 4.95 4.92 2.26 1.65 3.09
Car 0.00 0 2.20 -1 -1 -1 -1 2.15 2.47 4.64 5.36 2.33 4.13 3.12
Car 0.00 0 2.48 -1 -1 -1 -1 1.96 2.49 4.89 4.95 2.37 6.43 3.14
Car 0.00 0 2.59 -1 -1 -1 -1 1.95 2.43 4.93 5.07 2.37 8.85 3.11
Car 0.00 0 2.67 -1 -1 -1 -1 2.05 2.36 5.09 5.03 2.48 11.20 3.10
Car 0.00 0 2.74 -1 -1 -1 -1 1.86 2.32 4.91 4.95 2.42 13.56 3.09
Car 0.00 0 2.80 -1 -1 -1 -1 1.95 2.36 4.83 4.81 2.42 16.00 3.09
Car 0.00 0 0.26 -1 -1 -1 -1 2.13 2.19 4.46 5.39 2.12 -24.61 0.04
Car 0.00 0 0.33 -1 -1 -1 -1 2.04 2.32 4.54 5.55 2.12 -21.86 0.09
Car 0.00 0 2.84 -1 -1 -1 -1 2.21 2.73 5.19 5.53 2.48 23.78 3.07
Car 0.00 0 -1.51 -1 -1 -1 -1 2.18 2.43 4.79 -3.54 2.45 28.43 -1.63
