Car 0.00 0 -1.57 -1 -1 -1 -1 2.16 2.47 4.85 -0.14 1.95 -17.91 -1.56
Car 0.00 0 -1.47 -1 -1 -1 -1 2.04 2.47 4.78 2.43 1.94 -22.76 -1.58
Car 0.00 0 -1.74 -1 -1 -1 -1 2.19 2.39 4.67 -2.27 2.00 -13.90 -1.58
Car 0.00 0 -1.34 -1 -1 -1 -1 2.03 2.41 4.72 2.35 2.10 -11.17 -1.55
Car 0.00 0 -1.98 -1 -1 -1 -1 2.23 2.51 4.81 -2.39 2.07 -5.65 -1.58
Car 0.00 0 -1.22 -1 -1 -1 -1 2.02 2.26 4.62 2.47 2.12 -6.13 -1.60
Car 0.00 0 -3.02 -1 -1 -1 -1 2.03 2.42 4.56 2.34 2.20 0.37 -1.61
Car 0.00 0 -1.06 -1 -1 -1 -1 2.06 2.42 4.11 -2.40 2.23 4.36 -1.57
Car 0.00 0 -1.81 -1 -1 -1 -1 2.05 2.43 4.26 2.45 2.32 10.10 -1.57
Car 0.00 0 -1.70 -1 -1 -1 -1 2.02 2.25 4.14 -2.58 2.00 -24.53 -1.59
