Car 0.00 0 1.96 -1 -1 -1 -1 2.74 2.71 5.52 -19.90 2.03 -27.19 2.59
Car 0.00 0 2.15 -1 -1 -1 -1 2.09 2.63 4.91 -11.02 2.01 -22.87 2.59
Car 0.00 0 -1.97 -1 -1 -1 -1 2.03 2.51 5.00 8.62 2.27 -4.14 -3.09
Car 0.00 0 -2.69 -1 -1 -1 -1 1.97 2.38 5.01 4.15 2.34 -24.71 -2.85
Car 0.00 0 -1.57 -1 -1 -1 -1 2.17 2.42 4.96 -11.91 2.18 11.13 -2.39
Car 0.00 0 -1.82 -1 -1 -1 -1 2.43 2.79 5.50 -14.85 2.32 23.73 -2.38
Car 0.00 0 4.13 -1 -1 -1 -1 2.07 2.41 5.07 23.87 3.02 -0.53 2.58
Car 0.00 0 3.65 -1 -1 -1 -1 2.21 2.39 4.84 13.14 2.61 -6.80 2.56
Car 0.00 0 -1.96 -1 -1 -1 -1 1.98 2.51 5.02 -6.95 2.32 16.02 -2.37
Car 0.00 0 -2.39 -1 -1 -1 -1 2.07 2.79 5.57 8.57 2.79 -22.17 -2.76
Car 0.00 0 -1.31 -1 -1 -1 -1 2.23 2.57 5.04 -16.84 1.72 -18.38 -0.57
Car 0.00 0 -1.60 -1 -1 -1 -1 2.05 2.42 4.23 -15.57 2.11 14.51 -2.42
Car 0.00 0 1.57 -1 -1 -1 -1 2.28 2.48 5.39 -23.54 2.05 22.00 0.75
