Car 0.00 0 1.80 -1 -1 -1 -1 2.52 3.05 5.57 4.56 2.28 -19.75 1.58
Car 0.00 0 1.47 -1 -1 -1 -1 2.15 2.50 5.15 -2.40 2.01 -25.16 1.57
Car 0.00 0 -1.10 -1 -1 -1 -1 1.96 2.48 4.98 4.05 2.31 -7.60 -1.59
Car 0.00 0 -1.84 -1 -1 -1 -1 2.38 2.50 4.94 -2.93 2.11 -9.86 -1.55
Car 0.00 0 -0.77 -1 -1 -1 -1 2.02 2.28 4.44 -3.20 2.15 3.27 -1.55
Car 0.00 0 -2.51 -1 -1 -1 -1 1.97 2.32 4.12 -3.28 2.03 -2.20 -1.53
Car 0.00 0 2.78 -1 -1 -1 -1 2.09 2.46 4.93 3.93 2.35 -1.32 1.54
Car 0.00 0 -2.41 -1 -1 -1 -1 2.02 2.40 4.92 4.06 2.40 3.95 -1.61
Car 0.00 0 -2.02 -1 -1 -1 -1 2.08 2.48 5.37 4.03 2.40 9.04 -1.60
Car 0.00 0 1.77 -1 -1 -1 -1 2.11 2.49 4.60 -3.13 2.21 18.53 1.60
Car 0.00 0 -1.75 -1 -1 -1 -1 2.35 2.57 4.87 4.27 2.47 21.02 -1.55
Car 0.00 0 0.56 -1 -1 -1 -1 2.16 2.17 4.70 -9.52 1.79 14.45 -0.02
Car 0.00 0 -1.72 -1 -1 -1 -1 2.22 2.43 4.90 4.45 2.52 26.30 -1.56
