Car 0.00 0 1.88 -1 -1 -1 -1 2.08 2.61 4.73 4.52 2.29 -14.52 1.58
Car 0.00 0 2.10 -1 -1 -1 -1 2.02 2.30 5.02 4.51 2.35 -8.61 1.62
Car 0.00 0 1.36 -1 -1 -1 -1 2.16 2.53 5.34 -3.60 1.94 -18.70 1.55
Car 0.00 0 2.79 -1 -1 -1 -1 2.03 2.64 5.38 4.72 2.35 -1.74 1.58
Car 0.00 0 -2.40 -1 -1 -1 -1 2.36 2.56 5.14 4.59 2.40 4.47 -1.60
Car 0.00 0 -2.01 -1 -1 -1 -1 1.89 2.56 5.17 4.37 2.43 10.16 -1.60
Car 0.00 0 1.35 -1 -1 -1 -1 2.16 2.72 5.07 4.50 2.44 16.16 1.62
Car 0.00 0 1.41 -1 -1 -1 -1 2.26 2.65 5.26 4.84 2.56 22.46 1.63
Car 0.00 0 1.94 -1 -1 -1 -1 2.18 2.43 5.22 -3.45 2.23 8.33 1.55
Car 0.00 0 1.80 -1 -1 -1 -1 2.11 2.45 4.72 -3.55 2.22 13.18 1.54
Car 0.00 0 -1.39 -1 -1 -1 -1 2.29 2.41 4.98 -3.58 2.27 18.56 -1.58
Car 0.00 0 1.42 -1 -1 -1 -1 2.18 2.49 4.80 -3.61 2.19 -24.51 1.57
Car 0.00 0 1.76 -1 -1 -1 -1 2.25 2.58 5.27 4.47 2.31 -25.74 1.59
Car 0.00 0 1.85 -1 -1 -1 -1 2.02 2.48 5.04 4.51 2.41 -19.90 1.62
Car 0.00 0 1.73 -1 -1 -1 -1 1.97 2.57 5.08 -3.73 2.29 25.96 1.58
Car 0.00 0 2.50 -1 -1 -1 -1 2.04 2.61 5.13 -3.67 2.14 2.92 1.60
