Car 0.00 0 -0.36 -1 -1 -1 -1 2.22 2.43 4.83 -5.33 1.92 -14.00 0.01
Car 0.00 0 2.16 -1 -1 -1 -1 1.97 2.39 5.05 6.45 2.35 -8.21 1.49
Car 0.00 0 2.60 -1 -1 -1 -1 2.14 2.32 4.84 5.75 2.38 -2.56 1.45
Car 0.00 0 0.45 -1 -1 -1 -1 1.99 2.53 5.02 5.43 2.46 3.00 1.52
Car 0.00 0 -3.62 -1 -1 -1 -1 1.93 2.46 3.81 -6.02 1.84 -11.67 -3.14
Car 0.00 0 2.52 -1 -1 -1 -1 2.05 2.29 4.66 -5.82 1.93 -8.95 3.10
Car 0.00 0 1.00 -1 -1 -1 -1 2.44 2.66 5.25 4.75 2.51 8.51 1.51
Car 0.00 0 1.30 -1 -1 -1 -1 2.29 2.63 5.19 3.15 2.68 22.52 1.44
Car 0.00 0 -1.44 -1 -1 -1 -1 2.33 2.51 5.04 -3.55 2.33 18.49 -1.63
Car 0.00 0 -1.92 -1 -1 -1 -1 2.31 2.63 5.24 1.87 2.65 27.98 -1.85
