Car 0.00 0 -1.52 -1 -1 -1 -1 2.56 2.91 5.85 -0.69 2.01 -11.65 -1.46
Car 0.00 0 2.43 -1 -1 -1 -1 2.14 2.59 5.39 13.96 2.64 -11.74 1.56
Car 0.00 0 2.59 -1 -1 -1 -1 2.15 2.62 5.37 13.49 2.64 -6.76 1.48
Car 0.00 0 2.96 -1 -1 -1 -1 2.52 2.62 5.17 13.54 2.76 -2.03 1.54
Car 0.00 0 0.25 -1 -1 -1 -1 3.22 2.93 6.83 13.03 2.73 4.90 1.46
Car 0.00 0 -2.44 -1 -1 -1 -1 3.01 2.83 5.95 12.21 2.72 12.12 -1.66
Car 0.00 0 -2.22 -1 -1 -1 -1 2.16 2.64 5.67 11.83 2.76 18.52 -1.65
Car 0.00 0 1.11 -1 -1 -1 -1 2.64 2.93 5.94 10.85 2.67 27.04 1.50
Car 0.00 0 -1.74 -1 -1 -1 -1 2.17 2.57 4.94 3.57 2.40 19.72 -1.56
Car 0.00 0 1.97 -1 -1 -1 -1 1.94 2.33 4.61 13.49 2.67 -26.95 1.51
