Car 0.00 0 -1.97 -1 -1 -1 -1 2.18 2.41 4.79 -3.00 2.11 -7.50 -1.59
Car 0.00 0 1.37 -1 -1 -1 -1 2.51 2.55 5.36 -2.96 1.96 -15.32 1.56
Car 0.00 0 1.41 -1 -1 -1 -1 2.08 2.36 4.48 -2.94 1.90 -20.22 1.55
Car 0.00 0 -2.48 -1 -1 -1 -1 2.11 2.37 4.73 -3.20 2.13 -2.66 -1.60
Car 0.00 0 -1.39 -1 -1 -1 -1 2.02 2.48 5.26 4.33 1.97 -17.53 -1.63
Car 0.00 0 -1.46 -1 -1 -1 -1 2.13 2.46 4.69 4.46 1.86 -23.29 -1.65
Car 0.00 0 -1.17 -1 -1 -1 -1 2.26 2.61 4.91 -3.34 2.30 9.84 -1.50
Car 0.00 0 -0.77 -1 -1 -1 -1 2.32 2.46 5.51 -3.40 2.24 3.26 -1.58
Car 0.00 0 -1.39 -1 -1 -1 -1 1.98 2.33 5.00 -3.54 2.51 20.69 -1.56
Car 0.00 0 -1.33 -1 -1 -1 -1 2.00 2.29 4.60 -3.49 2.45 16.45 -1.54
Car 0.00 0 -1.41 -1 -1 -1 -1 2.08 2.40 4.72 -3.45 2.45 26.30 -1.55
