Car 0.00 0 -1.89 -1 -1 -1 -1 2.09 2.37 4.80 -3.61 2.06 -12.81 -1.61
Car 0.00 0 -1.27 -1 -1 -1 -1 2.09 2.41 5.01 3.25 2.05 -12.35 -1.53
Car 0.00 0 2.73 -1 -1 -1 -1 2.47 2.74 5.64 3.56 2.21 -1.71 1.60
Car 0.00 0 -2.06 -1 -1 -1 -1 1.97 2.34 4.44 -3.63 2.15 -7.36 -1.61
Car 0.00 0 -2.61 -1 -1 -1 -1 2.10 2.41 4.72 -3.40 2.20 -2.10 -1.59
Car 0.00 0 2.41 -1 -1 -1 -1 2.29 2.56 5.41 -3.62 2.28 3.22 1.56
Car 0.00 0 -2.43 -1 -1 -1 -1 2.12 2.34 4.40 3.63 2.26 3.62 -1.64
Car 0.00 0 -2.01 -1 -1 -1 -1 2.05 2.38 4.67 3.50 2.28 7.81 -1.59
Car 0.00 0 -1.82 -1 -1 -1 -1 2.33 2.56 5.14 3.76 2.29 14.03 -1.56
Car 0.00 0 -1.29 -1 -1 -1 -1 2.26 2.41 4.90 -3.64 2.33 14.00 -1.54
Car 0.00 0 -1.75 -1 -1 -1 -1 2.62 2.74 5.80 3.50 2.25 24.79 -1.61
Car 0.00 0 -1.36 -1 -1 -1 -1 2.01 2.47 5.22 -3.59 2.31 19.35 -1.54
Car 0.00 0 -1.43 -1 -1 -1 -1 2.05 2.44 5.08 -3.48 2.28 25.03 -1.57
