Car 0.00 0 1.51 -1 -1 -1 -1 2.35 2.49 4.89 -8.55 1.81 -27.56 1.81
Car 0.00 0 -1.70 -1 -1 -1 -1 1.94 2.35 4.72 -6.23 1.96 -17.01 -1.35
Car 0.00 0 1.97 -1 -1 -1 -1 2.16 2.46 4.78 2.09 2.08 -12.81 1.81
Car 0.00 0 1.27 -1 -1 -1 -1 2.08 2.40 5.27 -4.00 2.09 -7.15 1.78
Car 0.00 0 2.22 -1 -1 -1 -1 2.13 2.51 4.87 3.21 2.24 -7.61 1.82
Car 0.00 0 2.69 -1 -1 -1 -1 1.88 2.38 4.52 4.05 2.29 -3.11 1.78
Car 0.00 0 1.64 -1 -1 -1 -1 2.27 2.52 5.48 2.53 2.62 23.15 1.74
Car 0.00 0 -2.00 -1 -1 -1 -1 2.35 2.58 5.80 -15.25 1.85 9.61 -3.01
Car 0.00 0 -1.91 -1 -1 -1 -1 2.15 2.46 5.12 -21.43 1.55 10.32 -3.03
Car 0.00 0 -1.69 -1 -1 -1 -1 2.04 2.28 4.31 -7.38 1.90 -22.07 -1.37
