Car 0.00 0 1.82 -1 -1 -1 -1 2.03 2.39 4.90 1.55 1.76 -20.55 1.74
Car 0.00 0 -1.12 -1 -1 -1 -1 1.99 2.33 4.53 3.26 2.00 -14.21 -1.35
Car 0.00 0 1.48 -1 -1 -1 -1 2.14 2.59 5.12 -3.89 1.87 -12.89 1.77
Car 0.00 0 -0.31 -1 -1 -1 -1 2.22 2.53 5.17 13.22 2.66 16.72 0.36
Car 0.00 0 -1.45 -1 -1 -1 -1 2.10 2.49 5.46 -1.78 1.71 -17.96 -1.36
Car 0.00 0 -1.37 -1 -1 -1 -1 2.20 2.51 5.04 0.56 1.48 -25.61 -1.40
Car 0.00 0 0.23 -1 -1 -1 -1 2.08 2.64 5.14 -4.41 2.60 25.74 0.06
Car 0.00 0 0.50 -1 -1 -1 -1 2.06 2.60 5.04 -11.82 2.60 25.54 0.07
Car 0.00 0 0.62 -1 -1 -1 -1 2.28 2.48 4.92 -16.77 2.67 25.57 0.04
Car 0.00 0 0.73 -1 -1 -1 -1 2.10 2.41 4.71 -21.16 2.72 25.69 0.04
