Car 0.00 0 -1.69 -1 -1 -1 -1 2.02 2.40 4.86 -2.06 2.14 -27.25 -1.61
Car 0.00 0 -1.74 -1 -1 -1 -1 1.99 2.38 4.38 -2.59 2.12 -21.80 -1.62
Car 0.00 0 1.37 -1 -1 -1 -1 2.18 2.53 5.23 -2.71 2.10 -16.39 1.53
Car 0.00 0 -1.93 -1 -1 -1 -1 2.33 2.34 4.81 -3.01 2.12 -10.17 -1.64
Car 0.00 0 -1.42 -1 -1 -1 -1 2.18 2.58 5.16 4.71 2.19 -23.47 -1.62
Car 0.00 0 1.82 -1 -1 -1 -1 2.25 2.64 5.36 4.41 2.22 -15.82 1.55
Car 0.00 0 -1.18 -1 -1 -1 -1 2.11 2.49 4.87 3.89 2.20 -7.97 -1.63
Car 0.00 0 -0.55 -1 -1 -1 -1 2.67 2.58 5.45 3.72 2.27 -2.16 -1.60
Car 0.00 0 -1.13 -1 -1 -1 -1 2.46 2.73 5.44 -3.38 2.13 8.42 -1.51
Car 0.00 0 -1.28 -1 -1 -1 -1 2.24 2.55 4.93 -3.24 2.21 13.84 -1.51
Car 0.00 0 -1.34 -1 -1 -1 -1 2.61 2.72 5.47 -2.81 2.27 20.31 -1.48
Car 0.00 0 -2.26 -1 -1 -1 -1 2.78 2.78 5.42 3.53 2.27 4.08 -1.55
Car 0.00 0 -1.78 -1 -1 -1 -1 2.62 2.57 5.10 4.08 2.36 13.50 -1.49
Car 0.00 0 -1.38 -1 -1 -1 -1 2.83 2.58 5.62 -1.90 2.31 27.01 -1.45
Car 0.00 0 -1.72 -1 -1 -1 -1 2.09 2.43 4.76 4.34 2.38 18.63 -1.49
