Car 0.00 0 -1.61 -1 -1 -1 -1 2.23 2.48 4.89 -0.10 2.01 -21.29 -1.61
Car 0.00 0 1.98 -1 -1 -1 -1 3.38 3.02 8.54 7.59 2.37 -16.87 1.56
Car 0.00 0 -2.11 -1 -1 -1 -1 2.05 2.43 4.85 -9.03 1.76 -15.05 -1.56
Car 0.00 0 -2.29 -1 -1 -1 -1 1.93 2.19 4.29 -8.95 1.73 -10.02 -1.56
Car 0.00 0 -2.84 -1 -1 -1 -1 2.31 2.27 4.37 -9.30 1.77 -19.73 -2.40
Car 0.00 0 1.82 -1 -1 -1 -1 2.05 2.60 4.77 -16.29 1.56 -11.93 2.76
Car 0.00 0 -1.10 -1 -1 -1 -1 1.98 2.18 4.22 -16.42 1.53 -14.19 -0.25
Car 0.00 0 1.71 -1 -1 -1 -1 1.96 2.27 4.51 -16.21 1.47 -9.72 2.74
Car 0.00 0 -1.35 -1 -1 -1 -1 2.00 2.30 4.15 -15.77 1.72 -2.29 0.07
Car 0.00 0 3.05 -1 -1 -1 -1 1.99 2.21 4.07 -8.86 1.79 0.66 1.55
Car 0.00 0 -1.64 -1 -1 -1 -1 1.89 2.24 4.34 -15.97 1.64 2.74 -3.04
Car 0.00 0 -1.77 -1 -1 -1 -1 2.14 2.47 4.67 -16.09 1.53 5.96 -2.98
Car 0.00 0 2.58 -1 -1 -1 -1 1.97 2.20 4.63 -9.17 1.61 5.92 1.58
