Car 0.00 0 -1.59 -1 -1 -1 -1 2.03 2.51 5.00 0.05 1.74 -18.26 -1.59
Car 0.00 0 1.88 -1 -1 -1 -1 2.43 2.79 5.50 3.78 1.97 -12.73 1.59
Car 0.00 0 -1.82 -1 -1 -1 -1 2.12 2.34 4.68 -3.29 1.89 -13.10 -1.58
Car 0.00 0 1.15 -1 -1 -1 -1 2.28 2.48 5.39 -3.48 2.01 -7.89 1.57
Car 0.00 0 -1.16 -1 -1 -1 -1 2.06 2.34 4.21 3.77 2.11 -7.31 -1.63
Car 0.00 0 -0.73 -1 -1 -1 -1 1.94 2.26 4.67 3.63 2.16 -3.00 -1.61
Car 0.00 0 -2.49 -1 -1 -1 -1 2.40 2.51 5.13 3.86 2.30 2.99 -1.58
Car 0.00 0 -0.67 -1 -1 -1 -1 2.11 2.42 4.72 -3.43 2.19 2.88 -1.55
Car 0.00 0 -1.15 -1 -1 -1 -1 2.00 2.36 5.12 -3.45 2.27 8.39 -1.54
Car 0.00 0 -1.32 -1 -1 -1 -1 2.04 2.37 5.06 -3.36 2.34 14.11 -1.56
Car 0.00 0 1.25 -1 -1 -1 -1 2.15 2.42 4.63 3.40 2.47 11.05 1.55
Car 0.00 0 -1.41 -1 -1 -1 -1 3.18 2.60 5.58 -3.37 2.47 22.82 -1.55
Car 0.00 0 -1.72 -1 -1 -1 -1 2.17 2.42 4.96 -3.48 1.61 -23.82 -1.58
Car 0.00 0 -1.40 -1 -1 -1 -1 1.98 2.51 5.02 3.55 1.69 -23.37 -1.55
Car 0.00 0 -1.79 -1 -1 -1 -1 2.05 2.42 4.23 -3.52 1.77 -18.28 -1.60
Car 0.00 0 1.76 -1 -1 -1 -1 1.93 2.40 4.65 -11.29 2.12 -2.90 3.08
