Car 0.00 0 -2.01 -1 -1 -1 -1 2.08 2.43 4.41 -4.57 2.30 -10.81 -1.61
Car 0.00 0 -2.17 -1 -1 -1 -1 2.03 2.35 4.32 -4.35 2.33 -5.86 -1.54
Car 0.00 0 -3.12 -1 -1 -1 -1 1.99 2.48 5.17 -4.12 2.34 -0.05 -1.56
Car 0.00 0 -0.96 -1 -1 -1 -1 2.09 2.53 4.74 -3.99 2.38 6.09 -1.54
Car 0.00 0 3.08 -1 -1 -1 -1 1.99 2.45 4.48 8.54 1.78 -8.74 2.30
Car 0.00 0 0.96 -1 -1 -1 -1 2.12 2.56 4.62 9.23 1.94 1.10 2.41
Car 0.00 0 1.27 -1 -1 -1 -1 2.06 2.52 4.73 9.15 1.94 4.13 2.42
Car 0.00 0 1.58 -1 -1 -1 -1 2.06 2.46 4.73 8.77 1.90 7.07 2.47
Car 0.00 0 1.76 -1 -1 -1 -1 1.90 2.23 4.39 8.93 1.88 9.99 2.49
Car 0.00 0 -1.68 -1 -1 -1 -1 2.20 2.39 4.75 16.25 1.54 -2.53 -3.09
Car 0.00 0 -1.52 -1 -1 -1 -1 2.16 2.36 4.68 16.48 1.52 -0.25 -3.08
Car 0.00 0 -4.39 -1 -1 -1 -1 2.10 2.35 4.65 16.88 1.79 4.80 -3.10
Car 0.00 0 1.86 -1 -1 -1 -1 1.84 2.33 4.68 8.82 1.52 12.67 2.47
Car 0.00 0 1.93 -1 -1 -1 -1 1.97 2.50 5.21 9.14 1.66 16.00 2.45
Car 0.00 0 1.92 -1 -1 -1 -1 1.82 2.55 4.85 9.03 1.75 19.29 2.36
