Car 0.00 0 -1.39 -1 -1 -1 -1 2.05 2.43 4.35 2.94 1.99 -14.75 -1.58
Car 0.00 0 -2.00 -1 -1 -1 -1 2.23 2.49 4.50 -4.15 2.17 -8.63 -1.55
Car 0.00 0 -1.28 -1 -1 -1 -1 2.02 2.56 5.60 2.95 2.07 -9.33 -1.59
Car 0.00 0 -2.19 -1 -1 -1 -1 2.16 2.46 5.23 -3.89 2.25 -3.56 -1.36
Car 0.00 0 2.66 -1 -1 -1 -1 2.50 2.65 5.07 3.28 2.20 -1.80 1.59
Car 0.00 0 -4.50 -1 -1 -1 -1 2.09 2.29 4.32 -9.50 2.24 -2.02 -3.14
Car 0.00 0 -0.68 -1 -1 -1 -1 2.33 2.62 5.58 -3.89 2.28 3.31 -1.54
Car 0.00 0 -1.85 -1 -1 -1 -1 2.08 2.51 4.72 3.41 2.40 11.38 -1.56
Car 0.00 0 -2.29 -1 -1 -1 -1 2.41 2.47 4.83 -9.10 2.33 8.46 -3.11
Car 0.00 0 -1.35 -1 -1 -1 -1 2.54 2.83 5.61 -3.60 2.52 16.61 -1.56
Car 0.00 0 -1.86 -1 -1 -1 -1 2.06 2.55 5.03 -4.10 2.08 -13.16 -1.56
Car 0.00 0 -1.76 -1 -1 -1 -1 2.03 2.51 5.10 3.52 2.44 16.64 -1.55
Car 0.00 0 -4.22 -1 -1 -1 -1 2.20 2.35 5.51 -9.05 2.25 -4.09 -3.07
Car 0.00 0 -2.38 -1 -1 -1 -1 1.91 2.19 4.22 -9.37 2.36 10.53 -3.11
Car 0.00 0 -1.78 -1 -1 -1 -1 2.20 2.51 5.04 3.59 2.52 22.17 -1.62
Car 0.00 0 -4.02 -1 -1 -1 -1 2.19 2.43 4.62 6.33 2.24 4.39 -3.06
Car 0.00 0 -1.45 -1 -1 -1 -1 2.11 2.52 5.05 3.00 2.00 -19.50 -1.60
Car 0.00 0 -1.68 -1 -1 -1 -1 2.00 2.54 4.93 -4.47 1.97 -23.67 -1.50
Car 0.00 0 -1.50 -1 -1 -1 -1 2.01 2.54 5.31 2.96 1.91 -24.32 -1.62
Car 0.00 0 -1.36 -1 -1 -1 -1 2.06 2.47 4.42 -3.42 2.47 21.36 -1.52
