Car 0.00 0 1.44 -1 -1 -1 -1 2.20 2.61 5.27 -4.49 1.86 -26.77 1.61
Car 0.00 0 1.78 -1 -1 -1 -1 2.51 2.53 4.99 3.90 2.05 -20.12 1.59
Car 0.00 0 1.22 -1 -1 -1 -1 2.43 2.72 5.26 -4.07 2.08 -11.00 1.58
Car 0.00 0 1.34 -1 -1 -1 -1 2.13 2.40 4.98 -4.46 1.98 -17.32 1.60
Car 0.00 0 1.87 -1 -1 -1 -1 2.34 2.68 5.23 4.05 2.13 -14.33 1.59
Car 0.00 0 2.82 -1 -1 -1 -1 2.09 2.52 4.67 -4.07 2.18 1.50 1.60
Car 0.00 0 2.02 -1 -1 -1 -1 2.43 2.68 5.78 3.93 2.36 -8.36 1.58
Car 0.00 0 2.01 -1 -1 -1 -1 2.12 2.40 4.88 -3.76 2.39 8.78 1.60
Car 0.00 0 1.85 -1 -1 -1 -1 2.18 2.49 4.80 -3.78 2.36 14.00 1.59
Car 0.00 0 0.11 -1 -1 -1 -1 2.09 2.37 4.59 4.16 2.35 0.29 1.61
Car 0.00 0 0.96 -1 -1 -1 -1 2.07 2.50 4.61 4.19 2.37 6.04 1.57
Car 0.00 0 1.24 -1 -1 -1 -1 2.25 2.58 5.27 4.30 2.50 12.57 1.57
Car 0.00 0 1.40 -1 -1 -1 -1 2.02 2.48 5.04 4.55 2.62 18.58 1.64
Car 0.00 0 1.40 -1 -1 -1 -1 2.08 2.61 4.73 4.55 2.68 23.47 1.59
Car 0.00 0 1.78 -1 -1 -1 -1 2.16 2.53 5.34 -3.54 2.54 19.76 1.60
