Car 0.00 0 -1.42 -1 -1 -1 -1 2.01 2.43 4.94 3.17 1.95 -22.08 -1.56
Car 0.00 0 -1.71 -1 -1 -1 -1 2.49 2.61 5.17 -3.34 1.92 -21.21 -1.56
Car 0.00 0 -1.77 -1 -1 -1 -1 2.21 2.58 4.89 -3.09 1.99 -15.20 -1.57
Car 0.00 0 -1.36 -1 -1 -1 -1 2.20 2.47 5.11 3.01 1.98 -16.12 -1.55
Car 0.00 0 -1.10 -1 -1 -1 -1 2.07 2.43 4.95 3.08 2.11 -6.52 -1.54
Car 0.00 0 -1.96 -1 -1 -1 -1 2.19 2.44 4.89 -3.33 2.10 -8.81 -1.60
Car 0.00 0 -0.07 -1 -1 -1 -1 2.01 2.51 5.42 2.92 2.21 -0.09 -1.61
Car 0.00 0 -1.82 -1 -1 -1 -1 2.41 2.61 5.38 3.07 2.47 13.16 -1.59
Car 0.00 0 -1.34 -1 -1 -1 -1 2.06 2.46 5.39 -3.19 2.41 11.92 -1.60
Car 0.00 0 -1.38 -1 -1 -1 -1 2.20 2.37 4.62 -3.37 2.54 17.57 -1.57
Car 0.00 0 -0.96 -1 -1 -1 -1 2.19 2.51 4.59 -3.39 2.30 4.85 -1.57
Car 0.00 0 -2.33 -1 -1 -1 -1 1.98 2.31 4.41 -3.36 2.17 -3.79 -1.61
Car 0.00 0 -1.70 -1 -1 -1 -1 1.95 2.52 4.99 3.03 2.59 24.41 -1.58
Car 0.00 0 1.68 -1 -1 -1 -1 2.08 2.27 4.75 -3.52 2.73 27.28 1.56
