Car 0.00 0 -1.48 -1 -1 -1 -1 2.17 2.56 4.80 -1.54 2.24 13.66 -1.60
Car 0.00 0 -1.61 -1 -1 -1 -1 3.06 3.16 7.00 -0.25 2.08 -8.25 -1.58
Car 0.00 0 0.19 -1 -1 -1 -1 2.05 2.43 5.29 4.53 2.05 -17.61 -0.06
Car 0.00 0 0.29 -1 -1 -1 -1 2.05 2.31 4.30 4.68 2.11 -15.16 -0.01
Car 0.00 0 0.30 -1 -1 -1 -1 1.96 2.34 4.94 4.79 2.09 -12.85 -0.06
Car 0.00 0 0.35 -1 -1 -1 -1 1.98 2.36 4.92 4.67 2.14 -10.48 -0.07
Car 0.00 0 0.47 -1 -1 -1 -1 1.98 2.38 4.83 4.64 2.12 -8.15 -0.05
Car 0.00 0 0.73 -1 -1 -1 -1 2.13 2.37 4.55 4.90 2.14 -5.53 0.00
Car 0.00 0 0.91 -1 -1 -1 -1 2.26 2.53 4.79 4.27 2.16 -3.32 -0.00
Car 0.00 0 -0.76 -1 -1 -1 -1 2.41 2.45 4.94 -4.02 2.23 3.47 -1.62
Car 0.00 0 -0.63 -1 -1 -1 -1 2.15 2.41 4.73 4.33 2.25 5.73 0.02
Car 0.00 0 1.34 -1 -1 -1 -1 2.32 2.44 4.93 4.76 2.32 -0.93 -0.04
Car 0.00 0 1.83 -1 -1 -1 -1 2.13 2.36 4.60 4.54 2.15 1.45 3.10
Car 0.00 0 -0.97 -1 -1 -1 -1 1.97 2.22 3.91 5.16 2.20 3.54 0.00
Car 0.00 0 -0.52 -1 -1 -1 -1 2.24 2.26 4.27 4.98 2.27 8.35 0.02
Car 0.00 0 -0.51 -1 -1 -1 -1 2.21 2.41 4.76 5.37 2.38 10.76 -0.04
Car 0.00 0 -0.47 -1 -1 -1 -1 2.00 2.36 4.28 5.22 2.26 13.31 -0.10
Car 0.00 0 2.70 -1 -1 -1 -1 2.00 2.59 5.17 4.85 2.32 15.85 3.00
Car 0.00 0 -0.44 -1 -1 -1 -1 2.01 2.20 4.23 5.12 2.37 17.91 -0.16
Car 0.00 0 2.73 -1 -1 -1 -1 2.14 2.49 4.90 4.38 2.31 20.13 2.94
Car 0.00 0 0.67 -1 -1 -1 -1 2.31 2.42 4.95 14.35 3.05 9.66 1.65
