Car 0.00 0 1.84 -1 -1 -1 -1 2.00 2.44 4.91 -0.26 1.36 -23.14 1.85
Car 0.00 0 1.52 -1 -1 -1 -1 2.00 2.37 4.95 -4.98 1.71 -15.03 1.84
Car 0.00 0 -1.14 -1 -1 -1 -1 2.02 2.23 4.15 1.94 1.79 -16.74 -1.26
Car 0.00 0 -1.51 -1 -1 -1 -1 2.16 2.47 4.85 -1.22 1.90 -10.13 -1.39
Car 0.00 0 -2.04 -1 -1 -1 -1 2.53 2.57 5.73 -14.14 2.06 11.09 -2.94
Car 0.00 0 -4.11 -1 -1 -1 -1 2.46 2.50 5.43 12.74 2.48 5.39 -2.94
Car 0.00 0 0.68 -1 -1 -1 -1 2.32 2.58 5.23 -9.14 2.37 16.88 0.18
Car 0.00 0 0.78 -1 -1 -1 -1 2.17 2.48 4.79 -19.47 2.84 24.79 0.12
Car 0.00 0 0.63 -1 -1 -1 -1 2.32 2.37 4.92 -15.18 2.78 24.32 0.07
Car 0.00 0 0.25 -1 -1 -1 -1 2.11 2.58 5.13 -2.51 3.00 23.47 0.14
Car 0.00 0 0.51 -1 -1 -1 -1 2.17 2.46 5.08 -10.11 3.01 23.85 0.11
Car 0.00 0 -1.47 -1 -1 -1 -1 2.16 2.50 4.65 -4.73 1.24 -23.94 -1.27
