Car 0.00 0 -2.90 -1 -1 -1 -1 1.99 2.46 4.53 4.87 2.04 -23.29 -3.11
Car 0.00 0 -1.70 -1 -1 -1 -1 2.40 2.51 5.18 -3.64 1.93 -20.87 -1.53
Car 0.00 0 -2.86 -1 -1 -1 -1 2.07 2.47 4.48 5.19 2.07 -20.85 -3.10
Car 0.00 0 -2.81 -1 -1 -1 -1 1.94 2.50 4.97 5.34 2.00 -18.38 -3.09
Car 0.00 0 -2.83 -1 -1 -1 -1 1.87 2.45 4.56 4.86 2.02 -16.05 -3.12
Car 0.00 0 0.35 -1 -1 -1 -1 2.02 2.40 4.27 5.16 2.11 -13.82 -0.01
Car 0.00 0 3.51 -1 -1 -1 -1 2.07 2.65 4.95 5.05 2.09 -11.36 3.09
Car 0.00 0 3.67 -1 -1 -1 -1 2.15 2.47 4.64 5.50 2.16 -8.93 3.11
Car 0.00 0 -2.47 -1 -1 -1 -1 1.96 2.49 4.89 5.10 2.25 -6.61 -3.13
Car 0.00 0 3.99 -1 -1 -1 -1 1.95 2.43 4.93 5.20 2.26 -4.19 3.10
Car 0.00 0 4.33 -1 -1 -1 -1 2.05 2.36 5.09 5.01 2.32 -1.77 3.10
Car 0.00 0 1.65 -1 -1 -1 -1 1.86 2.32 4.91 5.08 2.32 0.65 3.09
Car 0.00 0 2.07 -1 -1 -1 -1 1.95 2.36 4.83 4.89 2.33 2.96 3.09
Car 0.00 0 0.93 -1 -1 -1 -1 3.55 3.24 7.30 8.29 2.78 20.50 1.31
Car 0.00 0 2.23 -1 -1 -1 -1 1.90 2.54 4.92 5.18 2.33 5.37 3.00
Car 0.00 0 2.46 -1 -1 -1 -1 1.93 2.43 4.44 5.25 2.29 7.89 3.05
Car 0.00 0 2.61 -1 -1 -1 -1 2.21 2.73 5.19 5.52 2.45 10.66 3.09
Car 0.00 0 -1.41 -1 -1 -1 -1 2.18 2.43 4.79 -3.56 2.29 15.27 -1.64
Car 0.00 0 0.11 -1 -1 -1 -1 1.96 2.45 4.86 5.02 1.98 -28.07 -0.07
Car 0.00 0 3.28 -1 -1 -1 -1 1.84 2.45 4.50 4.77 1.96 -25.84 3.09
Car 0.00 0 0.12 -1 -1 -1 -1 1.97 2.30 4.60 10.54 2.68 1.45 1.55
