Car 0.00 0 -1.71 -1 -1 -1 -1 2.02 2.39 4.76 -2.26 2.13 -14.94 -1.56
Car 0.00 0 -1.36 -1 -1 -1 -1 2.13 2.46 4.45 3.88 2.22 -17.32 -1.58
Car 0.00 0 1.86 -1 -1 -1 -1 2.35 2.54 4.93 3.57 2.21 -11.06 1.55
Car 0.00 0 -2.01 -1 -1 -1 -1 2.01 2.43 4.94 3.35 2.38 7.62 -1.60
Car 0.00 0 -1.20 -1 -1 -1 -1 2.49 2.61 5.17 -3.16 2.31 8.32 -1.57
Car 0.00 0 -1.38 -1 -1 -1 -1 2.21 2.58 4.89 -3.08 2.31 14.07 -1.60
Car 0.00 0 -1.82 -1 -1 -1 -1 2.20 2.47 5.11 3.09 2.37 13.38 -1.59
Car 0.00 0 -1.70 -1 -1 -1 -1 2.07 2.43 4.95 2.93 2.50 23.40 -1.58
Car 0.00 0 -1.44 -1 -1 -1 -1 2.19 2.44 4.89 -3.37 2.37 20.83 -1.60
Car 0.00 0 -1.48 -1 -1 -1 -1 1.98 2.31 4.41 -3.53 2.44 26.11 -1.61
