Car 0.00 0 -2.87 -1 -1 -1 -1 2.04 2.33 4.92 5.08 2.15 -30.25 -3.04
Car 0.00 0 0.20 -1 -1 -1 -1 1.96 2.45 4.86 4.95 2.09 -18.30 -0.06
Car 0.00 0 3.38 -1 -1 -1 -1 1.84 2.45 4.50 4.69 2.06 -16.06 3.10
Car 0.00 0 -2.75 -1 -1 -1 -1 1.99 2.46 4.53 4.92 2.16 -13.32 -3.11
Car 0.00 0 -1.85 -1 -1 -1 -1 2.40 2.51 5.18 -3.76 2.06 -11.03 -1.52
Car 0.00 0 -2.66 -1 -1 -1 -1 2.07 2.47 4.48 5.20 2.19 -10.97 -3.10
Car 0.00 0 -2.50 -1 -1 -1 -1 1.94 2.50 4.97 5.72 2.19 -8.42 -3.09
Car 0.00 0 -2.47 -1 -1 -1 -1 1.87 2.45 4.56 4.76 2.17 -6.20 -3.12
Car 0.00 0 0.92 -1 -1 -1 -1 2.02 2.40 4.27 5.41 2.22 -4.01 -0.01
Car 0.00 0 4.36 -1 -1 -1 -1 2.07 2.65 4.95 4.92 2.25 -1.54 3.09
Car 0.00 0 1.71 -1 -1 -1 -1 2.15 2.47 4.64 5.37 2.26 0.87 3.12
Car 0.00 0 -4.12 -1 -1 -1 -1 1.96 2.49 4.89 4.96 2.26 3.18 -3.12
Car 0.00 0 2.37 -1 -1 -1 -1 1.95 2.43 4.93 5.08 2.30 5.58 3.11
Car 0.00 0 2.53 -1 -1 -1 -1 2.05 2.36 5.09 5.04 2.35 7.95 3.10
Car 0.00 0 2.64 -1 -1 -1 -1 1.86 2.32 4.91 4.96 2.35 10.33 3.09
Car 0.00 0 2.73 -1 -1 -1 -1 1.95 2.36 4.83 4.82 2.35 12.76 3.09
Car 0.00 0 0.23 -1 -1 -1 -1 2.13 2.19 4.46 5.37 2.30 -27.87 0.04
Car 0.00 0 2.76 -1 -1 -1 -1 1.93 2.43 4.44 5.28 2.37 17.91 3.04
Car 0.00 0 2.80 -1 -1 -1 -1 2.21 2.73 5.19 5.55 2.36 20.50 3.07
Car 0.00 0 -1.50 -1 -1 -1 -1 2.18 2.43 4.79 -3.51 2.28 25.18 -1.63
