Car 0.00 0 1.46 -1 -1 -1 -1 1.94 2.50 4.66 -4.79 2.08 -25.85 1.64
Car 0.00 0 -1.85 -1 -1 -1 -1 2.25 2.55 5.42 -4.39 2.16 -13.16 -1.53
Car 0.00 0 -1.19 -1 -1 -1 -1 2.01 2.54 5.31 3.02 2.18 -8.48 -1.54
Car 0.00 0 -0.55 -1 -1 -1 -1 2.06 2.55 5.03 -3.82 2.29 2.62 -1.52
Car 0.00 0 -0.87 -1 -1 -1 -1 2.11 2.52 5.05 3.17 2.21 -3.64 -1.58
Car 0.00 0 -2.01 -1 -1 -1 -1 2.00 2.54 4.93 -4.30 2.23 -7.63 -1.50
Car 0.00 0 -2.95 -1 -1 -1 -1 2.05 2.43 4.35 3.30 2.25 1.14 -1.71
Car 0.00 0 -1.05 -1 -1 -1 -1 2.23 2.49 4.50 -3.83 2.37 7.33 -1.53
Car 0.00 0 -2.04 -1 -1 -1 -1 2.02 2.56 5.60 3.27 2.28 6.40 -1.57
Car 0.00 0 -0.86 -1 -1 -1 -1 2.16 2.46 5.23 -1.26 2.32 14.86 -0.94
Car 0.00 0 -1.38 -1 -1 -1 -1 2.33 2.62 5.58 -3.19 2.56 19.08 -1.54
Car 0.00 0 1.32 -1 -1 -1 -1 2.50 2.65 5.07 3.78 2.32 13.88 1.59
Car 0.00 0 -3.61 -1 -1 -1 -1 2.27 2.35 4.84 -10.65 2.57 -18.62 -3.09
Car 0.00 0 -4.37 -1 -1 -1 -1 2.00 2.36 4.40 -9.54 2.28 -2.26 -3.03
Car 0.00 0 3.73 -1 -1 -1 -1 2.20 2.35 5.51 -8.59 2.49 11.93 3.11
Car 0.00 0 3.70 -1 -1 -1 -1 2.09 2.29 4.32 -9.03 2.39 14.17 3.13
Car 0.00 0 -1.71 -1 -1 -1 -1 2.08 2.51 4.72 4.07 2.40 27.29 -1.56
Car 0.00 0 -2.76 -1 -1 -1 -1 2.41 2.47 4.83 -8.55 2.47 24.41 -3.09
Car 0.00 0 -3.37 -1 -1 -1 -1 2.19 2.43 4.62 6.97 2.36 20.24 -3.04
