Car 0.00 0 -1.39 -1 -1 -1 -1 2.62 2.74 5.80 4.19 2.32 -18.54 -1.61
Car 0.00 0 -1.76 -1 -1 -1 -1 2.05 2.44 5.08 -2.70 2.33 -18.20 -1.61
Car 0.00 0 -2.26 -1 -1 -1 -1 1.98 2.44 4.97 -3.50 2.22 -4.55 -1.61
Car 0.00 0 2.89 -1 -1 -1 -1 1.94 2.50 4.66 -3.71 2.21 0.77 1.53
Car 0.00 0 -1.28 -1 -1 -1 -1 2.25 2.55 5.42 -4.38 2.27 13.79 -1.59
Car 0.00 0 -1.77 -1 -1 -1 -1 2.01 2.54 5.31 2.66 2.23 18.61 -1.63
Car 0.00 0 1.51 -1 -1 -1 -1 2.00 2.52 4.76 16.60 2.28 -0.78 -0.01
Car 0.00 0 1.14 -1 -1 -1 -1 2.41 2.52 5.13 16.89 2.22 -7.16 -0.03
Car 0.00 0 4.05 -1 -1 -1 -1 2.27 2.35 4.84 -10.19 2.11 7.67 3.12
Car 0.00 0 -1.43 -1 -1 -1 -1 2.06 2.55 5.03 -5.08 2.26 29.30 -1.60
Car 0.00 0 1.06 -1 -1 -1 -1 2.01 2.29 4.51 -10.35 2.10 5.14 -0.05
Car 0.00 0 -1.76 -1 -1 -1 -1 2.11 2.52 5.05 2.43 2.23 23.67 -1.65
Car 0.00 0 -1.42 -1 -1 -1 -1 2.33 2.56 5.14 5.28 2.39 -29.23 -1.60
Car 0.00 0 -1.85 -1 -1 -1 -1 2.05 2.43 4.35 2.15 2.11 28.62 -1.77
