Car 0.00 0 1.83 -1 -1 -1 -1 2.00 2.44 4.91 -0.47 1.24 -23.54 1.85
Car 0.00 0 1.52 -1 -1 -1 -1 2.00 2.37 4.95 -5.13 1.62 -15.54 1.84
Car 0.00 0 -1.15 -1 -1 -1 -1 2.02 2.23 4.15 1.77 1.53 -17.30 -1.26
Car 0.00 0 -1.52 -1 -1 -1 -1 2.16 2.47 4.85 -0.88 1.91 -8.26 -1.41
Car 0.00 0 -1.90 -1 -1 -1 -1 2.46 2.50 5.43 -19.46 1.89 11.60 -2.93
Car 0.00 0 -0.91 -1 -1 -1 -1 2.32 2.58 5.23 23.89 3.17 9.45 0.28
Car 0.00 0 0.80 -1 -1 -1 -1 2.22 2.60 4.73 -12.84 2.34 16.56 0.14
Car 0.00 0 0.22 -1 -1 -1 -1 2.11 2.58 5.13 -2.56 3.16 22.96 0.11
Car 0.00 0 0.49 -1 -1 -1 -1 2.17 2.46 5.08 -9.97 3.05 23.39 0.08
Car 0.00 0 0.65 -1 -1 -1 -1 2.32 2.37 4.92 -14.66 2.94 23.80 0.10
Car 0.00 0 -1.45 -1 -1 -1 -1 2.16 2.50 4.65 -3.39 1.24 -19.38 -1.27
