Car 0.00 0 -1.34 -1 -1 -1 -1 3.01 2.83 5.95 10.11 2.45 -28.58 -1.68
Car 0.00 0 -1.31 -1 -1 -1 -1 2.16 2.64 5.67 9.28 2.45 -22.39 -1.71
Car 0.00 0 1.99 -1 -1 -1 -1 2.64 2.93 5.94 7.87 2.34 -13.57 1.47
Car 0.00 0 -0.52 -1 -1 -1 -1 2.45 2.93 5.63 7.84 2.41 -4.80 -1.54
Car 0.00 0 -2.98 -1 -1 -1 -1 2.03 2.50 5.35 7.76 2.51 1.08 -1.55
Car 0.00 0 -1.41 -1 -1 -1 -1 3.37 3.50 8.83 -3.70 2.36 24.55 -1.56
Car 0.00 0 0.71 -1 -1 -1 -1 1.95 2.65 5.03 7.76 2.52 6.56 1.58
Car 0.00 0 1.17 -1 -1 -1 -1 2.15 2.40 4.84 3.17 2.25 7.80 1.56
Car 0.00 0 1.25 -1 -1 -1 -1 2.33 2.67 5.17 8.08 2.74 22.18 1.60
Car 0.00 0 -1.85 -1 -1 -1 -1 2.14 2.45 5.55 8.10 2.78 28.64 -1.58
