Car 0.00 0 -1.81 -1 -1 -1 -1 2.18 2.41 4.79 -2.84 1.97 -14.34 -1.62
Car 0.00 0 1.45 -1 -1 -1 -1 2.51 2.55 5.36 -2.68 1.86 -22.03 1.57
Car 0.00 0 -0.70 -1 -1 -1 -1 2.26 2.61 4.91 -3.45 2.19 3.22 -1.52
Car 0.00 0 -1.95 -1 -1 -1 -1 2.11 2.37 4.73 -3.12 2.07 -9.33 -1.63
Car 0.00 0 -1.32 -1 -1 -1 -1 1.98 2.33 5.00 -3.88 2.36 13.99 -1.59
Car 0.00 0 -1.22 -1 -1 -1 -1 2.00 2.29 4.60 -3.76 2.30 9.76 -1.59
Car 0.00 0 -2.35 -1 -1 -1 -1 2.32 2.46 5.51 -3.41 2.21 -3.57 -1.58
Car 0.00 0 -1.37 -1 -1 -1 -1 2.02 2.48 5.26 4.67 1.91 -24.08 -1.57
Car 0.00 0 -1.37 -1 -1 -1 -1 2.08 2.40 4.72 -3.93 2.38 19.52 -1.57
Car 0.00 0 1.75 -1 -1 -1 -1 2.22 2.49 5.02 -4.04 2.45 24.98 1.59
