Car 0.00 0 -1.76 -1 -1 -1 -1 2.23 2.48 4.89 0.69 2.04 -11.69 -1.82
Car 0.00 0 1.47 -1 -1 -1 -1 3.21 2.96 7.85 13.60 2.43 -9.07 0.49
Car 0.00 0 1.22 -1 -1 -1 -1 2.36 2.56 5.29 13.94 2.45 -13.08 0.40
Car 0.00 0 2.25 -1 -1 -1 -1 2.29 2.48 5.26 7.56 2.46 -3.70 1.14
Car 0.00 0 -0.02 -1 -1 -1 -1 2.48 2.75 5.57 3.17 2.21 0.30 1.46
Car 0.00 0 1.93 -1 -1 -1 -1 2.06 2.50 5.26 5.07 2.13 -6.77 1.28
Car 0.00 0 1.24 -1 -1 -1 -1 2.04 2.37 4.74 3.23 2.33 7.95 1.63
Car 0.00 0 1.31 -1 -1 -1 -1 2.00 2.43 4.17 3.72 2.31 13.65 1.57
Car 0.00 0 1.43 -1 -1 -1 -1 3.13 2.94 6.50 3.54 2.55 25.45 1.57
Car 0.00 0 0.95 -1 -1 -1 -1 2.32 2.73 5.76 5.94 2.35 7.79 1.61
Car 0.00 0 1.45 -1 -1 -1 -1 2.23 2.36 4.60 -9.10 1.31 -26.09 1.79
Car 0.00 0 3.63 -1 -1 -1 -1 3.07 2.59 6.01 20.69 2.83 -29.75 3.03
Car 0.00 0 1.43 -1 -1 -1 -1 2.29 2.37 4.60 8.34 2.24 -10.37 0.75
