Car 0.00 0 -2.19 -1 -1 -1 -1 2.34 2.52 4.93 -13.27 2.50 10.25 -3.10
Car 0.00 0 1.16 -1 -1 -1 -1 2.20 2.56 5.02 20.98 2.81 -13.64 0.16
Car 0.00 0 -2.26 -1 -1 -1 -1 2.07 2.50 4.99 20.83 2.70 -19.38 -3.08
Car 0.00 0 -1.60 -1 -1 -1 -1 2.11 2.30 4.72 21.09 3.04 1.74 -0.11
Car 0.00 0 -2.41 -1 -1 -1 -1 2.23 2.55 5.01 20.64 2.63 -27.07 -3.06
Car 0.00 0 -0.90 -1 -1 -1 -1 2.34 2.49 4.70 21.48 3.47 16.59 0.02
Car 0.00 0 0.56 -1 -1 -1 -1 2.01 2.20 4.31 -13.58 2.72 21.02 -0.01
Car 0.00 0 1.75 -1 -1 -1 -1 2.13 2.67 4.98 21.98 3.13 4.70 3.11
Car 0.00 0 -0.45 -1 -1 -1 -1 2.17 2.41 5.25 -16.57 2.55 7.20 -1.61
Car 0.00 0 -1.17 -1 -1 -1 -1 2.55 2.59 5.80 -12.72 2.26 -5.38 -0.00
Car 0.00 0 3.90 -1 -1 -1 -1 2.17 2.56 4.87 21.13 2.86 -22.03 3.14
Car 0.00 0 0.73 -1 -1 -1 -1 2.09 2.52 5.10 -16.09 2.34 -14.03 1.58
Car 0.00 0 2.34 -1 -1 -1 -1 2.04 2.40 4.88 21.79 3.38 24.43 3.07
