Car 0.00 0 0.86 -1 -1 -1 -1 2.55 2.59 5.80 -13.68 2.47 6.47 -0.27
Car 0.00 0 4.26 -1 -1 -1 -1 2.23 2.55 5.01 24.26 2.70 -5.82 2.92
Car 0.00 0 4.41 -1 -1 -1 -1 2.17 2.56 4.87 23.54 2.89 -0.77 2.87
Car 0.00 0 4.06 -1 -1 -1 -1 2.20 2.56 5.07 25.22 2.64 -11.25 2.91
Car 0.00 0 -1.19 -1 -1 -1 -1 2.62 3.03 5.71 -24.21 2.11 -25.52 -0.43
Car 0.00 0 -1.00 -1 -1 -1 -1 2.17 2.41 5.25 -20.77 2.78 17.54 -1.86
Car 0.00 0 0.63 -1 -1 -1 -1 1.99 2.37 4.74 8.02 2.48 8.86 1.37
Car 0.00 0 0.75 -1 -1 -1 -1 2.08 2.51 4.54 27.67 2.65 -19.57 -0.21
Car 0.00 0 4.13 -1 -1 -1 -1 2.13 2.52 4.99 24.87 2.71 -8.44 2.88
Car 0.00 0 1.38 -1 -1 -1 -1 2.07 2.50 4.99 22.44 2.91 1.72 2.87
Car 0.00 0 -1.34 -1 -1 -1 -1 2.20 2.56 5.02 21.10 3.18 7.38 -0.10
Car 0.00 0 -1.08 -1 -1 -1 -1 2.12 2.46 4.70 -17.36 2.20 -22.39 -0.42
Car 0.00 0 4.00 -1 -1 -1 -1 2.17 2.55 4.65 26.12 3.05 -15.11 2.96
Car 0.00 0 -0.05 -1 -1 -1 -1 2.09 2.52 5.10 -14.55 2.47 -2.92 1.32
Car 0.00 0 3.62 -1 -1 -1 -1 2.34 2.52 4.93 -18.20 2.74 21.32 2.91
