Car 0.00 0 1.57 -1 -1 -1 -1 2.00 2.37 4.95 -6.09 1.39 -16.53 1.92
Car 0.00 0 -1.15 -1 -1 -1 -1 2.02 2.23 4.15 0.70 1.49 -18.72 -1.18
Car 0.00 0 -1.49 -1 -1 -1 -1 2.16 2.47 4.85 -1.13 1.91 -8.06 -1.35
Car 0.00 0 -1.74 -1 -1 -1 -1 2.46 2.50 5.43 -28.75 1.86 14.33 -2.85
Car 0.00 0 0.28 -1 -1 -1 -1 2.22 2.60 4.73 -0.53 2.63 13.31 0.24
Car 0.00 0 0.24 -1 -1 -1 -1 2.11 2.58 5.13 -1.13 3.22 21.70 0.19
Car 0.00 0 0.53 -1 -1 -1 -1 2.17 2.46 5.08 -8.49 3.13 22.59 0.17
Car 0.00 0 0.71 -1 -1 -1 -1 2.32 2.37 4.92 -13.33 3.07 23.29 0.19
Car 0.00 0 0.77 -1 -1 -1 -1 2.17 2.48 4.79 -17.86 2.95 24.08 0.14
Car 0.00 0 -1.42 -1 -1 -1 -1 2.16 2.50 4.65 -4.17 1.20 -19.45 -1.21
Car 0.00 0 1.83 -1 -1 -1 -1 2.00 2.44 4.91 -1.80 1.07 -24.78 1.90
