Car 0.00 0 -1.83 -1 -1 -1 -1 2.13 2.48 5.09 -3.01 2.01 -15.76 -1.64
Car 0.00 0 1.55 -1 -1 -1 -1 2.13 2.50 4.92 10.62 2.15 -26.33 1.17
Car 0.00 0 2.00 -1 -1 -1 -1 2.05 2.35 4.39 8.26 2.25 -15.53 1.51
Car 0.00 0 2.63 -1 -1 -1 -1 2.18 2.61 5.75 7.21 2.35 -3.78 1.54
Car 0.00 0 -1.31 -1 -1 -1 -1 2.06 2.57 4.95 -3.59 2.25 13.60 -1.57
Car 0.00 0 1.24 -1 -1 -1 -1 2.13 2.51 4.86 5.33 2.68 21.94 1.48
Car 0.00 0 -1.40 -1 -1 -1 -1 2.07 2.57 4.96 -3.67 2.34 18.32 -1.60
Car 0.00 0 -0.65 -1 -1 -1 -1 2.39 2.65 5.45 -3.18 2.15 2.18 -1.62
Car 0.00 0 -2.23 -1 -1 -1 -1 2.25 2.45 4.83 -3.32 2.07 -4.51 -1.60
Car 0.00 0 1.69 -1 -1 -1 -1 2.51 2.53 5.98 -3.66 2.31 25.83 1.55
