Car 0.00 0 -1.71 -1 -1 -1 -1 1.98 2.39 4.38 -2.61 2.13 -22.86 -1.60
Car 0.00 0 -1.37 -1 -1 -1 -1 1.96 2.59 4.91 4.45 2.19 -25.67 -1.54
Car 0.00 0 -1.33 -1 -1 -1 -1 2.29 2.55 4.81 4.61 2.21 -19.37 -1.56
Car 0.00 0 -1.29 -1 -1 -1 -1 2.01 2.27 4.11 4.66 2.24 -14.56 -1.60
Car 0.00 0 -1.10 -1 -1 -1 -1 2.43 2.55 4.93 4.66 2.30 -9.26 -1.56
Car 0.00 0 -0.74 -1 -1 -1 -1 2.13 2.64 5.21 4.50 2.31 -3.99 -1.58
Car 0.00 0 -2.31 -1 -1 -1 -1 3.17 2.68 6.37 4.44 2.43 4.77 -1.56
Car 0.00 0 0.50 -1 -1 -1 -1 2.39 2.59 5.28 -2.65 2.10 -1.44 1.57
Car 0.00 0 1.28 -1 -1 -1 -1 2.52 3.05 5.57 4.53 2.66 15.60 1.56
Car 0.00 0 1.88 -1 -1 -1 -1 2.15 2.50 5.15 -2.80 2.25 10.34 1.62
Car 0.00 0 -3.90 -1 -1 -1 -1 1.95 2.30 4.41 -9.15 1.70 -9.43 -3.13
Car 0.00 0 -1.75 -1 -1 -1 -1 1.96 2.48 4.98 4.25 2.59 27.69 -1.60
Car 0.00 0 -1.42 -1 -1 -1 -1 2.38 2.50 4.94 -2.77 2.45 25.77 -1.52
