Car 0.00 0 1.41 -1 -1 -1 -1 2.35 2.49 4.89 -3.84 2.16 -25.16 1.56
Car 0.00 0 1.73 -1 -1 -1 -1 2.25 2.59 5.14 3.69 2.21 -27.17 1.60
Car 0.00 0 -1.73 -1 -1 -1 -1 2.04 2.28 4.31 -3.73 2.17 -19.62 -1.54
Car 0.00 0 -1.78 -1 -1 -1 -1 1.94 2.35 4.72 -3.58 2.23 -14.46 -1.53
Car 0.00 0 2.05 -1 -1 -1 -1 2.16 2.46 4.78 3.95 2.32 -8.79 1.63
Car 0.00 0 1.00 -1 -1 -1 -1 2.08 2.40 5.27 -3.07 2.18 -4.44 1.60
Car 0.00 0 2.49 -1 -1 -1 -1 2.13 2.51 4.87 4.14 2.35 -3.51 1.63
Car 0.00 0 0.23 -1 -1 -1 -1 1.88 2.38 4.52 4.13 2.36 0.91 1.58
Car 0.00 0 1.67 -1 -1 -1 -1 2.27 2.52 5.48 -1.96 2.31 26.70 1.59
Car 0.00 0 4.13 -1 -1 -1 -1 2.35 2.58 5.80 -17.08 1.62 10.29 3.10
