Car 0.00 0 -1.44 -1 -1 -1 -1 2.23 2.48 4.89 1.77 1.95 -25.41 -1.51
Car 0.00 0 0.86 -1 -1 -1 -1 2.50 2.78 4.77 19.30 3.46 -20.12 0.09
Car 0.00 0 1.43 -1 -1 -1 -1 2.33 2.52 4.62 19.75 3.92 -5.70 0.14
Car 0.00 0 1.58 -1 -1 -1 -1 2.36 2.63 4.45 20.62 3.98 -2.58 0.14
Car 0.00 0 -1.44 -1 -1 -1 -1 2.48 2.51 5.08 21.13 4.16 0.56 0.10
Car 0.00 0 -1.26 -1 -1 -1 -1 2.23 2.46 4.19 21.21 4.36 4.03 0.12
Car 0.00 0 -0.97 -1 -1 -1 -1 3.37 3.19 6.10 21.88 4.28 11.92 0.10
Car 0.00 0 2.53 -1 -1 -1 -1 2.19 2.39 4.73 12.09 2.87 -7.98 1.54
Car 0.00 0 0.96 -1 -1 -1 -1 2.36 2.41 4.48 19.29 4.12 -16.39 0.09
Car 0.00 0 1.21 -1 -1 -1 -1 2.33 2.67 4.77 20.44 4.21 -9.60 0.07
Car 0.00 0 -3.72 -1 -1 -1 -1 2.39 2.65 5.66 19.28 3.76 26.74 -3.10
