Car 0.00 0 -1.60 -1 -1 -1 -1 2.23 2.48 4.89 0.02 2.05 -11.61 -1.60
Car 0.00 0 -1.58 -1 -1 -1 -1 3.35 3.23 6.72 -0.83 2.43 25.01 -1.61
Car 0.00 0 1.06 -1 -1 -1 -1 2.16 2.52 4.88 -11.47 1.86 6.01 -0.03
Car 0.00 0 2.34 -1 -1 -1 -1 2.01 2.36 4.75 -10.48 1.82 9.90 1.52
Car 0.00 0 2.62 -1 -1 -1 -1 2.61 2.61 5.53 -18.21 1.70 9.04 1.51
Car 0.00 0 2.50 -1 -1 -1 -1 2.18 2.51 4.75 -13.03 1.87 9.66 1.57
Car 0.00 0 2.67 -1 -1 -1 -1 2.20 2.71 5.46 -20.78 1.74 8.42 1.49
Car 0.00 0 2.66 -1 -1 -1 -1 2.32 2.54 5.38 -25.64 1.74 8.68 1.41
Car 0.00 0 2.59 -1 -1 -1 -1 2.55 2.24 5.08 -27.95 1.65 7.91 1.30
Car 0.00 0 2.60 -1 -1 -1 -1 2.15 2.19 4.42 -15.42 1.85 9.47 1.58
Car 0.00 0 -0.50 -1 -1 -1 -1 2.02 2.29 4.37 -23.09 1.68 8.32 -1.72
