Car 0.00 0 0.07 -1 -1 -1 -1 2.55 2.59 5.80 -22.15 2.07 5.77 -1.25
Car 0.00 0 0.05 -1 -1 -1 -1 2.09 2.19 4.37 17.60 2.31 -5.00 -1.24
Car 0.00 0 0.60 -1 -1 -1 -1 1.97 2.48 4.99 -6.21 2.70 22.32 0.33
Car 0.00 0 1.07 -1 -1 -1 -1 2.50 2.60 5.60 -28.80 3.12 29.60 0.30
Car 0.00 0 -1.46 -1 -1 -1 -1 2.12 2.46 4.70 -1.01 1.84 -18.29 -1.40
Car 0.00 0 1.89 -1 -1 -1 -1 2.09 2.52 5.10 -14.64 2.22 0.03 0.33
Car 0.00 0 0.03 -1 -1 -1 -1 2.62 2.87 6.02 20.75 2.24 -6.26 -1.24
Car 0.00 0 1.52 -1 -1 -1 -1 2.20 2.56 5.07 14.13 3.63 28.70 1.98
Car 0.00 0 -1.52 -1 -1 -1 -1 2.62 3.03 5.71 -2.36 1.40 -26.47 -1.43
Car 0.00 0 1.40 -1 -1 -1 -1 2.17 2.55 4.65 17.88 3.53 27.37 1.97
Car 0.00 0 -1.87 -1 -1 -1 -1 2.08 2.51 4.54 22.28 3.51 25.95 -1.16
