Car 0.00 0 -1.69 -1 -1 -1 -1 2.55 2.43 4.71 -3.64 2.15 -24.90 -1.54
Car 0.00 0 1.38 -1 -1 -1 -1 2.35 2.49 4.89 -3.49 2.25 -18.93 1.56
Car 0.00 0 1.79 -1 -1 -1 -1 2.25 2.59 5.14 4.05 2.40 -20.66 1.60
Car 0.00 0 -1.82 -1 -1 -1 -1 2.04 2.28 4.31 -3.48 2.23 -13.28 -1.56
Car 0.00 0 -1.95 -1 -1 -1 -1 1.94 2.35 4.72 -3.37 2.27 -8.09 -1.56
Car 0.00 0 2.64 -1 -1 -1 -1 2.16 2.46 4.78 4.01 2.51 -2.28 1.59
Car 0.00 0 0.64 -1 -1 -1 -1 2.13 2.51 4.87 4.06 2.41 2.76 1.62
Car 0.00 0 1.08 -1 -1 -1 -1 1.88 2.38 4.52 3.99 2.41 7.45 1.57
Car 0.00 0 2.62 -1 -1 -1 -1 2.08 2.40 5.27 -3.11 2.18 1.89 1.60
Car 0.00 0 -1.42 -1 -1 -1 -1 2.22 2.48 4.65 3.99 2.64 -26.58 -1.57
