Car 0.00 0 1.41 -1 -1 -1 -1 2.18 2.53 5.23 -2.23 1.81 -22.13 1.51
Car 0.00 0 -1.83 -1 -1 -1 -1 2.33 2.34 4.81 -2.71 1.93 -15.84 -1.66
Car 0.00 0 -1.36 -1 -1 -1 -1 2.11 2.49 4.87 4.14 2.08 -13.55 -1.66
Car 0.00 0 -1.16 -1 -1 -1 -1 2.67 2.58 5.45 3.84 2.06 -7.76 -1.62
Car 0.00 0 -0.68 -1 -1 -1 -1 2.46 2.73 5.44 -3.44 2.15 2.96 -1.54
Car 0.00 0 -1.13 -1 -1 -1 -1 2.24 2.55 4.93 -3.49 2.37 8.24 -1.53
Car 0.00 0 -1.29 -1 -1 -1 -1 2.61 2.72 5.47 -3.21 2.48 14.73 -1.50
Car 0.00 0 -0.35 -1 -1 -1 -1 2.78 2.78 5.42 3.44 2.17 -1.30 -1.56
Car 0.00 0 -1.97 -1 -1 -1 -1 2.62 2.57 5.10 3.91 2.40 8.03 -1.52
Car 0.00 0 -1.36 -1 -1 -1 -1 2.83 2.58 5.62 -2.46 2.41 21.35 -1.47
Car 0.00 0 -1.81 -1 -1 -1 -1 2.09 2.43 4.76 3.97 2.51 13.09 -1.52
Car 0.00 0 -4.26 -1 -1 -1 -1 2.22 2.55 4.77 13.17 2.22 6.00 -3.11
Car 0.00 0 -4.09 -1 -1 -1 -1 2.15 2.43 4.85 12.61 2.30 8.85 -3.13
Car 0.00 0 -3.97 -1 -1 -1 -1 1.97 2.30 4.62 12.61 2.32 11.24 -3.13
Car 0.00 0 1.71 -1 -1 -1 -1 2.00 2.22 4.50 24.09 2.27 6.44 3.02
Car 0.00 0 -0.84 -1 -1 -1 -1 1.99 2.21 4.12 13.04 2.06 13.56 -0.08
