Car 0.00 0 -1.66 -1 -1 -1 -1 2.17 2.56 4.80 4.36 2.46 8.82 -1.20
Car 0.00 0 -2.90 -1 -1 -1 -1 3.06 3.16 7.00 0.64 2.15 -5.98 -3.01
Car 0.00 0 3.44 -1 -1 -1 -1 2.11 2.69 5.28 12.55 2.18 -5.21 2.27
Car 0.00 0 0.31 -1 -1 -1 -1 2.10 2.64 5.17 10.48 2.15 -3.71 -0.92
Car 0.00 0 0.37 -1 -1 -1 -1 2.08 2.43 5.13 8.20 2.25 -1.94 -0.97
Car 0.00 0 0.37 -1 -1 -1 -1 2.16 2.44 4.69 -19.82 2.24 5.14 -0.95
Car 0.00 0 1.06 -1 -1 -1 -1 2.22 2.93 5.39 -11.22 3.17 26.41 0.66
Car 0.00 0 -0.75 -1 -1 -1 -1 2.27 2.74 5.80 20.12 3.03 1.90 0.73
Car 0.00 0 0.40 -1 -1 -1 -1 2.28 2.36 4.75 -21.50 2.17 7.59 -0.83
Car 0.00 0 0.91 -1 -1 -1 -1 2.02 2.25 4.71 -6.04 3.06 22.00 0.64
Car 0.00 0 3.29 -1 -1 -1 -1 2.01 2.46 5.23 18.97 2.18 -10.51 2.23
