Car 0.00 0 -1.71 -1 -1 -1 -1 2.32 2.52 4.74 -3.28 2.05 -23.87 -1.57
Car 0.00 0 1.80 -1 -1 -1 -1 2.49 2.51 5.15 4.05 2.13 -16.80 1.57
Car 0.00 0 -1.82 -1 -1 -1 -1 2.19 2.57 5.48 -3.21 2.13 -12.20 -1.56
Car 0.00 0 -0.74 -1 -1 -1 -1 2.01 2.35 4.79 3.77 2.24 -3.39 -1.58
Car 0.00 0 -0.45 -1 -1 -1 -1 2.56 2.60 5.33 -3.18 2.18 1.47 -1.59
Car 0.00 0 -2.74 -1 -1 -1 -1 2.05 2.40 5.05 3.71 2.27 1.62 -1.58
Car 0.00 0 -1.08 -1 -1 -1 -1 2.00 2.35 4.27 -3.22 2.20 6.35 -1.55
Car 0.00 0 1.20 -1 -1 -1 -1 2.00 2.44 4.91 3.72 2.39 12.22 1.50
Car 0.00 0 1.73 -1 -1 -1 -1 2.00 2.37 4.95 -3.14 2.29 18.51 1.57
Car 0.00 0 2.64 -1 -1 -1 -1 2.00 2.24 4.50 -8.72 2.02 -17.18 3.11
Car 0.00 0 -1.79 -1 -1 -1 -1 2.02 2.23 4.15 3.83 2.35 19.23 -1.59
Car 0.00 0 -2.32 -1 -1 -1 -1 1.91 2.37 4.71 -12.83 2.14 13.34 -3.09
Car 0.00 0 3.81 -1 -1 -1 -1 2.06 2.30 4.17 -15.58 2.38 18.19 3.11
Car 0.00 0 -1.70 -1 -1 -1 -1 2.07 2.54 5.00 -3.11 2.05 -28.42 -1.59
Car 0.00 0 -4.20 -1 -1 -1 -1 1.97 2.16 3.93 -8.81 2.05 -4.86 -3.13
Car 0.00 0 -1.47 -1 -1 -1 -1 2.03 2.45 5.42 3.82 2.10 -24.17 -1.62
Car 0.00 0 2.26 -1 -1 -1 -1 2.17 2.31 4.62 -8.53 2.21 -7.10 3.13
Car 0.00 0 2.69 -1 -1 -1 -1 2.01 2.36 5.22 -8.14 2.37 -19.38 3.08
Car 0.00 0 3.98 -1 -1 -1 -1 2.32 2.45 4.47 -12.09 2.09 10.68 3.13
