Car 0.00 0 -1.80 -1 -1 -1 -1 2.39 2.65 5.45 -3.88 2.06 -20.51 -1.62
Car 0.00 0 -1.99 -1 -1 -1 -1 2.06 2.57 4.95 -4.11 2.12 -9.50 -1.58
Car 0.00 0 0.75 -1 -1 -1 -1 2.03 2.53 5.36 7.36 2.48 6.96 1.56
Car 0.00 0 2.79 -1 -1 -1 -1 2.04 2.40 4.95 5.21 2.25 -1.52 1.50
Car 0.00 0 2.52 -1 -1 -1 -1 2.51 2.53 5.98 -4.04 2.27 2.85 1.56
Car 0.00 0 -1.15 -1 -1 -1 -1 2.41 2.60 4.93 -4.12 2.34 9.82 -1.54
Car 0.00 0 1.06 -1 -1 -1 -1 1.99 2.37 4.44 7.01 2.54 12.70 1.56
Car 0.00 0 1.18 -1 -1 -1 -1 2.08 2.37 4.86 7.17 2.62 18.43 1.56
Car 0.00 0 1.43 -1 -1 -1 -1 2.03 2.39 4.62 3.94 2.55 26.17 1.58
Car 0.00 0 -1.29 -1 -1 -1 -1 2.01 2.18 5.02 -4.12 2.41 17.24 -1.52
Car 0.00 0 -1.37 -1 -1 -1 -1 2.02 2.24 4.32 -4.20 2.47 21.59 -1.56
Car 0.00 0 -1.43 -1 -1 -1 -1 2.07 2.26 4.04 -4.31 2.54 26.70 -1.59
Car 0.00 0 -2.31 -1 -1 -1 -1 2.07 2.57 4.96 -3.92 2.08 -4.27 -1.56
Car 0.00 0 1.80 -1 -1 -1 -1 2.13 2.51 4.86 6.60 2.16 -26.13 1.55
