Car 0.00 0 -1.45 -1 -1 -1 -1 2.62 2.74 5.80 4.02 2.15 -26.53 -1.60
Car 0.00 0 -1.71 -1 -1 -1 -1 2.05 2.44 5.08 -2.86 2.26 -26.18 -1.60
Car 0.00 0 -1.88 -1 -1 -1 -1 1.98 2.44 4.97 -3.57 2.27 -12.46 -1.60
Car 0.00 0 1.06 -1 -1 -1 -1 1.94 2.50 4.66 -3.74 2.27 -7.20 1.54
Car 0.00 0 -0.94 -1 -1 -1 -1 2.25 2.55 5.42 -4.31 2.33 5.78 -1.58
Car 0.00 0 -1.88 -1 -1 -1 -1 2.01 2.54 5.31 2.79 2.30 10.50 -1.62
Car 0.00 0 0.81 -1 -1 -1 -1 2.41 2.52 5.13 16.77 1.91 -15.35 -0.02
Car 0.00 0 1.58 -1 -1 -1 -1 2.27 2.35 4.84 -10.17 2.45 -0.22 3.13
Car 0.00 0 -1.37 -1 -1 -1 -1 2.06 2.55 5.03 -4.83 2.45 21.27 -1.59
Car 0.00 0 -1.35 -1 -1 -1 -1 2.01 2.29 4.51 -10.35 2.43 -2.76 -0.04
Car 0.00 0 -1.81 -1 -1 -1 -1 2.11 2.52 5.05 2.60 2.35 15.59 -1.65
Car 0.00 0 -1.16 -1 -1 -1 -1 2.00 2.54 4.93 -4.61 2.33 10.83 -1.56
Car 0.00 0 -1.88 -1 -1 -1 -1 2.05 2.43 4.35 2.39 2.25 20.55 -1.77
Car 0.00 0 -1.42 -1 -1 -1 -1 2.23 2.49 4.50 -5.12 2.42 26.10 -1.61
