Car 0.00 0 -1.19 -1 -1 -1 -1 2.17 2.56 4.80 1.80 2.28 11.37 -1.03
Car 0.00 0 -1.42 -1 -1 -1 -1 3.06 3.16 7.00 0.82 2.06 -7.05 -1.54
Car 0.00 0 0.42 -1 -1 -1 -1 2.01 2.20 4.23 5.50 2.07 -14.00 0.05
Car 0.00 0 -2.70 -1 -1 -1 -1 2.14 2.49 4.90 5.04 2.08 -11.54 -3.11
Car 0.00 0 -2.53 -1 -1 -1 -1 2.01 2.46 5.23 5.24 2.15 -9.23 -3.04
Car 0.00 0 -2.37 -1 -1 -1 -1 2.05 2.34 4.93 5.93 2.17 -6.33 -3.12
Car 0.00 0 4.59 -1 -1 -1 -1 2.11 2.69 5.28 6.37 2.21 -0.69 3.12
Car 0.00 0 -1.21 -1 -1 -1 -1 2.10 2.64 5.17 6.48 2.26 1.80 0.09
Car 0.00 0 1.14 -1 -1 -1 -1 1.93 2.31 5.31 6.64 2.19 -3.95 0.11
Car 0.00 0 -0.95 -1 -1 -1 -1 2.08 2.43 5.13 6.83 2.27 4.31 0.06
Car 0.00 0 0.27 -1 -1 -1 -1 2.00 2.36 4.28 5.52 2.08 -18.43 -0.02
