Car 0.00 0 -1.76 -1 -1 -1 -1 2.12 2.77 5.28 -0.74 1.91 -13.65 -1.70
Car 0.00 0 -1.66 -1 -1 -1 -1 2.48 2.48 4.91 -1.93 2.17 23.18 -1.74
Car 0.00 0 1.48 -1 -1 -1 -1 2.26 2.51 4.98 -7.40 2.33 2.68 0.25
Car 0.00 0 -4.40 -1 -1 -1 -1 2.01 2.39 4.85 -8.08 2.28 -0.00 -2.83
Car 0.00 0 2.05 -1 -1 -1 -1 2.02 2.56 5.31 3.23 2.13 -5.44 1.51
Car 0.00 0 1.29 -1 -1 -1 -1 2.09 2.52 4.96 2.44 2.31 12.94 1.47
Car 0.00 0 0.88 -1 -1 -1 -1 2.14 2.52 5.02 -7.10 2.43 5.59 -0.02
Car 0.00 0 -0.87 -1 -1 -1 -1 2.54 2.69 5.27 -9.00 2.15 -2.33 0.45
Car 0.00 0 0.78 -1 -1 -1 -1 2.16 2.58 5.17 18.24 2.13 -22.32 0.10
Car 0.00 0 1.58 -1 -1 -1 -1 2.02 2.48 4.65 5.97 2.11 -14.38 1.19
Car 0.00 0 -2.41 -1 -1 -1 -1 2.11 2.53 5.09 3.50 1.97 -23.20 -2.56
Car 0.00 0 3.85 -1 -1 -1 -1 2.69 2.87 5.23 -7.38 2.45 8.11 3.11
Car 0.00 0 -0.36 -1 -1 -1 -1 2.01 2.39 4.85 -11.46 2.07 -7.14 0.66
Car 0.00 0 -0.22 -1 -1 -1 -1 1.85 2.39 4.82 -13.24 2.03 -8.89 0.76
