Car 0.00 0 -1.38 -1 -1 -1 -1 2.07 2.43 4.95 3.20 2.29 -18.97 -1.54
Car 0.00 0 -1.75 -1 -1 -1 -1 2.19 2.44 4.89 -3.24 2.17 -21.03 -1.60
Car 0.00 0 -1.37 -1 -1 -1 -1 2.01 2.51 5.42 3.02 2.19 -12.39 -1.61
Car 0.00 0 -1.78 -1 -1 -1 -1 1.98 2.31 4.41 -3.26 2.23 -16.09 -1.58
Car 0.00 0 -2.00 -1 -1 -1 -1 2.19 2.51 4.59 -3.32 2.10 -7.35 -1.57
Car 0.00 0 -2.89 -1 -1 -1 -1 2.41 2.61 5.38 3.08 2.22 0.85 -1.59
Car 0.00 0 -0.99 -1 -1 -1 -1 2.20 2.37 4.62 -3.36 2.29 5.33 -1.55
Car 0.00 0 -1.83 -1 -1 -1 -1 1.95 2.52 4.99 3.00 2.31 12.03 -1.59
Car 0.00 0 1.78 -1 -1 -1 -1 2.08 2.27 4.75 -3.54 2.26 14.95 1.55
Car 0.00 0 -1.70 -1 -1 -1 -1 1.90 2.44 4.67 3.20 2.35 24.14 -1.57
Car 0.00 0 -3.02 -1 -1 -1 -1 2.06 2.46 5.39 -3.20 2.19 -0.48 -1.60
Car 0.00 0 -1.68 -1 -1 -1 -1 2.21 2.58 4.89 -2.95 2.36 -27.68 -1.58
Car 0.00 0 -1.44 -1 -1 -1 -1 2.20 2.47 5.11 3.16 2.43 -28.61 -1.55
Car 0.00 0 -1.78 -1 -1 -1 -1 2.02 2.40 5.29 3.27 2.24 18.50 -1.61
