Car 0.00 0 0.28 -1 -1 -1 -1 2.55 2.59 5.80 -19.66 2.18 7.62 -0.92
Car 0.00 0 -0.16 -1 -1 -1 -1 2.09 2.19 4.37 14.47 2.02 -15.53 -0.91
Car 0.00 0 1.61 -1 -1 -1 -1 2.23 2.55 5.01 17.62 3.79 21.45 2.30
Car 0.00 0 0.36 -1 -1 -1 -1 2.50 2.60 5.60 4.50 2.74 15.25 0.65
Car 0.00 0 -0.15 -1 -1 -1 -1 2.62 2.87 6.02 17.13 1.97 -17.43 -0.93
Car 0.00 0 1.75 -1 -1 -1 -1 2.17 2.56 4.87 13.91 3.80 24.95 2.26
Car 0.00 0 1.41 -1 -1 -1 -1 2.20 2.56 5.07 21.87 3.71 17.86 2.29
Car 0.00 0 2.11 -1 -1 -1 -1 1.97 2.48 4.99 28.93 2.75 -3.39 0.66
Car 0.00 0 -1.40 -1 -1 -1 -1 2.12 2.46 4.70 -6.54 1.72 -20.27 -1.09
Car 0.00 0 -0.89 -1 -1 -1 -1 2.09 2.52 5.10 -14.48 2.17 -0.53 0.64
Car 0.00 0 -1.42 -1 -1 -1 -1 2.62 3.03 5.71 -10.14 1.21 -27.13 -1.07
Car 0.00 0 1.27 -1 -1 -1 -1 2.17 2.55 4.65 24.93 3.73 15.33 2.29
Car 0.00 0 -2.00 -1 -1 -1 -1 2.08 2.51 4.54 28.68 3.70 12.61 -0.84
