Car 0.00 0 -0.90 -1 -1 -1 -1 2.17 2.56 4.80 5.29 2.34 7.04 -0.26
Car 0.00 0 -1.41 -1 -1 -1 -1 3.06 3.16 7.00 1.89 2.08 -6.22 -1.71
Car 0.00 0 3.88 -1 -1 -1 -1 2.11 2.69 5.28 7.28 2.19 -6.95 3.07
Car 0.00 0 0.88 -1 -1 -1 -1 2.10 2.64 5.17 7.03 2.25 -4.43 -0.13
Car 0.00 0 0.57 -1 -1 -1 -1 1.93 2.31 5.31 8.11 2.17 -9.98 -0.11
Car 0.00 0 1.18 -1 -1 -1 -1 2.08 2.43 5.13 6.88 2.30 -1.74 -0.14
Car 0.00 0 0.14 -1 -1 -1 -1 2.16 2.44 4.69 -6.47 2.78 23.90 -0.13
Car 0.00 0 3.55 -1 -1 -1 -1 2.05 2.34 4.93 7.71 2.12 -12.48 2.99
Car 0.00 0 2.75 -1 -1 -1 -1 2.27 2.74 5.80 17.63 3.02 -7.89 1.60
Car 0.00 0 0.23 -1 -1 -1 -1 2.28 2.36 4.75 -5.85 2.51 26.88 0.01
