Car 0.00 0 -2.08 -1 -1 -1 -1 2.96 2.72 5.22 -4.92 1.94 21.18 -2.31
Car 0.00 0 -1.61 -1 -1 -1 -1 2.10 2.56 4.92 0.89 2.00 -20.55 -1.66
Car 0.00 0 1.97 -1 -1 -1 -1 2.20 2.59 4.91 3.36 2.20 -8.00 1.57
Car 0.00 0 0.85 -1 -1 -1 -1 2.23 2.47 5.19 2.48 2.31 24.22 0.95
Car 0.00 0 -1.85 -1 -1 -1 -1 2.43 2.41 4.81 9.86 3.10 -3.11 -3.11
Car 0.00 0 -1.27 -1 -1 -1 -1 2.61 2.38 5.59 10.64 3.03 -0.39 -2.80
Car 0.00 0 -1.03 -1 -1 -1 -1 2.23 2.42 5.00 11.31 3.02 2.17 0.35
Car 0.00 0 -3.64 -1 -1 -1 -1 2.44 2.56 5.59 13.90 3.21 6.58 -2.51
Car 0.00 0 1.10 -1 -1 -1 -1 2.49 2.53 4.76 10.04 2.84 -5.43 0.02
Car 0.00 0 -3.34 -1 -1 -1 -1 1.88 2.51 4.94 16.95 2.89 10.75 -2.34
Car 0.00 0 0.13 -1 -1 -1 -1 2.03 2.25 4.39 0.52 2.54 29.18 0.15
