Car 0.00 0 -1.30 -1 -1 -1 -1 2.33 2.71 5.38 4.06 2.34 -15.23 -1.56
Car 0.00 0 -1.73 -1 -1 -1 -1 2.07 2.36 4.55 -3.50 2.04 -17.09 -1.53
Car 0.00 0 1.26 -1 -1 -1 -1 2.82 2.92 6.55 -3.41 2.11 -11.16 1.56
Car 0.00 0 -2.67 -1 -1 -1 -1 2.03 2.53 5.44 -3.50 2.25 -1.73 -1.56
Car 0.00 0 -0.91 -1 -1 -1 -1 2.55 2.43 4.71 -3.61 2.27 5.03 -1.53
Car 0.00 0 -2.45 -1 -1 -1 -1 2.22 2.48 4.65 3.99 2.48 3.32 -1.57
Car 0.00 0 1.84 -1 -1 -1 -1 2.35 2.49 4.89 -3.46 2.37 10.99 1.53
Car 0.00 0 1.18 -1 -1 -1 -1 2.25 2.59 5.14 4.03 2.64 9.24 1.59
Car 0.00 0 -1.37 -1 -1 -1 -1 2.04 2.28 4.31 -3.52 2.47 16.59 -1.58
Car 0.00 0 -1.41 -1 -1 -1 -1 1.94 2.35 4.72 -3.51 2.57 21.91 -1.57
Car 0.00 0 1.45 -1 -1 -1 -1 2.16 2.46 4.78 3.91 2.93 27.57 1.60
