Car 0.00 0 -1.63 -1 -1 -1 -1 2.23 2.48 4.89 0.46 1.98 -13.36 -1.66
Car 0.00 0 0.93 -1 -1 -1 -1 3.21 2.96 7.85 18.18 2.28 -17.93 0.14
Car 0.00 0 1.79 -1 -1 -1 -1 2.48 2.75 5.57 3.40 2.10 -8.28 1.40
Car 0.00 0 2.94 -1 -1 -1 -1 2.04 2.37 4.74 3.14 2.18 -0.66 1.58
Car 0.00 0 0.97 -1 -1 -1 -1 2.00 2.43 4.17 3.20 2.25 5.01 1.54
Car 0.00 0 1.39 -1 -1 -1 -1 2.56 2.80 5.70 2.43 2.44 22.65 1.50
Car 0.00 0 2.38 -1 -1 -1 -1 2.32 2.73 5.76 5.84 2.20 -5.31 1.54
Car 0.00 0 1.36 -1 -1 -1 -1 3.13 2.94 6.50 2.77 2.40 15.51 1.53
Car 0.00 0 1.42 -1 -1 -1 -1 2.29 2.48 5.26 10.13 2.33 -14.50 0.81
Car 0.00 0 -1.27 -1 -1 -1 -1 2.03 2.46 4.54 11.40 2.54 2.48 0.09
