Car 0.00 0 -1.66 -1 -1 -1 -1 2.02 2.39 4.76 -2.21 2.15 -23.24 -1.56
Car 0.00 0 1.71 -1 -1 -1 -1 2.35 2.54 4.93 3.60 2.05 -19.29 1.53
Car 0.00 0 -0.17 -1 -1 -1 -1 2.01 2.43 4.94 3.37 2.20 -0.57 -1.58
Car 0.00 0 -3.04 -1 -1 -1 -1 2.49 2.61 5.17 -3.21 2.20 -0.32 -1.57
Car 0.00 0 -1.09 -1 -1 -1 -1 2.21 2.58 4.89 -3.13 2.22 5.79 -1.59
Car 0.00 0 -2.11 -1 -1 -1 -1 2.20 2.47 5.11 3.00 2.24 5.05 -1.57
Car 0.00 0 -1.76 -1 -1 -1 -1 2.07 2.43 4.95 2.82 2.33 15.13 -1.58
Car 0.00 0 -1.34 -1 -1 -1 -1 2.19 2.44 4.89 -3.51 2.42 12.44 -1.61
Car 0.00 0 -1.76 -1 -1 -1 -1 2.01 2.51 5.42 2.56 2.43 21.10 -1.64
Car 0.00 0 -1.41 -1 -1 -1 -1 1.98 2.31 4.41 -3.71 2.41 17.81 -1.62
Car 0.00 0 -1.46 -1 -1 -1 -1 2.19 2.51 4.59 -3.93 2.58 25.94 -1.61
Car 0.00 0 -1.43 -1 -1 -1 -1 2.13 2.46 4.45 3.95 2.19 -25.60 -1.58
