Car 0.00 0 0.03 -1 -1 -1 -1 1.98 2.39 4.38 -2.99 2.17 0.09 -1.51
Car 0.00 0 -0.53 -1 -1 -1 -1 1.96 2.59 4.91 4.03 2.31 -2.59 -1.53
Car 0.00 0 -2.43 -1 -1 -1 -1 2.29 2.55 4.81 4.29 2.35 3.64 -1.56
Car 0.00 0 -2.10 -1 -1 -1 -1 2.01 2.27 4.11 4.47 2.44 8.74 -1.62
Car 0.00 0 -1.88 -1 -1 -1 -1 2.43 2.55 4.93 4.46 2.49 13.88 -1.57
Car 0.00 0 -1.81 -1 -1 -1 -1 2.13 2.64 5.21 4.40 2.53 18.94 -1.59
Car 0.00 0 -1.73 -1 -1 -1 -1 3.17 2.68 6.37 4.52 2.61 28.10 -1.57
Car 0.00 0 1.73 -1 -1 -1 -1 2.39 2.59 5.28 -2.62 2.58 21.51 1.61
Car 0.00 0 -2.53 -1 -1 -1 -1 1.95 2.30 4.41 -9.26 1.98 14.19 -3.11
Car 0.00 0 -1.74 -1 -1 -1 -1 2.83 2.58 5.62 -2.83 1.92 -23.26 -1.62
