Car 0.00 0 -1.73 -1 -1 -1 -1 2.32 2.52 4.74 -3.29 2.13 -21.17 -1.57
Car 0.00 0 1.84 -1 -1 -1 -1 2.49 2.51 5.15 4.01 2.18 -14.17 1.56
Car 0.00 0 -1.88 -1 -1 -1 -1 2.19 2.57 5.48 -3.17 2.15 -9.52 -1.56
Car 0.00 0 -0.21 -1 -1 -1 -1 2.01 2.35 4.79 3.73 2.27 -0.75 -1.58
Car 0.00 0 -0.95 -1 -1 -1 -1 2.56 2.60 5.33 -3.22 2.23 4.37 -1.59
Car 0.00 0 -2.30 -1 -1 -1 -1 2.05 2.40 5.05 3.76 2.31 4.29 -1.58
Car 0.00 0 -1.71 -1 -1 -1 -1 2.07 2.54 5.00 -3.11 2.04 -25.95 -1.59
Car 0.00 0 -4.46 -1 -1 -1 -1 1.97 2.16 3.93 -8.81 2.01 -2.19 -3.13
Car 0.00 0 -1.20 -1 -1 -1 -1 2.00 2.35 4.27 -3.25 2.24 8.91 -1.55
Car 0.00 0 1.26 -1 -1 -1 -1 2.00 2.44 4.91 3.70 2.39 14.88 1.50
Car 0.00 0 1.72 -1 -1 -1 -1 2.00 2.37 4.95 -3.17 2.32 21.09 1.57
Car 0.00 0 -1.57 -1 -1 -1 -1 1.96 2.38 4.36 4.06 2.12 -26.95 -1.72
Car 0.00 0 -1.45 -1 -1 -1 -1 2.03 2.45 5.42 3.82 2.12 -21.50 -1.62
Car 0.00 0 2.03 -1 -1 -1 -1 2.17 2.31 4.62 -8.53 1.93 -4.29 3.13
Car 0.00 0 2.54 -1 -1 -1 -1 2.00 2.24 4.50 -8.83 2.44 -14.63 3.08
Car 0.00 0 -1.77 -1 -1 -1 -1 2.02 2.23 4.15 3.82 2.35 21.87 -1.59
