Car 0.00 0 -1.43 -1 -1 -1 -1 2.36 2.62 5.46 2.56 2.04 -20.46 -1.56
Car 0.00 0 -1.79 -1 -1 -1 -1 2.12 2.41 4.70 -2.35 2.25 -10.52 -1.57
Car 0.00 0 -1.56 -1 -1 -1 -1 2.16 2.47 4.85 -0.11 2.01 -19.45 -1.55
Car 0.00 0 -1.41 -1 -1 -1 -1 2.10 2.25 4.18 2.60 2.12 -15.36 -1.58
Car 0.00 0 -1.15 -1 -1 -1 -1 1.99 2.26 4.46 2.38 2.13 -5.41 -1.57
Car 0.00 0 -2.93 -1 -1 -1 -1 1.90 2.35 4.94 -2.56 2.24 -0.55 -1.57
Car 0.00 0 -1.68 -1 -1 -1 -1 1.90 2.43 4.69 -2.31 2.09 -22.66 -1.58
Car 0.00 0 -1.82 -1 -1 -1 -1 2.04 2.47 4.78 2.27 2.28 10.36 -1.60
Car 0.00 0 -1.30 -1 -1 -1 -1 2.02 2.25 4.14 -2.73 2.40 8.76 -1.61
Car 0.00 0 -1.43 -1 -1 -1 -1 2.19 2.39 4.67 -2.61 2.41 19.21 -1.56
Car 0.00 0 -1.70 -1 -1 -1 -1 2.03 2.41 4.72 2.19 2.42 21.81 -1.60
Car 0.00 0 -1.49 -1 -1 -1 -1 2.23 2.51 4.81 -2.73 2.41 27.22 -1.59
