Car 0.00 0 -1.41 -1 -1 -1 -1 3.17 2.68 6.37 4.81 2.29 -26.98 -1.59
Car 0.00 0 1.85 -1 -1 -1 -1 2.52 3.05 5.57 4.63 2.37 -15.73 1.56
Car 0.00 0 1.45 -1 -1 -1 -1 2.15 2.50 5.15 -2.53 2.02 -21.15 1.57
Car 0.00 0 -0.75 -1 -1 -1 -1 1.96 2.48 4.98 3.95 2.29 -3.61 -1.58
Car 0.00 0 -2.01 -1 -1 -1 -1 2.38 2.50 4.94 -3.00 1.98 -5.99 -1.55
Car 0.00 0 -1.12 -1 -1 -1 -1 2.02 2.28 4.44 -3.25 2.20 7.32 -1.54
Car 0.00 0 -0.46 -1 -1 -1 -1 1.97 2.32 4.12 -3.28 2.17 1.69 -1.56
Car 0.00 0 0.58 -1 -1 -1 -1 2.09 2.46 4.93 3.90 2.41 2.66 1.55
Car 0.00 0 -2.07 -1 -1 -1 -1 2.02 2.40 4.92 4.08 2.43 8.08 -1.60
Car 0.00 0 -1.90 -1 -1 -1 -1 2.08 2.48 5.37 4.09 2.41 13.17 -1.60
Car 0.00 0 1.72 -1 -1 -1 -1 2.11 2.49 4.60 -2.95 2.26 22.63 1.59
Car 0.00 0 -1.70 -1 -1 -1 -1 2.35 2.57 4.87 4.43 2.55 25.16 -1.52
Car 0.00 0 0.48 -1 -1 -1 -1 2.16 2.17 4.70 -9.40 1.99 18.60 0.01
