Car 0.00 0 -1.77 -1 -1 -1 -1 2.06 2.57 4.95 -4.38 2.16 -20.39 -1.56
Car 0.00 0 -1.80 -1 -1 -1 -1 2.07 2.57 4.96 -4.08 2.14 -15.07 -1.54
Car 0.00 0 2.67 -1 -1 -1 -1 2.03 2.53 5.36 7.52 2.37 -4.04 1.59
Car 0.00 0 1.75 -1 -1 -1 -1 2.04 2.40 4.95 5.83 2.25 -25.25 1.53
Car 0.00 0 1.12 -1 -1 -1 -1 2.51 2.53 5.98 -3.98 2.14 -7.98 1.59
Car 0.00 0 -2.82 -1 -1 -1 -1 2.41 2.60 4.93 -3.85 2.15 -1.06 -1.52
Car 0.00 0 0.25 -1 -1 -1 -1 1.99 2.37 4.44 7.34 2.42 1.75 1.59
Car 0.00 0 0.78 -1 -1 -1 -1 2.08 2.37 4.86 7.64 2.44 7.34 1.58
Car 0.00 0 0.56 -1 -1 -1 -1 2.03 2.39 4.62 4.34 2.27 2.68 1.58
Car 0.00 0 -1.01 -1 -1 -1 -1 2.01 2.18 5.02 -3.67 2.20 6.30 -1.53
Car 0.00 0 -1.20 -1 -1 -1 -1 2.02 2.24 4.32 -3.64 2.24 10.60 -1.54
Car 0.00 0 -1.34 -1 -1 -1 -1 2.07 2.26 4.04 -3.56 2.28 15.85 -1.56
Car 0.00 0 -1.40 -1 -1 -1 -1 2.09 2.38 4.53 -3.66 2.28 22.26 -1.56
Car 0.00 0 1.27 -1 -1 -1 -1 2.10 2.52 5.34 7.73 2.52 23.04 1.59
Car 0.00 0 1.42 -1 -1 -1 -1 1.97 2.59 4.79 4.43 2.44 28.33 1.58
