Car 0.00 0 -1.41 -1 -1 -1 -1 2.07 2.43 4.95 3.18 1.98 -24.22 -1.54
Car 0.00 0 -1.72 -1 -1 -1 -1 2.19 2.44 4.89 -3.27 2.03 -26.20 -1.60
Car 0.00 0 -1.43 -1 -1 -1 -1 2.01 2.51 5.42 2.98 2.03 -17.51 -1.60
Car 0.00 0 -1.72 -1 -1 -1 -1 1.98 2.31 4.41 -3.35 2.04 -21.14 -1.57
Car 0.00 0 -1.82 -1 -1 -1 -1 2.19 2.51 4.59 -3.35 2.04 -12.45 -1.55
Car 0.00 0 -1.00 -1 -1 -1 -1 2.41 2.61 5.38 3.14 2.14 -4.68 -1.59
Car 0.00 0 -3.14 -1 -1 -1 -1 2.20 2.37 4.62 -3.33 2.14 -0.04 -1.58
Car 0.00 0 -2.01 -1 -1 -1 -1 1.95 2.52 4.99 3.03 2.32 6.83 -1.60
Car 0.00 0 1.89 -1 -1 -1 -1 2.08 2.27 4.75 -3.47 2.39 9.87 1.55
Car 0.00 0 -1.77 -1 -1 -1 -1 1.90 2.44 4.67 3.33 2.48 19.04 -1.59
Car 0.00 0 -2.11 -1 -1 -1 -1 2.06 2.46 5.39 -3.17 2.14 -5.69 -1.61
Car 0.00 0 -1.85 -1 -1 -1 -1 2.02 2.40 5.29 3.31 2.43 13.27 -1.61
