Car 0.00 0 -1.56 -1 -1 -1 -1 2.16 2.47 4.85 -0.03 1.98 -18.36 -1.56
Car 0.00 0 -1.44 -1 -1 -1 -1 1.99 2.26 4.46 2.70 2.04 -24.83 -1.55
Car 0.00 0 -1.69 -1 -1 -1 -1 1.90 2.35 4.94 -2.28 2.05 -19.79 -1.58
Car 0.00 0 -1.31 -1 -1 -1 -1 2.04 2.47 4.78 2.43 2.07 -8.81 -1.58
Car 0.00 0 -1.84 -1 -1 -1 -1 2.02 2.25 4.14 -2.51 2.16 -10.62 -1.60
Car 0.00 0 -3.01 -1 -1 -1 -1 2.19 2.39 4.67 -2.40 2.09 -0.35 -1.58
Car 0.00 0 -2.31 -1 -1 -1 -1 2.03 2.41 4.72 2.32 2.20 2.51 -1.57
Car 0.00 0 -1.28 -1 -1 -1 -1 2.23 2.51 4.81 -2.50 2.30 7.94 -1.58
Car 0.00 0 -1.89 -1 -1 -1 -1 2.02 2.26 4.62 2.35 2.25 7.96 -1.61
Car 0.00 0 -1.75 -1 -1 -1 -1 2.03 2.42 4.56 2.11 2.36 14.15 -1.60
Car 0.00 0 -1.42 -1 -1 -1 -1 2.06 2.42 4.11 -2.65 2.45 18.20 -1.57
Car 0.00 0 -1.72 -1 -1 -1 -1 2.05 2.43 4.26 2.18 2.42 24.05 -1.63
