Car 0.00 0 -1.68 -1 -1 -1 -1 2.61 2.54 6.25 -2.94 2.19 -25.89 -1.57
Car 0.00 0 -1.76 -1 -1 -1 -1 2.54 2.52 5.78 -3.01 2.09 -17.62 -1.60
Car 0.00 0 -1.90 -1 -1 -1 -1 2.34 2.55 4.68 -3.17 2.19 -10.81 -1.61
Car 0.00 0 -2.19 -1 -1 -1 -1 2.29 2.42 4.51 -3.29 2.21 -4.69 -1.57
Car 0.00 0 -0.03 -1 -1 -1 -1 2.17 2.20 4.17 -3.39 2.25 0.16 -1.56
Car 0.00 0 -0.96 -1 -1 -1 -1 2.18 2.28 4.59 -3.43 2.33 5.07 -1.56
Car 0.00 0 1.84 -1 -1 -1 -1 2.20 2.50 4.79 -3.37 2.24 10.62 1.53
Car 0.00 0 -1.32 -1 -1 -1 -1 2.28 2.48 4.67 -3.32 2.27 16.09 -1.52
Car 0.00 0 -1.31 -1 -1 -1 -1 2.16 2.39 4.54 -3.03 2.30 22.29 -1.45
Car 0.00 0 -1.35 -1 -1 -1 -1 2.41 2.40 4.80 -2.63 2.23 26.88 -1.45
