Car 0.00 0 1.84 -1 -1 -1 -1 2.00 2.44 4.91 0.26 1.48 -22.01 1.83
Car 0.00 0 1.50 -1 -1 -1 -1 2.00 2.37 4.95 -4.65 1.75 -14.10 1.82
Car 0.00 0 -1.13 -1 -1 -1 -1 2.02 2.23 4.15 2.34 1.80 -15.58 -1.28
Car 0.00 0 0.03 -1 -1 -1 -1 1.88 2.35 4.68 2.08 2.51 15.44 0.17
Car 0.00 0 -4.34 -1 -1 -1 -1 1.99 2.37 4.91 24.57 2.75 4.75 -2.96
Car 0.00 0 -1.43 -1 -1 -1 -1 2.16 2.47 4.85 -3.74 1.26 -22.92 -1.27
Car 0.00 0 0.24 -1 -1 -1 -1 2.11 2.58 5.13 -3.19 2.91 24.45 0.11
Car 0.00 0 0.47 -1 -1 -1 -1 2.17 2.46 5.08 -10.67 2.76 24.66 0.06
Car 0.00 0 0.60 -1 -1 -1 -1 2.32 2.37 4.92 -15.88 2.69 24.88 0.03
Car 0.00 0 0.75 -1 -1 -1 -1 2.17 2.48 4.79 -20.22 2.68 25.38 0.08
