Car 0.00 0 -1.62 -1 -1 -1 -1 2.17 2.56 4.80 0.50 2.54 8.47 -1.56
Car 0.00 0 2.37 -1 -1 -1 -1 3.06 3.16 7.00 -0.45 2.11 -9.44 2.42
Car 0.00 0 0.19 -1 -1 -1 -1 2.08 2.43 5.13 8.38 2.26 -0.02 -1.38
Car 0.00 0 1.12 -1 -1 -1 -1 2.22 2.93 5.39 -20.80 2.95 18.67 0.28
Car 0.00 0 -0.85 -1 -1 -1 -1 2.27 2.74 5.80 17.90 3.05 8.07 0.29
Car 0.00 0 0.98 -1 -1 -1 -1 2.02 2.25 4.71 -14.00 2.93 16.46 0.28
Car 0.00 0 3.32 -1 -1 -1 -1 2.11 2.69 5.28 13.36 2.16 -1.59 1.87
Car 0.00 0 0.16 -1 -1 -1 -1 2.10 2.64 5.17 10.99 2.14 -0.99 -1.32
Car 0.00 0 -2.69 -1 -1 -1 -1 2.16 2.44 4.69 -20.31 2.22 -4.57 -1.34
Car 0.00 0 -2.67 -1 -1 -1 -1 2.28 2.36 4.75 -22.80 2.15 -2.96 -1.23
