Car 0.00 0 -1.56 -1 -1 -1 -1 2.12 2.77 5.28 -0.90 1.87 -14.27 -1.49
Car 0.00 0 -1.61 -1 -1 -1 -1 2.48 2.48 4.91 -1.47 2.34 19.74 -1.69
Car 0.00 0 2.12 -1 -1 -1 -1 2.09 2.52 4.96 3.26 2.11 -5.16 1.56
Car 0.00 0 -0.49 -1 -1 -1 -1 2.26 2.51 4.98 -7.34 1.92 -7.19 0.31
Car 0.00 0 -3.47 -1 -1 -1 -1 2.01 2.39 4.85 -8.07 2.04 -9.71 -2.78
Car 0.00 0 -0.17 -1 -1 -1 -1 2.54 2.69 5.27 -9.41 2.03 -12.09 0.50
Car 0.00 0 1.28 -1 -1 -1 -1 2.02 2.56 5.31 5.61 1.80 -26.38 1.07
Car 0.00 0 0.10 -1 -1 -1 -1 2.01 2.39 4.85 -11.74 1.96 -16.93 0.71
Car 0.00 0 0.17 -1 -1 -1 -1 1.85 2.39 4.82 -13.65 1.90 -18.58 0.81
Car 0.00 0 -1.60 -1 -1 -1 -1 2.16 2.58 5.17 -2.81 2.56 28.67 -1.69
