Car 0.00 0 -1.91 -1 -1 -1 -1 2.10 2.52 5.15 -2.97 2.13 -7.69 -1.54
Car 0.00 0 1.32 -1 -1 -1 -1 2.39 2.59 5.42 -2.90 2.02 -13.41 1.53
Car 0.00 0 -1.72 -1 -1 -1 -1 2.16 2.35 4.81 -2.77 2.01 -19.98 -1.58
Car 0.00 0 -1.32 -1 -1 -1 -1 2.00 2.39 4.99 -2.99 2.26 12.33 -1.56
Car 0.00 0 -1.66 -1 -1 -1 -1 3.06 2.80 5.94 -2.69 1.97 -27.64 -1.56
Car 0.00 0 1.46 -1 -1 -1 -1 2.13 2.64 5.00 12.42 2.59 -0.21 -0.09
Car 0.00 0 1.08 -1 -1 -1 -1 1.92 2.29 4.08 11.95 2.66 -5.47 -0.07
Car 0.00 0 1.05 -1 -1 -1 -1 1.99 2.20 3.90 4.55 2.38 8.13 1.56
Car 0.00 0 1.21 -1 -1 -1 -1 1.93 2.31 4.50 4.22 2.35 13.51 1.51
Car 0.00 0 1.21 -1 -1 -1 -1 2.11 2.51 4.98 18.09 2.89 -4.71 -0.11
Car 0.00 0 -1.78 -1 -1 -1 -1 2.02 2.35 4.74 3.93 2.39 19.48 -1.58
Car 0.00 0 -1.77 -1 -1 -1 -1 2.13 2.46 4.69 3.99 2.46 24.69 -1.61
Car 0.00 0 -1.42 -1 -1 -1 -1 1.96 2.39 5.05 -3.22 2.20 22.90 -1.56
