Car 0.00 0 -1.21 -1 -1 -1 -1 1.99 2.39 5.16 3.74 2.09 -9.59 -1.58
Car 0.00 0 -1.80 -1 -1 -1 -1 1.97 2.40 4.41 -3.31 2.07 -15.41 -1.59
Car 0.00 0 -1.86 -1 -1 -1 -1 2.15 2.42 4.75 -3.34 2.15 -10.71 -1.56
Car 0.00 0 -2.12 -1 -1 -1 -1 2.00 2.36 4.65 -3.41 2.22 -5.65 -1.58
Car 0.00 0 0.08 -1 -1 -1 -1 1.95 2.30 4.65 3.74 2.27 0.33 1.56
Car 0.00 0 0.95 -1 -1 -1 -1 2.02 2.33 4.46 3.75 2.37 5.53 1.54
Car 0.00 0 -1.93 -1 -1 -1 -1 2.35 2.51 4.92 3.61 2.48 11.11 -1.62
Car 0.00 0 -1.25 -1 -1 -1 -1 2.26 2.43 4.97 -3.87 2.65 12.71 -1.55
Car 0.00 0 1.41 -1 -1 -1 -1 2.41 2.43 4.82 3.63 2.54 17.11 1.62
Car 0.00 0 1.42 -1 -1 -1 -1 1.98 2.42 5.25 3.43 2.72 23.74 1.57
Car 0.00 0 1.79 -1 -1 -1 -1 2.15 2.33 4.54 -3.96 2.66 18.66 1.59
