Car 0.00 0 -1.76 -1 -1 -1 -1 2.09 2.37 4.80 -3.59 1.75 -24.31 -1.61
Car 0.00 0 -1.39 -1 -1 -1 -1 2.09 2.41 5.01 3.28 1.78 -23.90 -1.53
Car 0.00 0 1.87 -1 -1 -1 -1 2.47 2.74 5.64 3.60 2.00 -13.30 1.61
Car 0.00 0 -1.79 -1 -1 -1 -1 1.97 2.34 4.44 -3.60 1.77 -18.91 -1.60
Car 0.00 0 -1.83 -1 -1 -1 -1 2.10 2.41 4.72 -3.37 1.87 -13.53 -1.59
Car 0.00 0 1.15 -1 -1 -1 -1 2.29 2.56 5.41 -3.58 2.06 -8.25 1.56
Car 0.00 0 -1.20 -1 -1 -1 -1 2.12 2.34 4.40 3.66 2.14 -7.84 -1.64
Car 0.00 0 -0.80 -1 -1 -1 -1 2.05 2.38 4.67 3.54 2.20 -3.48 -1.59
Car 0.00 0 -2.55 -1 -1 -1 -1 2.33 2.56 5.14 3.82 2.27 2.49 -1.56
Car 0.00 0 -0.61 -1 -1 -1 -1 2.26 2.41 4.90 -3.58 2.30 2.66 -1.54
Car 0.00 0 -1.87 -1 -1 -1 -1 2.62 2.74 5.80 3.56 2.44 13.29 -1.61
Car 0.00 0 -1.12 -1 -1 -1 -1 2.01 2.47 5.22 -3.52 2.30 7.85 -1.54
Car 0.00 0 -1.32 -1 -1 -1 -1 2.05 2.44 5.08 -3.41 2.35 13.57 -1.57
Car 0.00 0 -4.45 -1 -1 -1 -1 2.11 2.48 4.81 -11.44 2.46 -3.00 -3.13
Car 0.00 0 -1.42 -1 -1 -1 -1 1.98 2.44 4.97 -3.45 2.52 27.66 -1.54
