Car 0.00 0 -1.40 -1 -1 -1 -1 2.16 2.47 4.85 0.91 2.05 -20.55 -1.44
Car 0.00 0 -1.65 -1 -1 -1 -1 2.06 2.42 4.11 -1.71 2.03 -28.11 -1.59
Car 0.00 0 -1.44 -1 -1 -1 -1 2.05 2.43 4.26 3.04 2.19 -22.40 -1.58
Car 0.00 0 -0.51 -1 -1 -1 -1 2.01 2.38 4.67 3.37 2.32 -1.75 -1.60
Car 0.00 0 -2.43 -1 -1 -1 -1 2.26 2.35 4.17 3.46 2.34 3.01 -1.58
Car 0.00 0 -1.89 -1 -1 -1 -1 3.03 2.89 6.03 3.71 2.41 10.62 -1.56
Car 0.00 0 -1.45 -1 -1 -1 -1 1.95 2.44 4.28 -1.00 2.27 17.62 -1.51
Car 0.00 0 -2.18 -1 -1 -1 -1 2.11 2.37 4.69 -5.77 2.11 4.22 -3.12
Car 0.00 0 -2.38 -1 -1 -1 -1 2.05 2.26 4.37 -5.66 2.14 6.52 -3.09
Car 0.00 0 -2.51 -1 -1 -1 -1 2.00 2.34 4.27 -5.19 2.15 8.69 -3.05
Car 0.00 0 -1.80 -1 -1 -1 -1 1.95 2.40 4.60 3.90 2.43 16.16 -1.57
