Car 0.00 0 2.80 -1 -1 -1 -1 2.17 2.56 4.80 -2.55 1.63 -19.88 2.92
Car 0.00 0 -2.57 -1 -1 -1 -1 2.08 2.43 5.13 5.02 1.98 -10.14 -3.03
Car 0.00 0 -2.43 -1 -1 -1 -1 2.27 2.74 5.80 -4.78 2.07 -3.31 -1.47
Car 0.00 0 -2.40 -1 -1 -1 -1 2.10 2.64 5.17 5.43 2.07 -7.71 -3.02
Car 0.00 0 0.81 -1 -1 -1 -1 2.11 2.69 5.28 5.71 2.11 -5.09 -0.03
Car 0.00 0 -1.78 -1 -1 -1 -1 2.04 2.33 4.92 5.21 2.22 -1.71 -3.04
Car 0.00 0 -1.44 -1 -1 -1 -1 2.13 2.19 4.46 5.54 2.28 0.60 0.02
Car 0.00 0 -0.96 -1 -1 -1 -1 2.04 2.32 4.54 5.85 2.42 3.49 0.07
Car 0.00 0 -0.88 -1 -1 -1 -1 2.05 2.36 4.36 5.80 2.30 5.79 -0.09
Car 0.00 0 2.51 -1 -1 -1 -1 1.93 2.23 4.41 5.57 2.34 8.18 3.11
Car 0.00 0 -0.53 -1 -1 -1 -1 1.96 2.45 4.86 5.44 2.42 10.29 -0.04
Car 0.00 0 2.65 -1 -1 -1 -1 1.84 2.45 4.50 5.19 2.46 12.79 3.03
Car 0.00 0 2.66 -1 -1 -1 -1 1.99 2.46 4.53 5.44 2.53 15.40 3.00
Car 0.00 0 -1.31 -1 -1 -1 -1 2.40 2.51 5.18 -3.26 2.42 17.36 -1.49
Car 0.00 0 2.84 -1 -1 -1 -1 1.87 2.45 4.56 5.44 2.62 22.62 3.07
Car 0.00 0 -0.34 -1 -1 -1 -1 2.02 2.40 4.27 6.05 2.66 24.77 -0.10
