Car 0.00 0 -1.54 -1 -1 -1 -1 2.16 2.47 4.85 0.27 1.97 -17.68 -1.55
Car 0.00 0 -1.77 -1 -1 -1 -1 2.23 2.51 4.81 -2.33 2.07 -11.49 -1.57
Car 0.00 0 -1.16 -1 -1 -1 -1 2.03 2.42 4.56 2.39 2.15 -5.35 -1.58
Car 0.00 0 -2.55 -1 -1 -1 -1 2.06 2.42 4.11 -2.36 2.13 -1.55 -1.56
Car 0.00 0 -2.10 -1 -1 -1 -1 2.05 2.43 4.26 2.45 2.19 4.20 -1.57
Car 0.00 0 -1.70 -1 -1 -1 -1 2.01 2.38 4.67 2.62 2.42 24.81 -1.59
Car 0.00 0 -1.49 -1 -1 -1 -1 2.04 2.47 4.78 2.58 1.98 -28.57 -1.58
Car 0.00 0 -1.70 -1 -1 -1 -1 2.19 2.39 4.67 -2.17 2.07 -19.69 -1.59
Car 0.00 0 -1.41 -1 -1 -1 -1 2.03 2.41 4.72 2.44 2.08 -17.17 -1.55
Car 0.00 0 -1.40 -1 -1 -1 -1 2.02 2.26 4.62 2.53 2.12 -11.99 -1.61
