Car 0.00 0 -1.69 -1 -1 -1 -1 2.32 2.52 4.74 -3.25 2.01 -29.00 -1.58
Car 0.00 0 1.75 -1 -1 -1 -1 2.49 2.51 5.15 4.07 2.09 -21.92 1.56
Car 0.00 0 -1.74 -1 -1 -1 -1 2.19 2.57 5.48 -3.19 2.11 -17.33 -1.56
Car 0.00 0 -1.16 -1 -1 -1 -1 2.01 2.35 4.79 3.85 2.17 -8.58 -1.58
Car 0.00 0 -2.28 -1 -1 -1 -1 2.56 2.60 5.33 -3.17 2.15 -3.84 -1.59
Car 0.00 0 -0.72 -1 -1 -1 -1 2.05 2.40 5.05 3.76 2.22 -3.23 -1.58
Car 0.00 0 -0.37 -1 -1 -1 -1 2.00 2.35 4.27 -3.22 2.16 1.30 -1.55
Car 0.00 0 1.01 -1 -1 -1 -1 2.00 2.44 4.91 3.79 2.31 7.16 1.50
Car 0.00 0 1.80 -1 -1 -1 -1 2.00 2.37 4.95 -3.15 2.26 13.36 1.57
Car 0.00 0 2.74 -1 -1 -1 -1 2.00 2.24 4.50 -8.70 2.00 -22.28 3.11
Car 0.00 0 -1.86 -1 -1 -1 -1 2.02 2.23 4.15 3.81 2.30 14.21 -1.59
Car 0.00 0 -2.10 -1 -1 -1 -1 1.91 2.37 4.71 -12.82 2.23 8.16 -3.11
Car 0.00 0 3.98 -1 -1 -1 -1 2.06 2.30 4.17 -15.59 2.46 13.09 3.10
Car 0.00 0 2.76 -1 -1 -1 -1 2.01 2.36 5.22 -8.11 2.15 -24.56 3.08
Car 0.00 0 4.28 -1 -1 -1 -1 2.32 2.45 4.47 -12.08 2.18 5.45 3.13
