Car 0.00 0 -2.13 -1 -1 -1 -1 2.96 2.72 5.22 -12.70 1.81 16.63 -2.78
Car 0.00 0 -1.55 -1 -1 -1 -1 2.10 2.56 4.92 -0.56 1.84 -20.21 -1.52
Car 0.00 0 0.86 -1 -1 -1 -1 2.23 2.47 5.19 4.04 2.19 4.30 1.61
Car 0.00 0 -2.42 -1 -1 -1 -1 2.43 2.41 4.81 9.38 2.62 -13.56 -3.03
Car 0.00 0 -1.99 -1 -1 -1 -1 2.61 2.38 5.59 10.35 2.64 -10.89 -2.75
Car 0.00 0 1.31 -1 -1 -1 -1 2.23 2.42 5.00 11.07 2.61 -8.44 0.39
Car 0.00 0 -1.15 -1 -1 -1 -1 2.44 2.56 5.59 13.84 2.61 -4.08 -2.44
Car 0.00 0 0.60 -1 -1 -1 -1 2.49 2.53 4.76 9.36 2.52 -16.12 0.08
Car 0.00 0 -0.73 -1 -1 -1 -1 1.88 2.51 4.94 17.21 2.56 -0.29 -2.29
Car 0.00 0 0.48 -1 -1 -1 -1 2.48 2.41 5.10 -4.72 1.97 18.88 0.23
Car 0.00 0 -0.89 -1 -1 -1 -1 1.89 2.33 4.63 15.23 2.36 -1.85 -2.34
