Car 0.00 0 -1.74 -1 -1 -1 -1 2.03 2.53 5.44 -3.45 2.13 -20.50 -1.57
Car 0.00 0 -1.80 -1 -1 -1 -1 2.55 2.43 4.71 -3.51 2.13 -13.61 -1.54
Car 0.00 0 -1.31 -1 -1 -1 -1 2.22 2.48 4.65 4.18 2.30 -15.27 -1.58
Car 0.00 0 1.14 -1 -1 -1 -1 2.35 2.49 4.89 -3.40 2.16 -7.72 1.56
Car 0.00 0 2.02 -1 -1 -1 -1 2.25 2.59 5.14 4.11 2.30 -9.40 1.61
Car 0.00 0 -2.58 -1 -1 -1 -1 2.04 2.28 4.31 -3.49 2.26 -2.25 -1.58
Car 0.00 0 -0.79 -1 -1 -1 -1 1.94 2.35 4.72 -3.43 2.25 3.40 -1.58
Car 0.00 0 1.16 -1 -1 -1 -1 2.16 2.46 4.78 3.88 2.56 8.75 1.58
Car 0.00 0 1.84 -1 -1 -1 -1 2.08 2.40 5.27 -3.24 2.29 13.12 1.60
Car 0.00 0 1.32 -1 -1 -1 -1 2.13 2.51 4.87 3.96 2.53 14.02 1.59
Car 0.00 0 1.35 -1 -1 -1 -1 1.88 2.38 4.52 3.85 2.62 18.72 1.55
