Car 0.00 0 -1.46 -1 -1 -1 -1 2.62 2.74 5.80 3.90 2.12 -27.68 -1.60
Car 0.00 0 -1.71 -1 -1 -1 -1 2.05 2.44 5.08 -2.98 2.26 -27.31 -1.60
Car 0.00 0 -1.86 -1 -1 -1 -1 1.98 2.44 4.97 -3.67 2.22 -13.44 -1.60
Car 0.00 0 1.08 -1 -1 -1 -1 1.94 2.50 4.66 -3.79 2.25 -8.32 1.51
Car 0.00 0 -0.88 -1 -1 -1 -1 2.25 2.55 5.42 -4.18 2.33 4.68 -1.60
Car 0.00 0 -1.91 -1 -1 -1 -1 2.01 2.54 5.31 2.85 2.31 9.33 -1.62
Car 0.00 0 0.77 -1 -1 -1 -1 2.41 2.52 5.13 16.68 1.87 -16.58 -0.01
Car 0.00 0 1.71 -1 -1 -1 -1 2.27 2.35 4.84 -10.16 2.49 -1.48 3.13
Car 0.00 0 -1.36 -1 -1 -1 -1 2.06 2.55 5.03 -4.67 2.40 20.19 -1.59
Car 0.00 0 -1.20 -1 -1 -1 -1 2.01 2.29 4.51 -10.32 2.36 -3.98 -0.00
Car 0.00 0 -1.82 -1 -1 -1 -1 2.11 2.52 5.05 2.68 2.37 14.43 -1.64
Car 0.00 0 -1.11 -1 -1 -1 -1 2.00 2.54 4.93 -4.56 2.36 9.68 -1.55
Car 0.00 0 -1.89 -1 -1 -1 -1 2.05 2.43 4.35 2.51 2.28 19.40 -1.76
Car 0.00 0 -1.41 -1 -1 -1 -1 2.23 2.49 4.50 -4.99 2.46 24.96 -1.61
Car 0.00 0 3.71 -1 -1 -1 -1 2.00 2.36 4.40 -10.22 2.50 15.09 3.12
Car 0.00 0 -1.73 -1 -1 -1 -1 2.02 2.56 5.60 2.24 2.25 24.73 -1.64
Car 0.00 0 3.38 -1 -1 -1 -1 2.20 2.35 5.51 -9.94 2.48 29.20 3.05
