Car 0.00 0 -1.77 -1 -1 -1 -1 2.18 2.41 4.79 -2.67 2.02 -18.28 -1.63
Car 0.00 0 1.44 -1 -1 -1 -1 2.51 2.55 5.36 -2.41 1.91 -26.04 1.53
Car 0.00 0 -2.92 -1 -1 -1 -1 2.26 2.61 4.91 -3.44 2.28 -0.77 -1.57
Car 0.00 0 -1.86 -1 -1 -1 -1 2.11 2.37 4.73 -3.01 2.10 -13.37 -1.64
Car 0.00 0 -1.19 -1 -1 -1 -1 1.98 2.33 5.00 -3.94 2.29 9.86 -1.57
Car 0.00 0 -1.01 -1 -1 -1 -1 2.00 2.29 4.60 -3.88 2.28 5.67 -1.61
Car 0.00 0 -2.01 -1 -1 -1 -1 2.32 2.46 5.51 -3.33 2.17 -7.56 -1.60
Car 0.00 0 -1.40 -1 -1 -1 -1 2.02 2.48 5.26 4.95 1.91 -27.97 -1.58
Car 0.00 0 -1.32 -1 -1 -1 -1 2.08 2.40 4.72 -4.12 2.41 15.41 -1.58
Car 0.00 0 1.79 -1 -1 -1 -1 2.22 2.49 5.02 -4.29 2.47 20.85 1.58
Car 0.00 0 1.73 -1 -1 -1 -1 2.04 2.51 5.28 -4.43 2.58 26.66 1.57
