Car 0.00 0 -1.49 -1 -1 -1 -1 2.17 2.56 4.80 -0.96 2.32 11.31 -1.58
Car 0.00 0 -1.52 -1 -1 -1 -1 3.06 3.16 7.00 0.11 2.08 -7.35 -1.54
Car 0.00 0 -1.87 -1 -1 -1 -1 2.41 2.45 4.94 -4.06 2.11 -13.37 -1.58
Car 0.00 0 0.40 -1 -1 -1 -1 2.15 2.41 4.73 4.48 2.08 -11.15 0.02
Car 0.00 0 0.61 -1 -1 -1 -1 2.24 2.26 4.27 5.28 2.11 -8.68 0.06
Car 0.00 0 0.76 -1 -1 -1 -1 2.21 2.41 4.76 5.69 2.18 -6.34 0.03
Car 0.00 0 0.94 -1 -1 -1 -1 2.00 2.36 4.28 5.64 2.16 -3.67 -0.05
Car 0.00 0 4.45 -1 -1 -1 -1 2.00 2.59 5.17 5.33 2.21 -1.35 3.13
Car 0.00 0 -1.39 -1 -1 -1 -1 2.01 2.20 4.23 5.63 2.20 0.75 0.04
Car 0.00 0 2.06 -1 -1 -1 -1 2.14 2.49 4.90 4.97 2.19 3.05 3.08
Car 0.00 0 -3.89 -1 -1 -1 -1 2.01 2.46 5.23 5.19 2.25 5.42 -3.13
Car 0.00 0 -3.74 -1 -1 -1 -1 2.05 2.34 4.93 5.83 2.29 8.19 -3.13
Car 0.00 0 -3.55 -1 -1 -1 -1 2.11 2.69 5.28 6.26 2.29 13.96 -3.13
Car 0.00 0 -0.39 -1 -1 -1 -1 2.10 2.64 5.17 6.30 2.32 16.71 -0.03
Car 0.00 0 -0.54 -1 -1 -1 -1 1.93 2.31 5.31 6.47 2.30 10.76 0.00
Car 0.00 0 0.25 -1 -1 -1 -1 2.32 2.44 4.93 4.67 2.05 -17.96 -0.00
Car 0.00 0 2.72 -1 -1 -1 -1 2.31 2.42 4.95 14.35 2.82 -8.60 1.68
Car 0.00 0 -0.40 -1 -1 -1 -1 2.08 2.43 5.13 6.62 2.24 19.28 -0.07
