Car 0.00 0 -1.82 -1 -1 -1 -1 2.25 2.55 5.42 -5.74 2.00 -16.15 -1.48
Car 0.00 0 -1.26 -1 -1 -1 -1 2.01 2.54 5.31 2.06 2.08 -12.29 -1.42
Car 0.00 0 -1.11 -1 -1 -1 -1 2.11 2.52 5.05 2.74 2.16 -7.49 -1.46
Car 0.00 0 -1.84 -1 -1 -1 -1 2.00 2.54 4.93 -5.12 2.07 -10.65 -1.39
Car 0.00 0 -0.68 -1 -1 -1 -1 2.05 2.43 4.35 3.39 2.26 -2.60 -1.59
Car 0.00 0 -0.81 -1 -1 -1 -1 2.23 2.49 4.50 -2.96 2.31 4.15 -1.43
Car 0.00 0 -2.47 -1 -1 -1 -1 2.02 2.56 5.60 3.94 2.31 2.54 -1.47
Car 0.00 0 -0.79 -1 -1 -1 -1 2.16 2.46 5.23 -1.06 2.34 10.08 -0.90
Car 0.00 0 1.24 -1 -1 -1 -1 2.50 2.65 5.07 5.19 2.37 9.89 1.72
Car 0.00 0 -2.40 -1 -1 -1 -1 2.20 2.35 5.51 -7.31 2.39 9.19 -3.07
Car 0.00 0 -2.47 -1 -1 -1 -1 2.09 2.29 4.32 -7.51 2.28 11.47 -3.05
Car 0.00 0 -1.36 -1 -1 -1 -1 2.33 2.62 5.58 -1.23 2.40 15.82 -1.44
Car 0.00 0 -1.74 -1 -1 -1 -1 2.08 2.51 4.72 6.89 2.56 23.13 -1.46
Car 0.00 0 -2.72 -1 -1 -1 -1 2.41 2.47 4.83 -5.96 2.41 21.60 -2.99
Car 0.00 0 -4.04 -1 -1 -1 -1 2.00 2.36 4.40 -9.73 2.11 -4.75 -2.93
Car 0.00 0 -2.86 -1 -1 -1 -1 2.06 2.55 5.03 -3.54 2.20 -0.39 -1.39
Car 0.00 0 -3.52 -1 -1 -1 -1 2.27 2.35 4.84 -12.56 2.33 -20.97 -2.98
Car 0.00 0 -1.43 -1 -1 -1 -1 2.54 2.83 5.61 0.62 2.45 29.13 -1.41
Car 0.00 0 -1.69 -1 -1 -1 -1 2.03 2.51 5.10 7.71 2.47 28.34 -1.42
Car 0.00 0 -3.45 -1 -1 -1 -1 2.19 2.43 4.62 9.07 2.39 16.00 -2.93
