Car 0.00 0 -1.73 -1 -1 -1 -1 2.54 2.52 5.78 -2.81 2.16 -21.89 -1.60
Car 0.00 0 -1.82 -1 -1 -1 -1 2.34 2.55 4.68 -3.03 2.25 -15.03 -1.62
Car 0.00 0 -1.93 -1 -1 -1 -1 2.29 2.42 4.51 -3.21 2.23 -8.80 -1.58
Car 0.00 0 -2.25 -1 -1 -1 -1 2.17 2.20 4.17 -3.34 2.30 -4.08 -1.56
Car 0.00 0 -0.23 -1 -1 -1 -1 2.18 2.28 4.59 -3.42 2.35 0.83 -1.56
Car 0.00 0 2.01 -1 -1 -1 -1 2.20 2.50 4.79 -3.40 2.20 6.39 1.52
Car 0.00 0 -1.25 -1 -1 -1 -1 2.28 2.48 4.67 -3.41 2.18 11.90 -1.53
Car 0.00 0 -1.28 -1 -1 -1 -1 2.16 2.39 4.54 -3.16 2.19 18.01 -1.45
Car 0.00 0 -1.33 -1 -1 -1 -1 2.41 2.40 4.80 -2.79 2.08 22.66 -1.45
Car 0.00 0 1.52 -1 -1 -1 -1 2.60 2.42 4.57 16.60 2.07 0.53 3.06
Car 0.00 0 -1.42 -1 -1 -1 -1 2.02 2.40 4.86 -2.24 1.89 29.08 -1.50
