Car 0.00 0 -1.30 -1 -1 -1 -1 1.99 2.39 5.16 3.81 2.16 -13.12 -1.58
Car 0.00 0 -1.77 -1 -1 -1 -1 1.97 2.40 4.41 -3.26 2.22 -18.93 -1.60
Car 0.00 0 -1.79 -1 -1 -1 -1 2.15 2.42 4.75 -3.29 2.25 -14.21 -1.56
Car 0.00 0 -1.94 -1 -1 -1 -1 2.00 2.36 4.65 -3.39 2.29 -9.10 -1.58
Car 0.00 0 2.45 -1 -1 -1 -1 1.95 2.30 4.65 3.79 2.25 -3.11 1.56
Car 0.00 0 0.46 -1 -1 -1 -1 2.02 2.33 4.46 3.75 2.31 2.02 1.54
Car 0.00 0 -2.06 -1 -1 -1 -1 2.35 2.51 4.92 3.58 2.34 7.63 -1.62
Car 0.00 0 -1.15 -1 -1 -1 -1 2.26 2.43 4.97 -3.90 2.53 9.24 -1.55
Car 0.00 0 1.36 -1 -1 -1 -1 2.41 2.43 4.82 3.62 2.38 13.60 1.62
Car 0.00 0 1.40 -1 -1 -1 -1 1.98 2.42 5.25 3.40 2.47 20.24 1.56
Car 0.00 0 1.84 -1 -1 -1 -1 2.15 2.33 4.54 -4.01 2.49 15.12 1.58
