Car 0.00 0 1.69 -1 -1 -1 -1 2.08 2.36 4.48 -3.73 2.26 19.84 1.50
Car 0.00 0 -1.35 -1 -1 -1 -1 1.96 2.39 5.05 -3.63 2.25 14.96 -1.59
Car 0.00 0 -0.96 -1 -1 -1 -1 2.00 2.39 4.99 -3.21 2.23 4.42 -1.59
Car 0.00 0 1.73 -1 -1 -1 -1 2.51 2.55 5.36 -3.77 2.31 24.98 1.58
Car 0.00 0 -1.74 -1 -1 -1 -1 2.10 2.52 5.15 -2.75 2.06 -15.61 -1.57
Car 0.00 0 0.65 -1 -1 -1 -1 1.92 2.29 4.08 12.13 2.59 -13.05 -0.10
Car 0.00 0 -1.92 -1 -1 -1 -1 2.02 2.35 4.74 3.70 2.40 11.76 -1.61
Car 0.00 0 -1.87 -1 -1 -1 -1 2.13 2.46 4.69 3.58 2.46 16.87 -1.66
Car 0.00 0 -1.77 -1 -1 -1 -1 2.02 2.48 5.26 3.45 2.45 22.48 -1.62
Car 0.00 0 0.90 -1 -1 -1 -1 1.93 2.31 4.50 4.00 2.35 5.73 1.51
Car 0.00 0 3.07 -1 -1 -1 -1 1.99 2.20 3.90 4.53 2.34 -0.18 1.54
Car 0.00 0 1.39 -1 -1 -1 -1 2.39 2.59 5.42 -2.46 2.06 -21.42 1.51
Car 0.00 0 -1.68 -1 -1 -1 -1 2.16 2.35 4.81 -2.18 2.04 -27.87 -1.60
Car 0.00 0 0.89 -1 -1 -1 -1 2.13 2.64 5.00 12.48 2.70 -7.85 -0.11
