Car 0.00 0 -0.91 -1 -1 -1 -1 2.17 2.56 4.80 5.10 2.37 7.65 -0.32
Car 0.00 0 -1.39 -1 -1 -1 -1 3.06 3.16 7.00 1.66 2.09 -6.33 -1.64
Car 0.00 0 3.97 -1 -1 -1 -1 2.11 2.69 5.28 6.90 2.19 -6.37 3.14
Car 0.00 0 1.00 -1 -1 -1 -1 2.10 2.64 5.17 6.83 2.26 -3.83 -0.06
Car 0.00 0 0.63 -1 -1 -1 -1 1.93 2.31 5.31 7.53 2.17 -9.45 -0.04
Car 0.00 0 1.33 -1 -1 -1 -1 2.08 2.43 5.13 6.85 2.30 -1.15 -0.07
Car 0.00 0 0.13 -1 -1 -1 -1 2.16 2.44 4.69 -4.76 2.79 25.31 -0.06
Car 0.00 0 3.59 -1 -1 -1 -1 2.05 2.34 4.93 6.97 2.11 -11.89 3.06
Car 0.00 0 2.80 -1 -1 -1 -1 2.27 2.74 5.80 17.17 3.05 -7.94 1.66
Car 0.00 0 0.22 -1 -1 -1 -1 2.28 2.36 4.75 -3.97 2.56 28.24 0.08
