Car 0.00 0 -1.48 -1 -1 -1 -1 2.17 2.56 4.80 -1.76 2.35 13.87 -1.61
Car 0.00 0 -1.71 -1 -1 -1 -1 3.06 3.16 7.00 0.27 2.06 -9.09 -1.74
Car 0.00 0 0.32 -1 -1 -1 -1 2.23 2.58 5.38 5.02 2.05 -11.74 -0.09
Car 0.00 0 0.52 -1 -1 -1 -1 2.05 2.43 5.29 4.89 2.10 -6.72 -0.10
Car 0.00 0 0.83 -1 -1 -1 -1 2.05 2.31 4.30 4.85 2.14 -4.25 -0.02
Car 0.00 0 1.10 -1 -1 -1 -1 1.96 2.34 4.94 4.97 2.13 -2.02 -0.09
Car 0.00 0 -1.62 -1 -1 -1 -1 1.98 2.36 4.92 4.73 2.18 0.40 -0.13
Car 0.00 0 -1.10 -1 -1 -1 -1 1.98 2.38 4.83 4.51 2.20 2.67 -0.06
Car 0.00 0 -0.75 -1 -1 -1 -1 2.13 2.37 4.55 4.68 2.23 5.15 -0.01
Car 0.00 0 -0.55 -1 -1 -1 -1 2.26 2.53 4.79 4.10 2.23 7.47 -0.05
Car 0.00 0 -1.33 -1 -1 -1 -1 2.41 2.45 4.94 -4.57 2.33 13.84 -1.65
Car 0.00 0 -0.24 -1 -1 -1 -1 2.15 2.41 4.73 3.63 2.38 16.50 -0.03
Car 0.00 0 -0.50 -1 -1 -1 -1 2.32 2.44 4.93 4.35 2.26 10.15 -0.09
Car 0.00 0 2.58 -1 -1 -1 -1 2.13 2.36 4.60 3.91 2.26 12.59 2.88
Car 0.00 0 0.46 -1 -1 -1 -1 2.21 2.22 4.30 5.21 2.14 -9.27 -0.05
