Car 0.00 0 1.39 -1 -1 -1 -1 2.43 2.72 5.26 -3.83 2.02 -22.85 1.56
Car 0.00 0 1.76 -1 -1 -1 -1 2.34 2.68 5.23 4.35 2.14 -26.01 1.60
Car 0.00 0 1.22 -1 -1 -1 -1 2.09 2.52 4.67 -3.93 2.15 -10.63 1.57
Car 0.00 0 1.76 -1 -1 -1 -1 2.43 2.68 5.78 4.22 2.16 -20.21 1.55
Car 0.00 0 2.61 -1 -1 -1 -1 2.18 2.49 4.80 -3.76 2.20 2.20 1.57
Car 0.00 0 1.98 -1 -1 -1 -1 2.09 2.37 4.59 4.31 2.22 -11.46 1.62
Car 0.00 0 2.23 -1 -1 -1 -1 2.07 2.50 4.61 4.26 2.23 -5.50 1.58
Car 0.00 0 0.23 -1 -1 -1 -1 2.25 2.58 5.27 4.29 2.31 0.98 1.58
Car 0.00 0 1.05 -1 -1 -1 -1 2.02 2.48 5.04 4.40 2.42 6.75 1.62
Car 0.00 0 1.22 -1 -1 -1 -1 2.08 2.61 4.73 4.32 2.40 11.69 1.58
Car 0.00 0 1.38 -1 -1 -1 -1 2.02 2.30 5.02 4.44 2.41 18.32 1.62
Car 0.00 0 2.02 -1 -1 -1 -1 2.16 2.53 5.34 -3.71 2.28 7.97 1.59
Car 0.00 0 1.40 -1 -1 -1 -1 2.03 2.64 5.38 4.67 2.28 24.72 1.59
Car 0.00 0 0.71 -1 -1 -1 -1 2.12 2.40 4.88 -3.76 2.17 -3.43 1.54
