Car 0.00 0 -1.35 -1 -1 -1 -1 2.11 2.52 5.05 4.81 2.00 -12.40 -1.72
Car 0.00 0 -1.74 -1 -1 -1 -1 2.00 2.54 4.93 -2.11 2.04 -17.43 -1.62
Car 0.00 0 -1.28 -1 -1 -1 -1 2.05 2.43 4.35 4.19 2.08 -7.52 -1.79
Car 0.00 0 -0.73 -1 -1 -1 -1 2.02 2.56 5.60 3.53 2.16 -2.35 -1.71
Car 0.00 0 -0.46 -1 -1 -1 -1 2.16 2.46 5.23 -3.83 2.32 2.99 -1.37
Car 0.00 0 0.94 -1 -1 -1 -1 2.50 2.65 5.07 2.91 2.27 5.00 1.47
Car 0.00 0 4.24 -1 -1 -1 -1 2.09 2.29 4.32 -9.80 2.33 3.54 3.01
Car 0.00 0 -1.19 -1 -1 -1 -1 2.33 2.62 5.58 -4.72 2.38 9.11 -1.67
Car 0.00 0 -1.76 -1 -1 -1 -1 2.08 2.51 4.72 1.41 2.46 18.33 -1.69
Car 0.00 0 3.70 -1 -1 -1 -1 2.41 2.47 4.83 -10.78 2.44 13.78 3.03
Car 0.00 0 -1.42 -1 -1 -1 -1 2.54 2.83 5.61 -6.16 2.56 22.55 -1.69
Car 0.00 0 -2.07 -1 -1 -1 -1 2.06 2.55 5.03 -3.00 2.19 -7.01 -1.67
Car 0.00 0 -1.44 -1 -1 -1 -1 2.01 2.54 5.31 5.35 1.94 -17.17 -1.74
Car 0.00 0 -1.71 -1 -1 -1 -1 2.03 2.51 5.10 0.88 2.47 23.44 -1.67
Car 0.00 0 -2.68 -1 -1 -1 -1 2.23 2.49 4.50 -3.62 2.17 -2.42 -1.70
Car 0.00 0 4.40 -1 -1 -1 -1 2.20 2.35 5.51 -9.03 2.38 1.29 2.97
Car 0.00 0 -1.78 -1 -1 -1 -1 2.25 2.55 5.42 -1.31 2.07 -23.01 -1.73
Car 0.00 0 2.56 -1 -1 -1 -1 2.00 2.36 4.40 -7.96 2.36 -12.93 3.11
