Car 0.00 0 -1.72 -1 -1 -1 -1 2.17 2.47 5.09 -3.04 2.03 -18.12 -1.55
Car 0.00 0 1.32 -1 -1 -1 -1 2.08 2.47 4.75 -2.98 2.12 -13.05 1.55
Car 0.00 0 -0.88 -1 -1 -1 -1 2.31 2.62 5.24 -9.76 2.02 -8.52 -0.02
Car 0.00 0 0.22 -1 -1 -1 -1 2.27 2.40 5.01 -3.11 2.09 -0.77 1.55
Car 0.00 0 2.13 -1 -1 -1 -1 2.12 2.40 4.84 -3.20 2.25 5.02 1.56
Car 0.00 0 -2.30 -1 -1 -1 -1 1.95 2.42 5.02 3.96 2.38 4.54 -1.58
Car 0.00 0 -1.36 -1 -1 -1 -1 2.07 2.54 5.00 -3.19 2.38 15.59 -1.56
Car 0.00 0 -2.01 -1 -1 -1 -1 2.13 2.39 4.72 3.95 2.42 9.58 -1.62
Car 0.00 0 -1.98 -1 -1 -1 -1 1.96 2.38 4.36 3.88 2.47 14.47 -1.72
Car 0.00 0 -1.80 -1 -1 -1 -1 2.03 2.45 5.42 3.67 2.48 19.66 -1.62
Car 0.00 0 -1.40 -1 -1 -1 -1 2.32 2.52 4.74 -3.42 2.35 20.49 -1.57
Car 0.00 0 -2.36 -1 -1 -1 -1 2.00 2.26 4.21 -8.76 2.17 10.62 -3.05
Car 0.00 0 -1.69 -1 -1 -1 -1 3.18 2.60 5.58 -2.75 2.11 -23.83 -1.57
Car 0.00 0 0.67 -1 -1 -1 -1 2.41 2.46 4.62 17.05 2.52 -21.78 0.01
Car 0.00 0 2.15 -1 -1 -1 -1 1.98 2.29 4.33 -8.99 2.15 -6.01 3.14
Car 0.00 0 3.40 -1 -1 -1 -1 2.00 2.24 4.50 -8.84 1.87 27.11 3.08
