Car 0.00 0 1.88 -1 -1 -1 -1 2.74 2.71 5.52 -8.00 2.41 -28.27 2.15
Car 0.00 0 2.08 -1 -1 -1 -1 2.09 2.63 4.91 -1.20 2.40 -19.56 2.14
Car 0.00 0 1.22 -1 -1 -1 -1 2.03 2.51 5.00 10.98 2.29 6.11 2.28
Car 0.00 0 3.67 -1 -1 -1 -1 1.97 2.38 5.01 12.66 2.61 -15.80 2.99
Car 0.00 0 4.02 -1 -1 -1 -1 2.07 2.79 5.57 15.60 2.69 -11.57 3.09
Car 0.00 0 -1.78 -1 -1 -1 -1 2.17 2.42 4.96 -16.89 2.33 9.90 -2.82
Car 0.00 0 -1.93 -1 -1 -1 -1 2.43 2.79 5.50 -24.91 2.31 20.12 -2.82
Car 0.00 0 -1.96 -1 -1 -1 -1 1.95 2.29 4.55 16.94 3.35 -24.61 -2.57
Car 0.00 0 0.60 -1 -1 -1 -1 1.97 2.44 4.78 6.21 2.85 -25.20 0.36
Car 0.00 0 0.54 -1 -1 -1 -1 2.09 2.37 4.52 5.07 2.89 -27.57 0.35
Car 0.00 0 -1.54 -1 -1 -1 -1 2.23 2.57 5.04 -13.05 2.24 -26.13 -1.07
Car 0.00 0 1.31 -1 -1 -1 -1 2.07 2.41 5.07 26.76 2.64 24.30 2.14
Car 0.00 0 1.14 -1 -1 -1 -1 2.21 2.39 4.84 18.83 2.54 12.72 2.12
Car 0.00 0 -2.07 -1 -1 -1 -1 1.98 2.51 5.02 -14.53 2.38 16.42 -2.80
Car 0.00 0 -1.95 -1 -1 -1 -1 2.06 2.34 4.21 -29.91 2.30 21.85 -2.89
