Car 0.00 0 -1.77 -1 -1 -1 -1 2.23 2.49 4.50 -4.05 1.94 -16.36 -1.53
Car 0.00 0 -1.71 -1 -1 -1 -1 2.16 2.46 5.23 -3.79 2.01 -11.41 -1.39
Car 0.00 0 1.94 -1 -1 -1 -1 2.50 2.65 5.07 3.44 2.14 -9.58 1.59
Car 0.00 0 2.37 -1 -1 -1 -1 2.09 2.29 4.32 -9.45 1.94 -9.85 3.13
Car 0.00 0 -2.20 -1 -1 -1 -1 2.33 2.62 5.58 -3.75 2.04 -4.99 -1.55
Car 0.00 0 -2.33 -1 -1 -1 -1 2.08 2.51 4.72 3.46 2.33 3.64 -1.57
Car 0.00 0 -1.59 -1 -1 -1 -1 2.41 2.47 4.83 -9.05 2.08 0.50 -3.10
Car 0.00 0 -1.18 -1 -1 -1 -1 2.54 2.83 5.61 -3.50 2.33 8.83 -1.55
Car 0.00 0 -1.91 -1 -1 -1 -1 2.03 2.51 5.10 3.53 2.41 8.85 -1.53
Car 0.00 0 -1.81 -1 -1 -1 -1 1.91 2.19 4.22 -9.24 2.12 2.65 -3.10
Car 0.00 0 -1.86 -1 -1 -1 -1 2.20 2.51 5.04 3.61 2.48 14.42 -1.61
Car 0.00 0 -1.98 -1 -1 -1 -1 2.19 2.43 4.62 6.44 2.27 -3.34 -3.07
Car 0.00 0 1.33 -1 -1 -1 -1 2.03 2.39 4.90 3.78 2.57 19.39 1.53
Car 0.00 0 -1.71 -1 -1 -1 -1 1.99 2.33 4.53 4.05 2.54 26.33 -1.56
Car 0.00 0 -1.28 -1 -1 -1 -1 2.06 2.47 4.42 -3.39 2.38 13.60 -1.53
Car 0.00 0 1.65 -1 -1 -1 -1 2.14 2.59 5.12 -3.15 2.57 25.81 1.53
Car 0.00 0 -1.45 -1 -1 -1 -1 2.05 2.43 4.35 3.13 1.95 -22.54 -1.59
Car 0.00 0 -1.41 -1 -1 -1 -1 2.02 2.56 5.60 3.12 1.99 -17.19 -1.59
Car 0.00 0 -1.74 -1 -1 -1 -1 2.06 2.55 5.03 -3.91 1.88 -20.95 -1.56
Car 0.00 0 -3.72 -1 -1 -1 -1 2.20 2.35 5.51 -8.86 2.10 -11.94 -3.08
