Car 0.00 0 -1.70 -1 -1 -1 -1 2.54 2.52 5.78 -2.53 2.21 -28.36 -1.62
Car 0.00 0 -1.77 -1 -1 -1 -1 2.34 2.55 4.68 -2.84 2.24 -21.39 -1.63
Car 0.00 0 -1.79 -1 -1 -1 -1 2.29 2.42 4.51 -3.08 2.23 -15.15 -1.59
Car 0.00 0 -1.89 -1 -1 -1 -1 2.17 2.20 4.17 -3.26 2.22 -10.09 -1.58
Car 0.00 0 -2.11 -1 -1 -1 -1 2.18 2.28 4.59 -3.37 2.24 -5.65 -1.58
Car 0.00 0 0.05 -1 -1 -1 -1 2.20 2.50 4.79 -3.33 2.22 -0.36 1.51
Car 0.00 0 -0.98 -1 -1 -1 -1 2.28 2.48 4.67 -3.50 2.18 5.60 -1.54
Car 0.00 0 -1.19 -1 -1 -1 -1 2.16 2.39 4.54 -3.31 2.20 11.66 -1.47
Car 0.00 0 -1.29 -1 -1 -1 -1 2.41 2.40 4.80 -2.98 2.09 16.42 -1.47
Car 0.00 0 4.31 -1 -1 -1 -1 2.60 2.42 4.57 16.59 2.17 -5.38 3.05
Car 0.00 0 -1.40 -1 -1 -1 -1 2.02 2.40 4.86 -2.51 1.94 22.73 -1.51
Car 0.00 0 -1.40 -1 -1 -1 -1 1.99 2.38 4.38 -2.32 1.84 28.58 -1.48
Car 0.00 0 -1.72 -1 -1 -1 -1 2.18 2.58 5.16 4.68 1.95 25.49 -1.53
