Car 0.00 0 -1.56 -1 -1 -1 -1 2.16 2.47 4.85 0.02 1.92 -18.34 -1.56
Car 0.00 0 -1.43 -1 -1 -1 -1 1.99 2.26 4.46 2.73 2.03 -23.65 -1.55
Car 0.00 0 -1.70 -1 -1 -1 -1 1.90 2.35 4.94 -2.26 2.03 -18.60 -1.58
Car 0.00 0 -1.28 -1 -1 -1 -1 2.04 2.47 4.78 2.47 2.14 -7.62 -1.59
Car 0.00 0 -1.84 -1 -1 -1 -1 2.02 2.25 4.14 -2.44 2.17 -9.38 -1.59
Car 0.00 0 -0.44 -1 -1 -1 -1 2.19 2.39 4.67 -2.40 2.27 1.17 -1.56
Car 0.00 0 -2.15 -1 -1 -1 -1 2.03 2.41 4.72 2.30 2.21 3.69 -1.59
Car 0.00 0 -1.32 -1 -1 -1 -1 2.23 2.51 4.81 -2.49 2.34 9.07 -1.58
Car 0.00 0 -1.87 -1 -1 -1 -1 2.02 2.26 4.62 2.33 2.27 9.16 -1.62
Car 0.00 0 -1.75 -1 -1 -1 -1 2.03 2.42 4.56 2.06 2.37 15.33 -1.61
Car 0.00 0 -1.43 -1 -1 -1 -1 2.06 2.42 4.11 -2.70 2.49 19.34 -1.57
Car 0.00 0 -1.72 -1 -1 -1 -1 2.05 2.43 4.26 2.14 2.43 25.22 -1.63
