Car 0.00 0 -1.80 -1 -1 -1 -1 2.12 2.77 5.28 -0.56 1.95 -13.50 -1.76
Car 0.00 0 -1.65 -1 -1 -1 -1 2.48 2.48 4.91 -2.02 2.09 23.47 -1.74
Car 0.00 0 1.33 -1 -1 -1 -1 2.26 2.51 4.98 -7.39 2.33 3.91 0.24
Car 0.00 0 -1.43 -1 -1 -1 -1 2.01 2.39 4.85 -8.08 2.29 1.31 -2.84
Car 0.00 0 2.46 -1 -1 -1 -1 2.02 2.56 5.31 3.13 2.17 -2.25 1.51
Car 0.00 0 1.32 -1 -1 -1 -1 2.09 2.52 4.96 2.09 2.27 15.89 1.45
Car 0.00 0 0.78 -1 -1 -1 -1 2.14 2.52 5.02 -7.18 2.42 6.83 -0.03
Car 0.00 0 -1.02 -1 -1 -1 -1 2.54 2.69 5.27 -8.98 2.18 -1.08 0.44
Car 0.00 0 0.96 -1 -1 -1 -1 2.16 2.58 5.17 16.97 2.21 -20.64 0.28
Car 0.00 0 1.69 -1 -1 -1 -1 2.02 2.48 4.65 5.55 2.16 -11.58 1.24
Car 0.00 0 -2.45 -1 -1 -1 -1 2.11 2.53 5.09 4.80 1.97 -22.49 -2.66
Car 0.00 0 3.77 -1 -1 -1 -1 2.69 2.87 5.23 -7.49 2.43 9.38 3.10
Car 0.00 0 -0.45 -1 -1 -1 -1 2.01 2.39 4.85 -11.43 2.10 -5.92 0.65
Car 0.00 0 -0.30 -1 -1 -1 -1 1.85 2.39 4.82 -13.20 2.07 -7.68 0.75
