Car 0.00 0 0.96 -1 -1 -1 -1 2.55 2.59 5.80 -13.28 2.40 5.57 -0.21
Car 0.00 0 4.22 -1 -1 -1 -1 2.23 2.55 5.01 23.90 2.74 -8.72 3.00
Car 0.00 0 4.34 -1 -1 -1 -1 2.17 2.56 4.87 23.48 2.89 -3.70 2.93
Car 0.00 0 4.01 -1 -1 -1 -1 2.20 2.56 5.07 24.59 2.67 -14.25 2.96
Car 0.00 0 -1.16 -1 -1 -1 -1 2.62 3.03 5.71 -25.09 2.07 -25.73 -0.38
Car 0.00 0 -0.95 -1 -1 -1 -1 2.17 2.41 5.25 -19.76 2.69 16.98 -1.81
Car 0.00 0 0.23 -1 -1 -1 -1 1.99 2.37 4.74 9.02 2.38 3.71 1.41
Car 0.00 0 0.71 -1 -1 -1 -1 2.08 2.51 4.54 26.58 2.71 -22.66 -0.16
Car 0.00 0 4.07 -1 -1 -1 -1 2.13 2.52 4.99 24.37 2.74 -11.42 2.94
Car 0.00 0 4.45 -1 -1 -1 -1 2.07 2.50 4.99 22.51 2.91 -1.16 2.93
Car 0.00 0 -1.41 -1 -1 -1 -1 2.20 2.56 5.02 21.46 3.18 4.61 -0.05
Car 0.00 0 -1.03 -1 -1 -1 -1 2.12 2.46 4.70 -18.03 2.15 -22.92 -0.37
Car 0.00 0 0.05 -1 -1 -1 -1 2.09 2.52 5.10 -14.66 2.45 -3.76 1.37
Car 0.00 0 3.66 -1 -1 -1 -1 2.34 2.52 4.93 -17.01 2.66 20.63 2.97
Car 0.00 0 -1.08 -1 -1 -1 -1 2.11 2.30 4.72 18.37 3.18 19.60 -0.32
Car 0.00 0 2.21 -1 -1 -1 -1 2.13 2.67 4.98 18.65 3.23 22.71 2.90
