Car 0.00 0 1.36 -1 -1 -1 -1 2.20 2.61 5.27 -4.74 1.90 -17.59 1.62
Car 0.00 0 1.93 -1 -1 -1 -1 2.51 2.53 4.99 3.72 2.11 -10.87 1.60
Car 0.00 0 0.44 -1 -1 -1 -1 2.43 2.72 5.26 -4.18 2.20 -1.90 1.59
Car 0.00 0 1.09 -1 -1 -1 -1 2.13 2.40 4.98 -4.62 2.10 -8.14 1.60
Car 0.00 0 2.25 -1 -1 -1 -1 2.34 2.68 5.23 3.93 2.23 -5.14 1.60
Car 0.00 0 1.97 -1 -1 -1 -1 2.09 2.52 4.67 -4.02 2.43 10.61 1.61
Car 0.00 0 0.20 -1 -1 -1 -1 2.43 2.68 5.78 3.85 2.25 0.72 1.59
Car 0.00 0 1.82 -1 -1 -1 -1 2.12 2.40 4.88 -3.70 2.56 18.02 1.62
Car 0.00 0 1.75 -1 -1 -1 -1 2.18 2.49 4.80 -3.68 2.62 23.30 1.60
Car 0.00 0 1.21 -1 -1 -1 -1 2.09 2.37 4.59 4.15 2.49 9.48 1.62
Car 0.00 0 1.31 -1 -1 -1 -1 2.07 2.50 4.61 4.24 2.46 15.25 1.58
Car 0.00 0 1.38 -1 -1 -1 -1 2.25 2.58 5.27 4.40 2.65 21.72 1.58
Car 0.00 0 -1.77 -1 -1 -1 -1 2.47 2.65 5.14 -4.92 2.05 -25.18 -1.57
Car 0.00 0 1.72 -1 -1 -1 -1 2.16 2.53 5.34 -3.38 2.73 29.09 1.61
