Car 0.00 0 0.08 -1 -1 -1 -1 2.28 2.70 5.19 3.98 2.13 -7.88 -0.39
Car 0.00 0 -2.43 -1 -1 -1 -1 2.10 2.44 5.08 4.37 2.66 -25.15 -2.61
Car 0.00 0 -1.49 -1 -1 -1 -1 2.09 2.37 4.80 -9.80 2.37 11.12 -2.21
Car 0.00 0 -1.91 -1 -1 -1 -1 2.09 2.41 5.01 -4.16 2.33 15.02 -2.18
Car 0.00 0 -1.79 -1 -1 -1 -1 2.47 2.74 5.64 -10.48 2.35 24.19 -2.20
Car 0.00 0 -2.69 -1 -1 -1 -1 2.23 2.32 4.90 -0.65 2.98 -26.92 -2.67
Car 0.00 0 -1.53 -1 -1 -1 -1 1.97 2.34 4.44 -12.94 2.32 15.33 -2.24
Car 0.00 0 -1.54 -1 -1 -1 -1 2.10 2.41 4.72 -15.76 2.30 19.41 -2.22
Car 0.00 0 -1.88 -1 -1 -1 -1 1.97 2.38 4.34 13.63 3.06 -20.23 -2.47
Car 0.00 0 -1.59 -1 -1 -1 -1 2.11 2.50 5.13 21.90 3.03 -18.23 -2.46
Car 0.00 0 2.01 -1 -1 -1 -1 2.13 2.67 5.38 25.17 3.37 -26.41 1.25
