Car 0.00 0 -1.49 -1 -1 -1 -1 2.17 2.56 4.80 -1.16 2.22 12.10 -1.58
Car 0.00 0 -1.58 -1 -1 -1 -1 3.06 3.16 7.00 -0.08 2.07 -8.06 -1.57
Car 0.00 0 0.36 -1 -1 -1 -1 2.26 2.53 4.79 4.31 2.00 -12.60 0.03
Car 0.00 0 -2.20 -1 -1 -1 -1 2.41 2.45 4.94 -4.04 2.12 -5.63 -1.58
Car 0.00 0 0.94 -1 -1 -1 -1 2.15 2.41 4.73 4.49 2.11 -3.43 0.03
Car 0.00 0 0.43 -1 -1 -1 -1 2.32 2.44 4.93 4.76 2.00 -10.20 -0.01
Car 0.00 0 -2.58 -1 -1 -1 -1 2.13 2.36 4.60 4.57 2.07 -7.81 -3.11
Car 0.00 0 1.44 -1 -1 -1 -1 2.24 2.26 4.27 5.31 2.13 -0.93 0.04
Car 0.00 0 -1.33 -1 -1 -1 -1 2.21 2.41 4.76 5.62 2.20 1.42 -0.01
Car 0.00 0 -1.01 -1 -1 -1 -1 2.00 2.36 4.28 5.50 2.17 3.93 -0.06
Car 0.00 0 2.44 -1 -1 -1 -1 2.00 2.59 5.17 5.24 2.22 6.39 3.13
Car 0.00 0 -0.58 -1 -1 -1 -1 2.01 2.20 4.23 5.51 2.21 8.52 -0.01
Car 0.00 0 2.63 -1 -1 -1 -1 2.14 2.49 4.90 4.85 2.20 10.78 3.05
Car 0.00 0 2.69 -1 -1 -1 -1 2.01 2.46 5.23 4.97 2.26 13.33 3.05
Car 0.00 0 2.68 -1 -1 -1 -1 2.05 2.34 4.93 5.51 2.29 16.00 3.02
Car 0.00 0 2.83 -1 -1 -1 -1 2.11 2.69 5.28 5.85 2.28 21.77 3.09
Car 0.00 0 0.20 -1 -1 -1 -1 1.98 2.38 4.83 4.41 1.96 -17.41 -0.05
Car 0.00 0 0.75 -1 -1 -1 -1 1.97 2.22 3.91 5.22 2.16 -5.76 0.01
Car 0.00 0 3.19 -1 -1 -1 -1 2.31 2.42 4.95 14.33 2.69 -0.83 1.68
Car 0.00 0 -0.33 -1 -1 -1 -1 1.93 2.31 5.31 6.31 2.27 18.53 -0.01
