Car 0.00 0 1.76 -1 -1 -1 -1 2.47 2.74 5.64 3.62 1.81 -22.82 1.60
Car 0.00 0 1.40 -1 -1 -1 -1 2.29 2.56 5.41 -3.59 1.92 -17.76 1.60
Car 0.00 0 -1.37 -1 -1 -1 -1 2.12 2.34 4.40 3.67 1.98 -17.15 -1.58
Car 0.00 0 -1.31 -1 -1 -1 -1 2.05 2.38 4.67 3.60 2.02 -12.84 -1.59
Car 0.00 0 -1.04 -1 -1 -1 -1 2.33 2.56 5.14 3.85 2.15 -6.91 -1.55
Car 0.00 0 -2.00 -1 -1 -1 -1 2.26 2.41 4.90 -3.49 2.12 -6.93 -1.54
Car 0.00 0 -2.33 -1 -1 -1 -1 2.62 2.74 5.80 3.64 2.28 3.83 -1.57
Car 0.00 0 -2.68 -1 -1 -1 -1 2.01 2.47 5.22 -3.33 2.12 -1.57 -1.55
Car 0.00 0 -0.92 -1 -1 -1 -1 2.05 2.44 5.08 -3.28 2.28 4.27 -1.57
Car 0.00 0 -1.36 -1 -1 -1 -1 1.98 2.44 4.97 -3.23 2.46 18.19 -1.54
Car 0.00 0 -1.73 -1 -1 -1 -1 2.10 2.41 4.72 -3.42 1.88 -22.96 -1.58
Car 0.00 0 1.72 -1 -1 -1 -1 1.94 2.50 4.66 -3.04 2.46 23.50 1.59
