Car 0.00 0 -1.61 -1 -1 -1 -1 2.23 2.48 4.89 -0.03 1.99 -7.03 -1.60
Car 0.00 0 -1.60 -1 -1 -1 -1 3.35 3.23 6.72 -0.38 2.40 19.48 -1.62
Car 0.00 0 0.78 -1 -1 -1 -1 2.16 2.52 4.88 -11.71 1.76 11.03 -0.03
Car 0.00 0 2.13 -1 -1 -1 -1 2.01 2.36 4.75 -10.36 1.76 14.91 1.52
Car 0.00 0 2.41 -1 -1 -1 -1 2.61 2.61 5.53 -18.06 1.54 14.23 1.51
Car 0.00 0 2.48 -1 -1 -1 -1 2.20 2.71 5.46 -20.72 1.50 13.64 1.49
Car 0.00 0 2.49 -1 -1 -1 -1 2.32 2.54 5.38 -25.58 1.44 13.93 1.42
Car 0.00 0 2.43 -1 -1 -1 -1 2.55 2.24 5.08 -27.89 1.32 13.18 1.30
Car 0.00 0 2.24 -1 -1 -1 -1 2.18 2.51 4.75 -12.90 1.93 14.84 1.52
Car 0.00 0 -0.68 -1 -1 -1 -1 2.02 2.29 4.37 -23.03 1.41 13.55 -1.71
