Car 0.00 0 1.47 -1 -1 -1 -1 1.94 2.50 4.66 -5.19 2.06 -26.32 1.66
Car 0.00 0 -1.83 -1 -1 -1 -1 2.25 2.55 5.42 -4.63 2.17 -13.64 -1.51
Car 0.00 0 -1.21 -1 -1 -1 -1 2.01 2.54 5.31 2.89 2.11 -9.15 -1.52
Car 0.00 0 -0.45 -1 -1 -1 -1 2.06 2.55 5.03 -3.78 2.25 2.27 -1.48
Car 0.00 0 -0.93 -1 -1 -1 -1 2.11 2.52 5.05 3.15 2.17 -4.27 -1.57
Car 0.00 0 -1.97 -1 -1 -1 -1 2.00 2.54 4.93 -4.41 2.22 -8.15 -1.47
Car 0.00 0 -3.12 -1 -1 -1 -1 2.05 2.43 4.35 3.34 2.26 0.49 -1.69
Car 0.00 0 -1.03 -1 -1 -1 -1 2.23 2.49 4.50 -3.66 2.34 6.80 -1.52
Car 0.00 0 -2.09 -1 -1 -1 -1 2.02 2.56 5.60 3.39 2.28 5.78 -1.56
Car 0.00 0 -0.79 -1 -1 -1 -1 2.16 2.46 5.23 -1.20 2.32 13.94 -0.88
Car 0.00 0 -1.37 -1 -1 -1 -1 2.33 2.62 5.58 -2.86 2.55 18.58 -1.52
Car 0.00 0 1.31 -1 -1 -1 -1 2.50 2.65 5.07 4.02 2.33 13.17 1.61
Car 0.00 0 -3.59 -1 -1 -1 -1 2.27 2.35 4.84 -10.94 2.56 -19.03 -3.07
Car 0.00 0 -4.31 -1 -1 -1 -1 2.00 2.36 4.40 -9.56 2.28 -2.70 -3.01
Car 0.00 0 3.76 -1 -1 -1 -1 2.20 2.35 5.51 -8.38 2.49 11.47 3.13
Car 0.00 0 -2.57 -1 -1 -1 -1 2.09 2.29 4.32 -8.78 2.39 13.73 -3.14
Car 0.00 0 -1.71 -1 -1 -1 -1 2.08 2.51 4.72 4.54 2.41 26.62 -1.54
Car 0.00 0 -2.75 -1 -1 -1 -1 2.41 2.47 4.83 -8.13 2.48 23.95 -3.08
Car 0.00 0 -3.38 -1 -1 -1 -1 2.19 2.43 4.62 7.32 2.38 19.53 -3.02
