Car 0.00 0 -1.11 -1 -1 -1 -1 2.17 2.56 4.80 6.28 2.50 5.99 -0.30
Car 0.00 0 -1.57 -1 -1 -1 -1 3.06 3.16 7.00 2.28 2.09 -5.95 -1.94
Car 0.00 0 3.72 -1 -1 -1 -1 2.11 2.69 5.28 8.72 2.21 -8.14 2.90
Car 0.00 0 0.69 -1 -1 -1 -1 2.10 2.64 5.17 7.89 2.17 -5.55 -0.27
Car 0.00 0 0.46 -1 -1 -1 -1 1.93 2.31 5.31 10.07 2.20 -10.72 -0.29
Car 0.00 0 0.85 -1 -1 -1 -1 2.08 2.43 5.13 7.24 2.37 -2.84 -0.34
Car 0.00 0 0.20 -1 -1 -1 -1 2.16 2.44 4.69 -11.24 2.62 19.51 -0.32
Car 0.00 0 3.51 -1 -1 -1 -1 2.05 2.34 4.93 10.29 2.21 -13.28 2.85
Car 0.00 0 2.62 -1 -1 -1 -1 2.27 2.74 5.80 19.01 2.93 -6.87 1.39
Car 0.00 0 3.34 -1 -1 -1 -1 2.14 2.49 4.90 11.34 2.23 -18.50 2.79
Car 0.00 0 0.27 -1 -1 -1 -1 2.28 2.36 4.75 -11.08 2.29 22.55 -0.19
Car 0.00 0 0.90 -1 -1 -1 -1 2.02 2.25 4.71 9.87 3.40 24.79 1.28
