Car 0.00 0 1.83 -1 -1 -1 -1 2.08 2.36 4.48 -3.52 2.20 10.65 1.51
Car 0.00 0 -1.04 -1 -1 -1 -1 1.96 2.39 5.05 -3.47 2.20 5.79 -1.58
Car 0.00 0 -2.15 -1 -1 -1 -1 2.00 2.39 4.99 -3.29 2.23 -4.96 -1.56
Car 0.00 0 1.81 -1 -1 -1 -1 2.51 2.55 5.36 -3.55 2.25 15.76 1.59
Car 0.00 0 -1.67 -1 -1 -1 -1 2.10 2.52 5.15 -2.96 2.02 -24.83 -1.56
Car 0.00 0 -2.59 -1 -1 -1 -1 2.02 2.35 4.74 3.77 2.30 2.49 -1.60
Car 0.00 0 -2.11 -1 -1 -1 -1 2.13 2.46 4.69 3.75 2.27 7.61 -1.65
Car 0.00 0 -1.89 -1 -1 -1 -1 2.02 2.48 5.26 3.78 2.33 13.08 -1.61
Car 0.00 0 2.39 -1 -1 -1 -1 1.93 2.31 4.50 4.06 2.21 -3.39 1.52
Car 0.00 0 1.99 -1 -1 -1 -1 1.99 2.20 3.90 4.54 2.21 -9.50 1.55
Car 0.00 0 -1.43 -1 -1 -1 -1 2.18 2.41 4.79 -3.44 2.31 23.10 -1.58
