Car 0.00 0 -1.71 -1 -1 -1 -1 2.12 2.41 4.70 -2.44 1.93 -17.08 -1.56
Car 0.00 0 -1.57 -1 -1 -1 -1 2.16 2.47 4.85 -0.34 1.91 -18.90 -1.56
Car 0.00 0 -1.47 -1 -1 -1 -1 2.10 2.25 4.18 2.42 1.77 -22.02 -1.58
Car 0.00 0 -1.35 -1 -1 -1 -1 1.99 2.26 4.46 2.29 2.00 -12.07 -1.54
Car 0.00 0 -1.91 -1 -1 -1 -1 1.90 2.35 4.94 -2.46 2.04 -6.94 -1.57
Car 0.00 0 -2.14 -1 -1 -1 -1 2.04 2.47 4.78 2.40 2.28 3.77 -1.57
Car 0.00 0 -0.73 -1 -1 -1 -1 2.02 2.25 4.14 -2.60 2.26 2.27 -1.58
Car 0.00 0 -1.37 -1 -1 -1 -1 2.19 2.39 4.67 -2.31 2.41 12.76 -1.55
Car 0.00 0 -1.75 -1 -1 -1 -1 2.03 2.41 4.72 2.48 2.49 15.32 -1.59
Car 0.00 0 -1.46 -1 -1 -1 -1 2.23 2.51 4.81 -2.36 2.53 20.75 -1.58
Car 0.00 0 -1.68 -1 -1 -1 -1 2.03 2.42 4.56 2.43 2.64 26.92 -1.59
