Car 0.00 0 -1.67 -1 -1 -1 -1 2.04 2.48 4.32 -2.32 1.95 -19.33 -1.55
Car 0.00 0 -1.39 -1 -1 -1 -1 2.03 2.33 4.70 2.55 1.98 -15.12 -1.55
Car 0.00 0 -1.31 -1 -1 -1 -1 1.97 2.50 4.65 2.54 2.05 -8.52 -1.60
Car 0.00 0 -0.40 -1 -1 -1 -1 2.00 2.43 4.96 2.45 2.25 -1.00 -1.59
Car 0.00 0 -1.36 -1 -1 -1 -1 1.90 2.43 4.69 -2.45 2.35 10.88 -1.58
Car 0.00 0 -1.76 -1 -1 -1 -1 2.36 2.62 5.46 2.40 2.38 13.10 -1.58
Car 0.00 0 -1.47 -1 -1 -1 -1 2.12 2.41 4.70 -2.47 2.59 22.87 -1.58
Car 0.00 0 -1.48 -1 -1 -1 -1 2.07 2.42 4.62 2.63 1.86 -24.61 -1.58
Car 0.00 0 -1.57 -1 -1 -1 -1 2.16 2.47 4.85 0.06 1.86 -19.46 -1.57
Car 0.00 0 -1.72 -1 -1 -1 -1 2.10 2.25 4.18 2.50 2.41 18.49 -1.59
Car 0.00 0 -1.65 -1 -1 -1 -1 1.99 2.26 4.46 2.37 2.63 28.16 -1.57
