Car 0.00 0 1.42 -1 -1 -1 -1 2.11 2.49 4.60 -2.62 1.99 -24.45 1.53
Car 0.00 0 -1.36 -1 -1 -1 -1 2.35 2.57 4.87 4.56 2.04 -21.65 -1.56
Car 0.00 0 -1.31 -1 -1 -1 -1 2.22 2.43 4.90 4.42 2.07 -16.37 -1.58
Car 0.00 0 1.30 -1 -1 -1 -1 2.23 2.43 4.84 -2.81 2.08 -12.71 1.51
Car 0.00 0 -1.23 -1 -1 -1 -1 2.17 2.58 5.03 4.23 2.14 -10.87 -1.60
Car 0.00 0 2.39 -1 -1 -1 -1 2.64 2.76 5.73 4.10 2.19 -3.89 1.58
Car 0.00 0 -2.05 -1 -1 -1 -1 1.95 2.25 4.28 -2.98 2.11 -5.42 -1.55
Car 0.00 0 2.23 -1 -1 -1 -1 2.62 2.75 5.56 -3.16 2.27 4.09 1.57
Car 0.00 0 -1.22 -1 -1 -1 -1 2.53 2.86 5.62 -3.28 2.26 9.73 -1.55
Car 0.00 0 -4.66 -1 -1 -1 -1 1.84 2.31 4.12 -10.18 1.90 -0.03 -3.10
