Car 0.00 0 -1.39 -1 -1 -1 -1 2.36 2.56 5.14 3.68 2.35 -27.65 -1.52
Car 0.00 0 1.95 -1 -1 -1 -1 2.16 2.72 5.07 4.25 2.35 -15.49 1.68
Car 0.00 0 2.11 -1 -1 -1 -1 2.26 2.65 5.26 4.81 2.39 -9.26 1.63
Car 0.00 0 -1.80 -1 -1 -1 -1 2.29 2.41 4.98 -3.78 2.05 -12.58 -1.51
Car 0.00 0 1.06 -1 -1 -1 -1 1.97 2.57 5.08 -3.48 2.04 -5.44 1.63
Car 0.00 0 3.02 -1 -1 -1 -1 2.37 2.59 4.65 -3.06 2.08 0.34 1.55
Car 0.00 0 -1.39 -1 -1 -1 -1 1.89 2.56 5.17 3.84 2.37 -21.55 -1.56
Car 0.00 0 1.42 -1 -1 -1 -1 2.18 2.43 5.22 -4.13 2.11 -23.44 1.59
Car 0.00 0 1.37 -1 -1 -1 -1 2.11 2.45 4.72 -4.02 2.09 -18.19 1.58
Car 0.00 0 1.49 -1 -1 -1 -1 2.04 2.61 5.13 -4.67 2.13 -29.02 1.65
