Car 0.00 0 -1.72 -1 -1 -1 -1 1.98 2.39 4.38 -2.77 1.93 -20.94 -1.59
Car 0.00 0 -1.35 -1 -1 -1 -1 1.96 2.59 4.91 4.25 2.00 -23.84 -1.53
Car 0.00 0 -1.31 -1 -1 -1 -1 2.29 2.55 4.81 4.47 2.07 -17.52 -1.56
Car 0.00 0 -1.25 -1 -1 -1 -1 2.01 2.27 4.11 4.55 2.17 -12.67 -1.59
Car 0.00 0 -1.00 -1 -1 -1 -1 2.43 2.55 4.93 4.59 2.28 -7.39 -1.55
Car 0.00 0 -0.45 -1 -1 -1 -1 2.13 2.64 5.21 4.47 2.31 -2.14 -1.58
Car 0.00 0 -2.15 -1 -1 -1 -1 3.17 2.68 6.37 4.47 2.53 6.66 -1.55
Car 0.00 0 2.92 -1 -1 -1 -1 2.39 2.59 5.28 -2.66 2.04 0.62 1.58
Car 0.00 0 1.31 -1 -1 -1 -1 2.52 3.05 5.57 4.64 2.86 17.49 1.57
Car 0.00 0 1.84 -1 -1 -1 -1 2.15 2.50 5.15 -2.73 2.34 12.30 1.62
Car 0.00 0 -4.02 -1 -1 -1 -1 1.95 2.30 4.41 -9.21 1.61 -7.40 -3.12
Car 0.00 0 -1.74 -1 -1 -1 -1 1.96 2.48 4.98 4.45 2.82 29.55 -1.59
Car 0.00 0 -1.42 -1 -1 -1 -1 2.38 2.50 4.94 -2.59 2.63 27.70 -1.52
