Car 0.00 0 1.84 -1 -1 -1 -1 2.00 2.44 4.91 -0.26 1.35 -23.14 1.85
Car 0.00 0 1.52 -1 -1 -1 -1 2.00 2.37 4.95 -4.98 1.70 -15.03 1.84
Car 0.00 0 -1.14 -1 -1 -1 -1 2.02 2.23 4.15 1.94 1.78 -16.74 -1.26
Car 0.00 0 -1.51 -1 -1 -1 -1 2.16 2.47 4.85 -1.03 1.90 -8.87 -1.39
Car 0.00 0 -2.61 -1 -1 -1 -1 2.46 2.50 5.43 -2.93 2.16 8.58 -2.94
Car 0.00 0 -0.13 -1 -1 -1 -1 2.32 2.58 5.23 4.65 2.73 14.45 0.18
Car 0.00 0 -1.45 -1 -1 -1 -1 2.16 2.50 4.65 -3.85 1.25 -21.09 -1.27
Car 0.00 0 0.63 -1 -1 -1 -1 2.32 2.37 4.92 -15.18 2.79 24.32 0.07
Car 0.00 0 0.78 -1 -1 -1 -1 2.17 2.48 4.79 -19.47 2.85 24.79 0.12
Car 0.00 0 0.25 -1 -1 -1 -1 2.11 2.58 5.13 -2.50 3.01 23.47 0.14
