Car 0.00 0 -1.76 -1 -1 -1 -1 2.32 2.52 4.74 -3.30 2.16 -17.28 -1.57
Car 0.00 0 1.94 -1 -1 -1 -1 2.49 2.51 5.15 4.00 2.23 -10.19 1.57
Car 0.00 0 -2.07 -1 -1 -1 -1 2.19 2.57 5.48 -3.17 2.10 -5.67 -1.56
Car 0.00 0 -2.45 -1 -1 -1 -1 2.01 2.35 4.79 3.72 2.28 3.14 -1.58
Car 0.00 0 -1.21 -1 -1 -1 -1 2.56 2.60 5.33 -3.21 2.18 8.09 -1.59
Car 0.00 0 -2.01 -1 -1 -1 -1 2.05 2.40 5.05 3.75 2.31 8.29 -1.58
Car 0.00 0 -1.73 -1 -1 -1 -1 2.07 2.54 5.00 -3.13 2.08 -21.94 -1.59
Car 0.00 0 -1.78 -1 -1 -1 -1 1.97 2.16 3.93 -8.81 1.93 1.97 -3.13
Car 0.00 0 -1.31 -1 -1 -1 -1 2.00 2.35 4.27 -3.25 2.19 12.91 -1.55
Car 0.00 0 1.31 -1 -1 -1 -1 2.00 2.44 4.91 3.70 2.34 18.86 1.50
Car 0.00 0 1.69 -1 -1 -1 -1 2.00 2.37 4.95 -3.16 2.28 25.10 1.57
Car 0.00 0 -1.48 -1 -1 -1 -1 2.13 2.39 4.72 4.11 2.22 -27.70 -1.63
Car 0.00 0 -1.55 -1 -1 -1 -1 1.96 2.38 4.36 4.04 2.23 -22.95 -1.72
Car 0.00 0 -1.41 -1 -1 -1 -1 2.03 2.45 5.42 3.81 2.23 -17.55 -1.62
Car 0.00 0 1.59 -1 -1 -1 -1 2.17 2.31 4.62 -8.54 1.90 -0.27 3.13
Car 0.00 0 2.39 -1 -1 -1 -1 2.00 2.24 4.50 -8.83 2.33 -10.72 3.08
Car 0.00 0 -1.74 -1 -1 -1 -1 2.02 2.23 4.15 3.83 2.25 25.92 -1.59
