Car 0.00 0 -1.76 -1 -1 -1 -1 2.23 2.49 4.50 -4.02 2.07 -17.61 -1.53
Car 0.00 0 -1.68 -1 -1 -1 -1 2.16 2.46 5.23 -3.75 2.13 -12.67 -1.40
Car 0.00 0 1.90 -1 -1 -1 -1 2.50 2.65 5.07 3.46 2.13 -10.81 1.59
Car 0.00 0 2.42 -1 -1 -1 -1 2.09 2.29 4.32 -9.43 2.17 -11.10 3.13
Car 0.00 0 -2.10 -1 -1 -1 -1 2.33 2.62 5.58 -3.74 2.14 -6.21 -1.56
Car 0.00 0 -2.54 -1 -1 -1 -1 2.08 2.51 4.72 3.45 2.27 2.42 -1.58
Car 0.00 0 -4.59 -1 -1 -1 -1 2.41 2.47 4.83 -9.06 2.24 -0.82 -3.11
Car 0.00 0 -1.12 -1 -1 -1 -1 2.54 2.83 5.61 -3.53 2.35 7.60 -1.56
Car 0.00 0 -1.97 -1 -1 -1 -1 2.03 2.51 5.10 3.51 2.32 7.63 -1.53
Car 0.00 0 -1.68 -1 -1 -1 -1 1.91 2.19 4.22 -9.26 2.27 1.33 -3.11
Car 0.00 0 -1.88 -1 -1 -1 -1 2.20 2.51 5.04 3.57 2.37 13.20 -1.62
Car 0.00 0 -2.12 -1 -1 -1 -1 2.19 2.43 4.62 6.47 2.18 -4.56 -3.07
Car 0.00 0 1.32 -1 -1 -1 -1 2.03 2.39 4.90 3.73 2.44 18.19 1.52
Car 0.00 0 -1.72 -1 -1 -1 -1 1.99 2.33 4.53 3.98 2.39 25.14 -1.56
Car 0.00 0 -1.26 -1 -1 -1 -1 2.06 2.47 4.42 -3.44 2.39 12.37 -1.53
Car 0.00 0 1.66 -1 -1 -1 -1 2.14 2.59 5.12 -3.24 2.51 24.57 1.53
Car 0.00 0 -1.46 -1 -1 -1 -1 2.05 2.43 4.35 3.19 2.02 -23.77 -1.59
Car 0.00 0 -1.43 -1 -1 -1 -1 2.02 2.56 5.60 3.16 2.05 -18.41 -1.60
Car 0.00 0 -1.74 -1 -1 -1 -1 2.06 2.55 5.03 -3.86 2.06 -22.19 -1.56
