Car 0.00 0 -1.55 -1 -1 -1 -1 2.23 2.48 4.89 0.16 2.02 -12.02 -1.56
Car 0.00 0 -1.59 -1 -1 -1 -1 2.59 2.66 4.81 0.06 2.45 21.07 -1.59
Car 0.00 0 -1.45 -1 -1 -1 -1 2.43 2.57 5.27 -2.97 2.43 19.20 -1.60
Car 0.00 0 1.25 -1 -1 -1 -1 2.20 2.48 4.60 3.08 2.38 9.61 1.56
Car 0.00 0 2.50 -1 -1 -1 -1 2.06 2.44 4.55 14.50 2.23 -10.99 1.58
Car 0.00 0 -0.75 -1 -1 -1 -1 2.02 2.31 4.06 -13.11 1.50 9.04 -1.72
Car 0.00 0 2.43 -1 -1 -1 -1 1.91 2.16 3.89 -15.79 1.41 8.79 1.37
Car 0.00 0 -0.69 -1 -1 -1 -1 2.18 2.24 4.44 11.35 2.31 -10.27 -1.53
Car 0.00 0 0.76 -1 -1 -1 -1 2.29 2.64 5.21 17.81 2.96 -17.60 -0.03
Car 0.00 0 0.57 -1 -1 -1 -1 1.97 2.14 4.24 -11.66 1.42 1.83 -0.84
