Car 0.00 0 -1.23 -1 -1 -1 -1 2.28 2.70 5.19 -1.38 2.12 -9.04 -1.08
Car 0.00 0 3.67 -1 -1 -1 -1 2.23 2.32 4.90 13.26 2.72 -14.90 2.95
Car 0.00 0 4.02 -1 -1 -1 -1 2.10 2.44 5.08 15.99 2.80 -10.41 3.03
Car 0.00 0 1.31 -1 -1 -1 -1 2.09 2.37 4.80 -17.46 2.40 9.15 0.22
Car 0.00 0 0.61 -1 -1 -1 -1 2.05 2.46 5.08 7.55 2.93 -24.71 0.31
Car 0.00 0 0.55 -1 -1 -1 -1 2.12 2.46 5.03 6.54 2.90 -27.26 0.32
Car 0.00 0 -2.07 -1 -1 -1 -1 2.09 2.41 5.01 -15.52 2.47 15.78 -2.85
Car 0.00 0 -1.92 -1 -1 -1 -1 2.47 2.74 5.64 -26.19 2.55 19.03 -2.87
Car 0.00 0 -1.77 -1 -1 -1 -1 1.97 2.34 4.44 -22.65 2.43 10.61 -2.90
Car 0.00 0 -1.60 -1 -1 -1 -1 1.97 2.38 4.34 20.29 2.84 -0.74 -3.14
Car 0.00 0 -4.47 -1 -1 -1 -1 2.11 2.50 5.13 25.53 2.83 5.95 -3.13
Car 0.00 0 -4.38 -1 -1 -1 -1 2.03 2.59 4.82 26.24 2.87 8.48 -3.12
Car 0.00 0 -1.16 -1 -1 -1 -1 1.97 2.34 4.89 27.91 2.81 10.88 0.04
