Car 0.00 0 1.82 -1 -1 -1 -1 2.03 2.39 4.90 2.04 1.78 -19.07 1.72
Car 0.00 0 -1.10 -1 -1 -1 -1 1.99 2.33 4.53 3.57 2.00 -12.70 -1.37
Car 0.00 0 1.44 -1 -1 -1 -1 2.14 2.59 5.12 -3.61 1.89 -11.60 1.75
Car 0.00 0 -0.05 -1 -1 -1 -1 2.22 2.53 5.17 9.51 2.57 19.50 0.41
Car 0.00 0 -1.48 -1 -1 -1 -1 2.10 2.49 5.46 -1.99 1.61 -19.90 -1.38
Car 0.00 0 -1.37 -1 -1 -1 -1 2.20 2.51 5.04 1.18 1.48 -24.18 -1.42
Car 0.00 0 -1.58 -1 -1 -1 -1 2.06 2.47 4.42 -5.84 1.42 -23.73 -1.34
Car 0.00 0 0.22 -1 -1 -1 -1 2.08 2.64 5.14 -5.17 2.60 27.02 0.03
Car 0.00 0 0.48 -1 -1 -1 -1 2.06 2.60 5.04 -12.58 2.66 26.62 0.04
Car 0.00 0 0.59 -1 -1 -1 -1 2.28 2.48 4.92 -17.52 2.78 26.53 0.01
Car 0.00 0 0.70 -1 -1 -1 -1 2.10 2.41 4.71 -21.91 2.86 26.51 0.01
