Car 0.00 0 -0.32 -1 -1 -1 -1 2.10 2.52 5.15 -3.08 2.22 1.32 -1.48
Car 0.00 0 0.90 -1 -1 -1 -1 2.39 2.59 5.42 -3.05 2.10 -4.18 1.53
Car 0.00 0 -1.88 -1 -1 -1 -1 2.16 2.35 4.81 -2.90 2.05 -10.82 -1.62
Car 0.00 0 -1.39 -1 -1 -1 -1 2.00 2.39 4.99 -2.99 2.51 21.56 -1.53
Car 0.00 0 -1.72 -1 -1 -1 -1 3.06 2.80 5.94 -2.82 1.95 -18.62 -1.57
Car 0.00 0 -1.05 -1 -1 -1 -1 2.13 2.64 5.00 12.47 2.58 8.90 -0.10
Car 0.00 0 -1.35 -1 -1 -1 -1 1.92 2.29 4.08 11.86 2.55 3.74 -0.08
Car 0.00 0 1.32 -1 -1 -1 -1 1.99 2.20 3.90 4.55 2.48 17.32 1.57
Car 0.00 0 1.39 -1 -1 -1 -1 1.93 2.31 4.50 4.20 2.56 22.78 1.57
Car 0.00 0 -1.66 -1 -1 -1 -1 2.01 2.47 4.71 -2.51 2.10 -24.83 -1.56
Car 0.00 0 -1.43 -1 -1 -1 -1 2.11 2.51 4.98 18.00 2.50 4.40 -0.10
