Car 0.00 0 -1.75 -1 -1 -1 -1 2.46 2.73 5.44 -2.64 2.09 -22.12 -1.63
Car 0.00 0 -1.83 -1 -1 -1 -1 2.24 2.55 4.93 -3.18 2.13 -16.38 -1.64
Car 0.00 0 -1.91 -1 -1 -1 -1 2.61 2.72 5.47 -3.44 2.17 -10.27 -1.59
Car 0.00 0 -1.45 -1 -1 -1 -1 2.78 2.78 5.42 4.73 2.28 -25.40 -1.64
Car 0.00 0 -1.35 -1 -1 -1 -1 2.62 2.57 5.10 4.14 2.23 -16.13 -1.60
Car 0.00 0 -2.28 -1 -1 -1 -1 2.83 2.58 5.62 -3.22 2.19 -3.79 -1.58
Car 0.00 0 -1.23 -1 -1 -1 -1 2.09 2.43 4.76 3.95 2.27 -11.00 -1.58
Car 0.00 0 3.85 -1 -1 -1 -1 2.15 2.43 4.85 13.17 2.50 -14.57 3.11
Car 0.00 0 0.72 -1 -1 -1 -1 1.99 2.21 4.12 12.78 2.37 -9.95 -0.19
Car 0.00 0 1.23 -1 -1 -1 -1 1.63 1.88 3.52 22.30 2.51 -6.45 -0.06
Car 0.00 0 -1.35 -1 -1 -1 -1 1.98 2.39 4.38 -2.51 2.16 19.93 -1.48
Car 0.00 0 -1.75 -1 -1 -1 -1 1.96 2.59 4.91 4.35 2.26 16.81 -1.50
Car 0.00 0 -1.74 -1 -1 -1 -1 2.29 2.55 4.81 4.89 2.26 22.99 -1.53
Car 0.00 0 1.14 -1 -1 -1 -1 1.89 2.19 4.24 22.61 2.61 -8.87 -0.05
Car 0.00 0 0.91 -1 -1 -1 -1 1.95 2.21 4.09 22.53 2.66 -11.55 -0.18
