Car 0.00 0 -1.44 -1 -1 -1 -1 2.16 2.47 4.85 0.62 2.10 -20.18 -1.47
Car 0.00 0 -1.65 -1 -1 -1 -1 2.06 2.42 4.11 -2.01 2.09 -26.89 -1.58
Car 0.00 0 -1.43 -1 -1 -1 -1 2.05 2.43 4.26 2.80 2.22 -21.24 -1.57
Car 0.00 0 -0.21 -1 -1 -1 -1 2.01 2.38 4.67 3.36 2.32 -0.67 -1.59
Car 0.00 0 -2.26 -1 -1 -1 -1 2.26 2.35 4.17 3.50 2.35 4.19 -1.57
Car 0.00 0 -1.86 -1 -1 -1 -1 3.03 2.89 6.03 3.83 2.39 11.81 -1.55
Car 0.00 0 -1.46 -1 -1 -1 -1 1.95 2.44 4.28 -0.83 2.26 18.86 -1.51
Car 0.00 0 -2.31 -1 -1 -1 -1 2.11 2.37 4.69 -5.72 2.13 5.50 -3.11
Car 0.00 0 -2.46 -1 -1 -1 -1 2.05 2.26 4.37 -5.58 2.14 7.80 -3.08
Car 0.00 0 -2.57 -1 -1 -1 -1 2.00 2.34 4.27 -5.10 2.14 9.96 -3.04
Car 0.00 0 -1.79 -1 -1 -1 -1 1.95 2.40 4.60 4.08 2.38 17.34 -1.55
