Car 0.00 0 -1.15 -1 -1 -1 -1 2.17 2.56 4.80 2.16 2.36 11.21 -0.96
Car 0.00 0 -1.40 -1 -1 -1 -1 3.06 3.16 7.00 0.94 2.10 -7.04 -1.53
Car 0.00 0 -2.53 -1 -1 -1 -1 2.01 2.46 5.23 5.43 2.12 -9.77 -3.04
Car 0.00 0 -2.41 -1 -1 -1 -1 2.05 2.34 4.93 5.90 2.18 -6.91 -3.12
Car 0.00 0 4.52 -1 -1 -1 -1 2.11 2.69 5.28 6.43 2.21 -1.18 3.13
Car 0.00 0 -1.29 -1 -1 -1 -1 2.10 2.64 5.17 6.55 2.25 1.27 0.09
Car 0.00 0 1.08 -1 -1 -1 -1 1.93 2.31 5.31 6.62 2.23 -4.54 0.11
Car 0.00 0 -1.00 -1 -1 -1 -1 2.08 2.43 5.13 6.83 2.31 3.68 0.07
Car 0.00 0 0.41 -1 -1 -1 -1 2.01 2.20 4.23 5.50 2.09 -14.60 0.05
Car 0.00 0 -2.72 -1 -1 -1 -1 2.14 2.49 4.90 5.04 2.09 -12.14 -3.11
