Car 0.00 0 -1.65 -1 -1 -1 -1 2.16 2.47 4.85 6.78 2.21 -14.03 -2.10
Car 0.00 0 1.96 -1 -1 -1 -1 2.17 2.46 5.08 17.08 2.48 -5.92 0.72
Car 0.00 0 2.06 -1 -1 -1 -1 2.32 2.37 4.92 13.20 2.49 -2.65 0.68
Car 0.00 0 -0.80 -1 -1 -1 -1 2.17 2.48 4.79 9.86 2.44 0.30 0.74
Car 0.00 0 1.15 -1 -1 -1 -1 2.44 2.30 5.07 -8.05 2.21 18.20 0.74
Car 0.00 0 1.22 -1 -1 -1 -1 2.87 2.69 6.27 -13.01 2.19 22.57 0.69
Car 0.00 0 -1.83 -1 -1 -1 -1 2.90 2.77 6.00 -18.90 2.25 27.51 -2.43
Car 0.00 0 1.86 -1 -1 -1 -1 2.11 2.58 5.13 22.88 2.53 -10.60 0.73
Car 0.00 0 -0.69 -1 -1 -1 -1 1.91 2.21 4.14 11.36 2.71 -29.98 -1.05
Car 0.00 0 -1.46 -1 -1 -1 -1 2.14 2.42 4.40 24.83 2.77 25.14 -0.68
