Car 0.00 0 -2.29 -1 -1 -1 -1 2.39 2.65 5.66 13.72 3.03 -26.72 -2.77
Car 0.00 0 1.00 -1 -1 -1 -1 2.25 2.35 4.13 15.31 3.24 -21.31 0.38
Car 0.00 0 1.10 -1 -1 -1 -1 2.21 2.48 4.66 15.98 3.27 -18.15 0.37
Car 0.00 0 -1.42 -1 -1 -1 -1 2.90 3.06 5.64 20.54 3.31 -4.25 -2.79
Car 0.00 0 -2.01 -1 -1 -1 -1 2.17 2.39 4.44 17.12 3.41 -15.13 -2.86
Car 0.00 0 -1.86 -1 -1 -1 -1 2.29 2.56 4.52 18.04 3.43 -12.10 -2.84
Car 0.00 0 -1.37 -1 -1 -1 -1 2.47 2.50 4.91 -0.76 1.90 -26.64 -1.34
Car 0.00 0 -1.57 -1 -1 -1 -1 2.23 2.48 4.89 -6.46 1.81 -27.51 -1.34
Car 0.00 0 1.01 -1 -1 -1 -1 2.19 2.54 4.99 29.02 4.18 17.09 2.05
Car 0.00 0 1.18 -1 -1 -1 -1 2.19 2.45 4.63 -17.51 1.97 23.18 0.53
