Car 0.00 0 0.62 -1 -1 -1 -1 2.55 2.59 5.80 -15.31 2.50 8.09 -0.46
Car 0.00 0 -0.27 -1 -1 -1 -1 2.09 2.19 4.37 4.60 1.84 -28.10 -0.43
Car 0.00 0 1.26 -1 -1 -1 -1 2.23 2.55 5.01 24.26 2.93 3.37 2.69
Car 0.00 0 2.03 -1 -1 -1 -1 2.50 2.60 5.60 18.80 2.06 -14.67 1.12
Car 0.00 0 1.46 -1 -1 -1 -1 2.17 2.56 4.87 22.57 3.23 8.26 2.68
Car 0.00 0 4.22 -1 -1 -1 -1 2.20 2.56 5.07 26.30 2.86 -1.74 2.72
Car 0.00 0 -1.27 -1 -1 -1 -1 2.62 3.03 5.71 -20.63 1.82 -25.96 -0.60
Car 0.00 0 -1.11 -1 -1 -1 -1 2.17 2.41 5.25 -24.43 2.77 17.62 -2.06
Car 0.00 0 1.09 -1 -1 -1 -1 1.99 2.37 4.74 2.06 2.97 22.80 1.18
Car 0.00 0 1.16 -1 -1 -1 -1 2.13 2.52 4.99 25.37 2.91 0.97 2.69
Car 0.00 0 1.57 -1 -1 -1 -1 2.07 2.50 4.99 21.05 3.22 10.52 2.68
Car 0.00 0 -1.17 -1 -1 -1 -1 2.20 2.56 5.02 18.62 3.42 15.70 -0.30
Car 0.00 0 -1.21 -1 -1 -1 -1 2.12 2.46 4.70 -14.51 2.02 -21.61 -0.62
Car 0.00 0 4.14 -1 -1 -1 -1 2.17 2.55 4.65 27.93 3.14 -5.40 2.76
Car 0.00 0 -0.36 -1 -1 -1 -1 2.09 2.52 5.10 -14.34 2.37 -1.31 1.12
Car 0.00 0 3.52 -1 -1 -1 -1 2.34 2.52 4.93 -22.57 2.78 21.81 2.72
Car 0.00 0 -0.96 -1 -1 -1 -1 2.11 2.30 4.72 11.94 3.41 29.48 -0.57
