Car 0.00 0 -0.32 -1 -1 -1 -1 2.22 2.43 4.83 -5.22 2.11 -18.00 -0.04
Car 0.00 0 1.98 -1 -1 -1 -1 1.97 2.39 5.05 6.51 2.27 -12.10 1.49
Car 0.00 0 2.17 -1 -1 -1 -1 2.14 2.32 4.84 5.76 2.30 -6.45 1.44
Car 0.00 0 2.93 -1 -1 -1 -1 1.99 2.53 5.02 5.43 2.27 -0.85 1.51
Car 0.00 0 2.77 -1 -1 -1 -1 1.93 2.46 3.81 -5.93 2.06 -15.76 3.13
Car 0.00 0 2.64 -1 -1 -1 -1 2.05 2.29 4.66 -5.75 2.03 -12.94 3.06
Car 0.00 0 0.71 -1 -1 -1 -1 2.44 2.66 5.25 4.69 2.33 4.62 1.50
Car 0.00 0 1.27 -1 -1 -1 -1 2.29 2.63 5.19 2.97 2.49 18.63 1.43
Car 0.00 0 -1.40 -1 -1 -1 -1 2.33 2.51 5.04 -3.70 2.28 14.51 -1.65
Car 0.00 0 -1.93 -1 -1 -1 -1 2.31 2.63 5.24 1.65 2.47 23.98 -1.86
