Car 0.00 0 -1.56 -1 -1 -1 -1 2.12 2.77 5.28 1.54 2.06 -12.97 -1.68
Car 0.00 0 -1.07 -1 -1 -1 -1 2.48 2.48 4.91 12.17 2.65 11.79 -0.27
Car 0.00 0 1.83 -1 -1 -1 -1 2.14 2.50 5.08 6.28 2.17 -18.61 1.50
Car 0.00 0 2.74 -1 -1 -1 -1 3.15 3.32 6.84 5.67 2.31 -4.50 1.84
Car 0.00 0 1.65 -1 -1 -1 -1 2.16 2.58 5.17 23.51 2.88 11.30 2.77
Car 0.00 0 0.58 -1 -1 -1 -1 2.27 2.49 3.57 7.40 2.42 0.56 2.08
Car 0.00 0 1.08 -1 -1 -1 -1 2.54 2.69 5.27 17.72 2.77 22.07 1.76
Car 0.00 0 4.33 -1 -1 -1 -1 2.20 2.34 4.97 -26.80 1.45 9.08 3.09
Car 0.00 0 1.68 -1 -1 -1 -1 1.85 2.39 4.82 10.27 2.42 24.74 2.08
Car 0.00 0 -2.73 -1 -1 -1 -1 2.69 2.87 5.23 28.02 2.97 23.35 -1.86
