Car 0.00 0 1.77 -1 -1 -1 -1 2.50 2.65 5.07 3.56 2.04 -19.83 1.59
Car 0.00 0 -1.79 -1 -1 -1 -1 2.33 2.62 5.58 -3.69 2.10 -15.18 -1.55
Car 0.00 0 -1.07 -1 -1 -1 -1 2.08 2.51 4.72 3.54 2.14 -6.40 -1.58
Car 0.00 0 -2.74 -1 -1 -1 -1 2.54 2.83 5.61 -3.55 2.15 -1.49 -1.57
Car 0.00 0 -0.32 -1 -1 -1 -1 2.03 2.51 5.10 3.52 2.22 -1.23 -1.56
Car 0.00 0 -2.31 -1 -1 -1 -1 2.20 2.51 5.04 3.48 2.27 4.17 -1.62
Car 0.00 0 1.14 -1 -1 -1 -1 2.03 2.39 4.90 3.54 2.31 9.25 1.50
Car 0.00 0 -1.80 -1 -1 -1 -1 1.99 2.33 4.53 3.81 2.29 16.47 -1.57
Car 0.00 0 1.74 -1 -1 -1 -1 2.14 2.59 5.12 -3.42 2.36 15.54 1.52
Car 0.00 0 -2.22 -1 -1 -1 -1 1.92 2.43 4.84 -13.04 2.27 10.46 -3.12
Car 0.00 0 -1.68 -1 -1 -1 -1 2.23 2.49 4.50 -3.87 2.07 -26.72 -1.54
Car 0.00 0 -1.66 -1 -1 -1 -1 2.16 2.46 5.23 -3.75 2.15 -21.98 -1.49
Car 0.00 0 2.69 -1 -1 -1 -1 2.09 2.29 4.32 -9.30 2.28 -20.19 3.12
Car 0.00 0 -3.85 -1 -1 -1 -1 2.41 2.47 4.83 -8.98 2.18 -9.97 -3.12
Car 0.00 0 -2.63 -1 -1 -1 -1 2.19 2.43 4.62 6.54 2.18 -13.56 -3.08
Car 0.00 0 -1.48 -1 -1 -1 -1 2.02 2.56 5.60 3.34 2.18 -27.52 -1.61
Car 0.00 0 -3.46 -1 -1 -1 -1 2.20 2.35 5.51 -8.68 2.45 -22.25 -3.09
Car 0.00 0 2.04 -1 -1 -1 -1 2.00 2.43 4.80 -15.18 2.34 16.45 1.29
Car 0.00 0 -0.75 -1 -1 -1 -1 2.06 2.47 4.42 -3.44 2.21 3.42 -1.54
