Car 0.00 0 -0.25 -1 -1 -1 -1 2.09 2.37 4.80 -3.67 2.24 0.71 -1.63
Car 0.00 0 -2.81 -1 -1 -1 -1 2.09 2.41 5.01 3.21 2.21 1.02 -1.55
Car 0.00 0 -1.82 -1 -1 -1 -1 2.47 2.74 5.64 3.32 2.29 12.05 -1.56
Car 0.00 0 -1.04 -1 -1 -1 -1 1.97 2.34 4.44 -3.85 2.27 6.35 -1.58
Car 0.00 0 -1.29 -1 -1 -1 -1 2.10 2.41 4.72 -3.66 2.43 11.23 -1.61
Car 0.00 0 1.80 -1 -1 -1 -1 2.29 2.56 5.41 -3.91 2.45 16.65 1.57
Car 0.00 0 -1.84 -1 -1 -1 -1 2.12 2.34 4.40 3.35 2.31 17.29 -1.65
Car 0.00 0 -1.75 -1 -1 -1 -1 2.05 2.38 4.67 3.19 2.31 21.59 -1.61
Car 0.00 0 -1.71 -1 -1 -1 -1 2.33 2.56 5.14 3.35 2.29 27.63 -1.59
Car 0.00 0 -1.41 -1 -1 -1 -1 2.26 2.41 4.90 -4.14 2.43 27.46 -1.56
Car 0.00 0 1.00 -1 -1 -1 -1 2.03 2.45 4.94 12.32 2.25 11.47 1.82
