Car 0.00 0 -1.69 -1 -1 -1 -1 2.02 2.53 5.20 -2.90 2.08 -26.68 -1.58
Car 0.00 0 -1.78 -1 -1 -1 -1 1.96 2.36 4.45 -2.66 2.12 -10.76 -1.53
Car 0.00 0 -1.56 -1 -1 -1 -1 2.16 2.47 4.85 -0.27 2.13 -20.66 -1.55
Car 0.00 0 -2.03 -1 -1 -1 -1 1.89 2.35 4.77 -2.51 2.21 -4.94 -1.56
Car 0.00 0 -2.90 -1 -1 -1 -1 1.95 2.37 4.42 2.40 2.20 0.57 -1.56
Car 0.00 0 -1.39 -1 -1 -1 -1 2.29 2.47 5.02 -2.41 2.31 13.15 -1.57
Car 0.00 0 -1.83 -1 -1 -1 -1 2.01 2.43 4.95 2.42 2.24 8.50 -1.55
Car 0.00 0 -1.74 -1 -1 -1 -1 1.98 2.46 5.20 2.51 2.33 14.36 -1.57
Car 0.00 0 -1.50 -1 -1 -1 -1 2.04 2.48 4.32 -2.22 2.50 25.43 -1.58
Car 0.00 0 -1.73 -1 -1 -1 -1 2.07 2.42 4.62 2.66 2.36 19.87 -1.59
