Car 0.00 0 -1.72 -1 -1 -1 -1 2.03 2.51 5.00 2.90 2.06 -8.91 -2.03
Car 0.00 0 -1.39 -1 -1 -1 -1 2.17 2.42 4.96 -6.44 2.32 10.07 -1.96
Car 0.00 0 1.37 -1 -1 -1 -1 2.43 2.79 5.50 -3.37 2.18 22.62 1.23
Car 0.00 0 3.62 -1 -1 -1 -1 2.07 2.41 5.07 10.63 2.27 -17.23 3.07
Car 0.00 0 3.05 -1 -1 -1 -1 2.21 2.39 4.84 0.14 2.39 -17.77 3.04
Car 0.00 0 -1.02 -1 -1 -1 -1 2.23 2.57 5.04 -16.56 2.34 -13.19 -0.12
Car 0.00 0 -1.97 -1 -1 -1 -1 1.98 2.51 5.02 0.09 2.22 12.22 -1.96
Car 0.00 0 -1.45 -1 -1 -1 -1 2.05 2.42 4.23 -8.23 2.24 14.74 -1.96
Car 0.00 0 -1.47 -1 -1 -1 -1 2.12 2.34 4.68 -9.74 2.23 19.52 -1.94
Car 0.00 0 1.66 -1 -1 -1 -1 2.28 2.48 5.39 -12.07 2.21 25.02 1.21
Car 0.00 0 2.27 -1 -1 -1 -1 2.09 2.63 4.91 -20.93 2.76 -20.83 3.05
Car 0.00 0 -1.81 -1 -1 -1 -1 2.06 2.34 4.21 -5.19 2.01 27.55 -1.99
