Car 0.00 0 -1.59 -1 -1 -1 -1 2.03 2.51 5.00 0.10 1.91 -17.18 -1.59
Car 0.00 0 -1.75 -1 -1 -1 -1 2.17 2.42 4.96 -3.50 1.84 -20.31 -1.58
Car 0.00 0 1.97 -1 -1 -1 -1 2.43 2.79 5.50 3.72 2.12 -9.18 1.59
Car 0.00 0 -1.38 -1 -1 -1 -1 1.98 2.51 5.02 3.53 1.93 -19.86 -1.55
Car 0.00 0 -1.84 -1 -1 -1 -1 2.05 2.42 4.23 -3.54 1.94 -14.75 -1.60
Car 0.00 0 -1.92 -1 -1 -1 -1 2.12 2.34 4.68 -3.35 2.04 -9.62 -1.58
Car 0.00 0 0.88 -1 -1 -1 -1 2.28 2.48 5.39 -3.48 2.11 -4.29 1.56
Car 0.00 0 -0.87 -1 -1 -1 -1 2.06 2.34 4.21 3.73 2.25 -3.77 -1.65
Car 0.00 0 -3.04 -1 -1 -1 -1 1.94 2.26 4.67 3.57 2.28 0.50 -1.61
Car 0.00 0 -2.14 -1 -1 -1 -1 2.40 2.51 5.13 3.83 2.30 6.50 -1.60
Car 0.00 0 -1.04 -1 -1 -1 -1 2.11 2.42 4.72 -3.57 2.20 6.44 -1.55
Car 0.00 0 -1.26 -1 -1 -1 -1 2.00 2.36 5.12 -3.46 2.23 11.78 -1.54
Car 0.00 0 -1.36 -1 -1 -1 -1 2.04 2.37 5.06 -3.41 2.26 17.51 -1.55
Car 0.00 0 1.32 -1 -1 -1 -1 2.15 2.42 4.63 3.33 2.29 14.56 1.55
Car 0.00 0 -1.43 -1 -1 -1 -1 3.18 2.60 5.58 -3.38 2.22 26.35 -1.55
Car 0.00 0 4.60 -1 -1 -1 -1 1.93 2.40 4.65 -11.30 2.10 0.61 3.08
