Car 0.00 0 -1.40 -1 -1 -1 -1 2.33 2.56 5.14 5.00 2.22 -26.16 -1.59
Car 0.00 0 -1.36 -1 -1 -1 -1 2.62 2.74 5.80 4.21 2.30 -15.49 -1.63
Car 0.00 0 -1.80 -1 -1 -1 -1 2.05 2.44 5.08 -2.83 2.19 -15.13 -1.61
Car 0.00 0 -2.76 -1 -1 -1 -1 1.98 2.44 4.97 -3.51 2.24 -1.54 -1.60
Car 0.00 0 2.29 -1 -1 -1 -1 1.94 2.50 4.66 -3.69 2.26 3.89 1.53
Car 0.00 0 -1.33 -1 -1 -1 -1 2.25 2.55 5.42 -4.27 2.34 16.83 -1.58
Car 0.00 0 -1.78 -1 -1 -1 -1 2.01 2.54 5.31 2.78 2.57 21.64 -1.65
Car 0.00 0 -1.47 -1 -1 -1 -1 2.00 2.52 4.76 16.53 2.59 2.21 -0.03
Car 0.00 0 1.28 -1 -1 -1 -1 2.41 2.52 5.13 16.77 2.64 -4.23 -0.04
Car 0.00 0 3.87 -1 -1 -1 -1 2.27 2.35 4.84 -10.15 2.24 10.78 3.11
Car 0.00 0 -1.68 -1 -1 -1 -1 2.26 2.41 4.90 -2.29 2.41 -26.74 -1.60
Car 0.00 0 -1.48 -1 -1 -1 -1 2.04 2.34 4.78 21.81 2.82 2.03 0.00
Car 0.00 0 -1.50 -1 -1 -1 -1 1.95 2.34 4.55 27.13 2.84 1.96 0.00
Car 0.00 0 0.85 -1 -1 -1 -1 2.01 2.29 4.51 -10.26 1.95 8.27 -0.04
