Car 0.00 0 -1.41 -1 -1 -1 -1 1.97 2.50 4.65 2.54 2.20 -15.70 -1.57
Car 0.00 0 -1.30 -1 -1 -1 -1 2.00 2.43 4.96 2.45 2.16 -8.05 -1.59
Car 0.00 0 -1.96 -1 -1 -1 -1 2.36 2.62 5.46 2.36 2.16 5.93 -1.59
Car 0.00 0 -1.38 -1 -1 -1 -1 2.12 2.41 4.70 -2.48 2.17 15.60 -1.54
Car 0.00 0 -1.56 -1 -1 -1 -1 2.16 2.47 4.85 -0.04 2.19 -19.42 -1.56
Car 0.00 0 -1.80 -1 -1 -1 -1 2.10 2.25 4.18 2.44 2.21 11.25 -1.59
Car 0.00 0 -1.68 -1 -1 -1 -1 1.99 2.26 4.46 2.29 2.26 21.03 -1.57
Car 0.00 0 -1.48 -1 -1 -1 -1 1.90 2.35 4.94 -2.60 2.21 26.03 -1.58
Car 0.00 0 -1.64 -1 -1 -1 -1 2.04 2.48 4.32 -2.24 2.43 -26.43 -1.55
Car 0.00 0 -1.44 -1 -1 -1 -1 2.03 2.33 4.70 2.61 2.34 -22.49 -1.56
Car 0.00 0 -1.00 -1 -1 -1 -1 1.90 2.43 4.69 -2.48 2.23 3.77 -1.58
