Car 0.00 0 -1.56 -1 -1 -1 -1 2.16 2.47 4.85 -0.13 2.14 -18.65 -1.55
Car 0.00 0 -1.40 -1 -1 -1 -1 1.99 2.26 4.46 2.47 2.11 -17.84 -1.53
Car 0.00 0 -1.76 -1 -1 -1 -1 1.90 2.35 4.94 -2.44 2.15 -12.67 -1.57
Car 0.00 0 -0.67 -1 -1 -1 -1 2.04 2.47 4.78 2.40 2.18 -1.89 -1.58
Car 0.00 0 -2.18 -1 -1 -1 -1 2.02 2.25 4.14 -2.52 2.16 -3.63 -1.58
Car 0.00 0 -1.22 -1 -1 -1 -1 2.19 2.39 4.67 -2.37 2.22 6.96 -1.54
Car 0.00 0 -1.83 -1 -1 -1 -1 2.03 2.41 4.72 2.37 2.18 9.50 -1.58
Car 0.00 0 -1.41 -1 -1 -1 -1 2.23 2.51 4.81 -2.43 2.29 14.95 -1.57
Car 0.00 0 -1.77 -1 -1 -1 -1 2.02 2.26 4.62 2.48 2.21 15.02 -1.60
Car 0.00 0 -1.71 -1 -1 -1 -1 2.03 2.42 4.56 2.27 2.32 21.16 -1.60
Car 0.00 0 -1.46 -1 -1 -1 -1 2.06 2.42 4.11 -2.45 2.35 25.20 -1.56
Car 0.00 0 -1.67 -1 -1 -1 -1 2.12 2.41 4.70 -2.26 2.23 -22.88 -1.57
