Car 0.00 0 -1.74 -1 -1 -1 -1 2.42 2.83 5.58 3.89 2.30 21.31 -1.56
Car 0.00 0 0.72 -1 -1 -1 -1 2.30 2.89 6.16 8.31 2.32 7.00 1.59
Car 0.00 0 -1.62 -1 -1 -1 -1 2.56 2.91 5.85 -0.79 2.03 -11.73 -1.55
Car 0.00 0 2.45 -1 -1 -1 -1 2.14 2.59 5.39 13.99 2.65 -11.69 1.58
Car 0.00 0 2.60 -1 -1 -1 -1 2.15 2.62 5.37 13.38 2.67 -6.63 1.49
Car 0.00 0 2.94 -1 -1 -1 -1 2.52 2.62 5.17 13.53 2.70 -2.05 1.52
Car 0.00 0 0.26 -1 -1 -1 -1 3.22 2.93 6.83 13.06 2.65 4.84 1.48
Car 0.00 0 -2.44 -1 -1 -1 -1 3.01 2.83 5.95 12.36 2.70 12.25 -1.65
Car 0.00 0 1.97 -1 -1 -1 -1 1.94 2.33 4.61 13.27 2.65 -27.04 1.51
Car 0.00 0 1.22 -1 -1 -1 -1 2.41 2.68 5.95 7.66 2.38 22.22 1.56
Car 0.00 0 1.13 -1 -1 -1 -1 2.64 2.93 5.94 10.98 2.75 27.34 1.51
Car 0.00 0 -2.22 -1 -1 -1 -1 2.16 2.64 5.67 11.93 2.76 18.47 -1.64
Car 0.00 0 -1.59 -1 -1 -1 -1 3.37 3.50 8.83 -2.67 1.84 -21.20 -1.47
