Car 0.00 0 -1.73 -1 -1 -1 -1 2.27 2.74 5.80 -4.74 1.99 -22.36 -1.52
Car 0.00 0 -2.80 -1 -1 -1 -1 2.04 2.33 4.92 5.15 2.05 -20.82 -3.04
Car 0.00 0 0.29 -1 -1 -1 -1 2.05 2.36 4.36 5.51 2.02 -13.22 -0.11
Car 0.00 0 0.45 -1 -1 -1 -1 1.96 2.45 4.86 4.99 2.10 -8.76 -0.07
Car 0.00 0 3.68 -1 -1 -1 -1 1.84 2.45 4.50 4.72 2.18 -6.52 3.05
Car 0.00 0 -2.21 -1 -1 -1 -1 1.99 2.46 4.53 4.93 2.21 -3.74 -3.13
Car 0.00 0 -2.67 -1 -1 -1 -1 2.40 2.51 5.18 -3.78 2.15 -1.76 -1.53
Car 0.00 0 0.19 -1 -1 -1 -1 2.21 2.36 4.40 14.23 3.32 3.67 1.51
Car 0.00 0 -1.80 -1 -1 -1 -1 2.07 2.47 4.48 5.19 2.23 -1.41 -3.11
Car 0.00 0 -4.50 -1 -1 -1 -1 1.94 2.50 4.97 5.67 2.25 1.14 -3.13
Car 0.00 0 -4.08 -1 -1 -1 -1 1.87 2.45 4.56 4.72 2.25 3.38 -3.13
Car 0.00 0 -0.78 -1 -1 -1 -1 2.02 2.40 4.27 5.34 2.39 5.52 -0.02
Car 0.00 0 2.53 -1 -1 -1 -1 2.07 2.65 4.95 4.88 2.32 7.86 3.09
Car 0.00 0 2.64 -1 -1 -1 -1 2.15 2.47 4.64 5.30 2.37 10.41 3.11
Car 0.00 0 2.75 -1 -1 -1 -1 1.96 2.49 4.89 4.88 2.41 12.69 3.12
Car 0.00 0 2.79 -1 -1 -1 -1 1.95 2.43 4.93 4.99 2.40 15.13 3.11
Car 0.00 0 2.81 -1 -1 -1 -1 2.05 2.36 5.09 4.95 2.45 17.40 3.09
Car 0.00 0 2.85 -1 -1 -1 -1 1.86 2.32 4.91 4.85 2.43 19.80 3.09
Car 0.00 0 2.88 -1 -1 -1 -1 1.95 2.36 4.83 4.70 2.44 22.21 3.09
Car 0.00 0 0.21 -1 -1 -1 -1 2.11 2.69 5.28 5.78 2.08 -24.17 -0.02
Car 0.00 0 0.33 -1 -1 -1 -1 2.13 2.19 4.46 5.45 2.15 -18.40 0.04
Car 0.00 0 0.42 -1 -1 -1 -1 2.04 2.32 4.54 5.59 2.14 -15.63 0.08
Car 0.00 0 3.57 -1 -1 -1 -1 1.93 2.23 4.41 5.21 2.16 -10.96 3.12
Car 0.00 0 2.18 -1 -1 -1 -1 2.09 2.36 4.40 12.04 2.69 -16.04 1.54
