Car 0.00 0 -1.24 -1 -1 -1 -1 2.33 2.71 5.38 4.04 2.25 -12.00 -1.56
Car 0.00 0 -1.78 -1 -1 -1 -1 2.07 2.36 4.55 -3.52 1.95 -13.79 -1.53
Car 0.00 0 1.15 -1 -1 -1 -1 2.82 2.92 6.55 -3.43 2.05 -7.95 1.56
Car 0.00 0 -0.40 -1 -1 -1 -1 2.03 2.53 5.44 -3.52 2.26 1.54 -1.56
Car 0.00 0 -1.10 -1 -1 -1 -1 2.55 2.43 4.71 -3.66 2.41 8.28 -1.52
Car 0.00 0 -2.12 -1 -1 -1 -1 2.22 2.48 4.65 3.98 2.63 6.60 -1.57
Car 0.00 0 1.77 -1 -1 -1 -1 2.35 2.49 4.89 -3.50 2.51 14.22 1.53
Car 0.00 0 1.28 -1 -1 -1 -1 2.25 2.59 5.14 4.01 2.71 12.54 1.59
Car 0.00 0 -1.40 -1 -1 -1 -1 2.04 2.28 4.31 -3.53 2.60 19.91 -1.58
Car 0.00 0 -1.43 -1 -1 -1 -1 1.94 2.35 4.72 -3.52 2.76 25.25 -1.57
