Car 0.00 0 -1.49 -1 -1 -1 -1 2.17 2.56 4.80 -1.13 2.23 11.99 -1.58
Car 0.00 0 -1.57 -1 -1 -1 -1 3.06 3.16 7.00 -0.08 2.05 -7.83 -1.56
Car 0.00 0 0.33 -1 -1 -1 -1 2.26 2.53 4.79 4.30 1.97 -13.92 0.03
Car 0.00 0 -2.11 -1 -1 -1 -1 2.41 2.45 4.94 -4.05 2.11 -6.96 -1.58
Car 0.00 0 0.78 -1 -1 -1 -1 2.15 2.41 4.73 4.49 2.10 -4.75 0.02
Car 0.00 0 0.38 -1 -1 -1 -1 2.32 2.44 4.93 4.75 1.98 -11.52 -0.01
Car 0.00 0 -2.65 -1 -1 -1 -1 2.13 2.36 4.60 4.56 2.06 -9.15 -3.11
Car 0.00 0 1.22 -1 -1 -1 -1 2.24 2.26 4.27 5.31 2.13 -2.23 0.04
Car 0.00 0 -1.57 -1 -1 -1 -1 2.21 2.41 4.76 5.63 2.20 0.10 -0.02
Car 0.00 0 -1.18 -1 -1 -1 -1 2.00 2.36 4.28 5.53 2.18 2.61 -0.05
Car 0.00 0 2.32 -1 -1 -1 -1 2.00 2.59 5.17 5.26 2.24 5.07 3.13
Car 0.00 0 -0.66 -1 -1 -1 -1 2.01 2.20 4.23 5.53 2.23 7.21 -0.01
Car 0.00 0 2.58 -1 -1 -1 -1 2.14 2.49 4.90 4.87 2.23 9.47 3.05
Car 0.00 0 2.66 -1 -1 -1 -1 2.01 2.46 5.23 5.00 2.29 11.99 3.05
Car 0.00 0 2.66 -1 -1 -1 -1 2.05 2.34 4.93 5.54 2.32 14.67 3.02
Car 0.00 0 2.82 -1 -1 -1 -1 2.11 2.69 5.28 5.89 2.33 20.43 3.10
Car 0.00 0 -0.29 -1 -1 -1 -1 2.10 2.64 5.17 5.94 2.36 22.95 -0.04
Car 0.00 0 3.10 -1 -1 -1 -1 2.31 2.42 4.95 14.34 2.69 -2.17 1.68
Car 0.00 0 -0.36 -1 -1 -1 -1 1.93 2.31 5.31 6.35 2.32 17.21 -0.00
