Car 0.00 0 -1.52 -1 -1 -1 -1 2.56 2.91 5.85 -0.32 1.96 -11.85 -1.50
Car 0.00 0 2.42 -1 -1 -1 -1 2.14 2.59 5.39 14.32 2.67 -11.54 1.53
Car 0.00 0 2.58 -1 -1 -1 -1 2.15 2.62 5.37 13.69 2.69 -6.51 1.45
Car 0.00 0 2.94 -1 -1 -1 -1 2.52 2.62 5.17 13.59 2.83 -1.78 1.50
Car 0.00 0 0.24 -1 -1 -1 -1 3.22 2.93 6.83 12.87 2.76 5.12 1.43
Car 0.00 0 -2.45 -1 -1 -1 -1 3.01 2.83 5.95 11.81 2.76 12.27 -1.69
Car 0.00 0 -2.23 -1 -1 -1 -1 2.16 2.64 5.67 11.23 2.85 18.66 -1.68
Car 0.00 0 1.11 -1 -1 -1 -1 2.64 2.93 5.94 9.97 2.95 27.18 1.46
Car 0.00 0 -1.70 -1 -1 -1 -1 2.17 2.57 4.94 2.97 2.57 25.79 -1.59
Car 0.00 0 1.97 -1 -1 -1 -1 1.94 2.33 4.61 14.35 2.64 -26.69 1.47
