Car 0.00 0 -0.40 -1 -1 -1 -1 2.08 2.43 4.41 -4.52 2.35 1.53 -1.64
Car 0.00 0 -0.95 -1 -1 -1 -1 2.03 2.35 4.32 -4.39 2.39 6.89 -1.51
Car 0.00 0 -1.21 -1 -1 -1 -1 1.99 2.48 5.17 -4.33 2.40 11.77 -1.56
Car 0.00 0 -1.32 -1 -1 -1 -1 2.09 2.53 4.74 -4.27 2.53 18.06 -1.55
Car 0.00 0 1.15 -1 -1 -1 -1 1.99 2.45 4.48 8.52 1.75 3.95 2.28
Car 0.00 0 1.82 -1 -1 -1 -1 2.12 2.56 4.62 8.71 2.01 13.40 2.40
Car 0.00 0 1.91 -1 -1 -1 -1 2.06 2.52 4.73 8.88 2.04 16.78 2.40
Car 0.00 0 2.05 -1 -1 -1 -1 2.06 2.46 4.73 8.41 2.03 19.56 2.46
Car 0.00 0 -4.13 -1 -1 -1 -1 2.20 2.39 4.75 16.10 1.89 10.02 -3.11
Car 0.00 0 -3.88 -1 -1 -1 -1 2.10 2.35 4.65 16.58 1.98 17.34 -3.12
