Car 0.00 0 -1.49 -1 -1 -1 -1 2.17 2.56 4.80 -0.06 2.42 15.27 -1.49
Car 0.00 0 3.49 -1 -1 -1 -1 3.06 3.16 7.00 5.06 2.06 -8.43 2.95
Car 0.00 0 1.06 -1 -1 -1 -1 2.23 2.58 5.38 4.68 2.18 -2.93 0.04
Car 0.00 0 -1.18 -1 -1 -1 -1 2.05 2.43 5.29 4.92 2.24 2.17 -0.02
Car 0.00 0 1.50 -1 -1 -1 -1 2.21 2.22 4.30 5.16 2.30 -0.33 -0.01
Car 0.00 0 -0.78 -1 -1 -1 -1 2.05 2.31 4.30 5.15 2.31 4.59 0.07
Car 0.00 0 -0.68 -1 -1 -1 -1 1.96 2.34 4.94 5.39 2.26 6.90 -0.01
Car 0.00 0 -0.56 -1 -1 -1 -1 1.98 2.36 4.92 5.48 2.35 9.26 -0.02
Car 0.00 0 -0.52 -1 -1 -1 -1 1.98 2.38 4.83 5.50 2.39 11.82 -0.09
Car 0.00 0 -0.34 -1 -1 -1 -1 2.13 2.37 4.55 5.86 2.46 14.25 0.05
Car 0.00 0 -0.28 -1 -1 -1 -1 2.26 2.53 4.79 5.47 2.52 16.50 0.04
Car 0.00 0 -1.43 -1 -1 -1 -1 2.41 2.45 4.94 -2.53 2.45 23.55 -1.54
Car 0.00 0 -0.15 -1 -1 -1 -1 2.15 2.41 4.73 6.00 2.65 25.47 0.08
