Car 0.00 0 1.46 -1 -1 -1 -1 1.94 2.50 4.66 -4.92 2.04 -26.10 1.65
Car 0.00 0 -1.85 -1 -1 -1 -1 2.25 2.55 5.42 -4.45 2.14 -13.41 -1.52
Car 0.00 0 -1.20 -1 -1 -1 -1 2.01 2.54 5.31 2.99 2.18 -8.78 -1.53
Car 0.00 0 -0.51 -1 -1 -1 -1 2.06 2.55 5.03 -3.80 2.28 2.38 -1.52
Car 0.00 0 -0.90 -1 -1 -1 -1 2.11 2.52 5.05 3.16 2.20 -3.94 -1.58
Car 0.00 0 -1.99 -1 -1 -1 -1 2.00 2.54 4.93 -4.33 2.22 -7.89 -1.49
Car 0.00 0 -3.03 -1 -1 -1 -1 2.05 2.43 4.35 3.31 2.26 0.84 -1.71
Car 0.00 0 -1.03 -1 -1 -1 -1 2.23 2.49 4.50 -3.78 2.38 7.07 -1.52
Car 0.00 0 -2.06 -1 -1 -1 -1 2.02 2.56 5.60 3.31 2.29 6.10 -1.57
Car 0.00 0 -0.83 -1 -1 -1 -1 2.16 2.46 5.23 -1.26 2.34 14.39 -0.91
Car 0.00 0 -1.37 -1 -1 -1 -1 2.33 2.62 5.58 -3.08 2.56 18.84 -1.54
Car 0.00 0 1.32 -1 -1 -1 -1 2.50 2.65 5.07 3.86 2.35 13.54 1.60
Car 0.00 0 -3.60 -1 -1 -1 -1 2.27 2.35 4.84 -10.74 2.54 -18.83 -3.08
Car 0.00 0 -4.34 -1 -1 -1 -1 2.00 2.36 4.40 -9.55 2.26 -2.51 -3.03
Car 0.00 0 3.75 -1 -1 -1 -1 2.20 2.35 5.51 -8.52 2.49 11.68 3.12
Car 0.00 0 3.71 -1 -1 -1 -1 2.09 2.29 4.32 -8.95 2.39 13.93 3.13
Car 0.00 0 -1.71 -1 -1 -1 -1 2.08 2.51 4.72 4.22 2.44 26.97 -1.56
Car 0.00 0 -2.75 -1 -1 -1 -1 2.41 2.47 4.83 -8.41 2.49 24.16 -3.09
Car 0.00 0 -3.37 -1 -1 -1 -1 2.19 2.43 4.62 7.08 2.40 19.91 -3.03
