Car 0.00 0 -1.57 -1 -1 -1 -1 2.03 2.51 5.00 -0.22 1.95 -12.40 -1.56
Car 0.00 0 -2.61 -1 -1 -1 -1 2.17 2.42 4.96 -3.62 2.21 -2.16 -1.58
Car 0.00 0 1.22 -1 -1 -1 -1 2.43 2.79 5.50 3.47 2.27 9.56 1.57
Car 0.00 0 -3.17 -1 -1 -1 -1 2.07 2.41 5.07 -8.62 2.11 -29.71 -2.89
Car 0.00 0 -0.50 -1 -1 -1 -1 2.23 2.57 5.04 -9.68 1.82 -21.26 -0.07
Car 0.00 0 -0.36 -1 -1 -1 -1 1.98 2.51 5.02 3.29 2.18 -1.28 -1.56
Car 0.00 0 0.83 -1 -1 -1 -1 2.22 2.41 4.59 12.33 2.11 8.73 1.79
Car 0.00 0 -2.30 -1 -1 -1 -1 2.02 2.21 4.12 15.44 2.21 8.87 -1.25
Car 0.00 0 -0.82 -1 -1 -1 -1 2.05 2.42 4.23 -3.70 2.27 3.80 -1.59
Car 0.00 0 -1.20 -1 -1 -1 -1 2.12 2.34 4.68 -3.54 2.29 8.83 -1.58
Car 0.00 0 1.82 -1 -1 -1 -1 2.28 2.48 5.39 -3.81 2.35 14.23 1.56
Car 0.00 0 -1.88 -1 -1 -1 -1 2.06 2.34 4.21 3.45 2.28 14.70 -1.65
Car 0.00 0 -1.78 -1 -1 -1 -1 1.94 2.26 4.67 3.25 2.26 19.11 -1.61
Car 0.00 0 -1.74 -1 -1 -1 -1 2.40 2.51 5.13 3.39 2.34 25.22 -1.61
Car 0.00 0 -3.43 -1 -1 -1 -1 2.21 2.39 4.84 -16.09 2.28 -27.47 -2.90
Car 0.00 0 -1.39 -1 -1 -1 -1 2.11 2.42 4.72 -3.90 2.30 24.91 -1.55
Car 0.00 0 0.75 -1 -1 -1 -1 1.96 2.06 3.70 17.96 2.18 8.58 1.87
