Car 0.00 0 1.41 -1 -1 -1 -1 1.94 2.50 4.66 -4.42 2.27 -23.86 1.60
Car 0.00 0 -1.91 -1 -1 -1 -1 2.25 2.55 5.42 -4.23 2.22 -11.17 -1.55
Car 0.00 0 -1.10 -1 -1 -1 -1 2.01 2.54 5.31 3.11 2.21 -6.35 -1.55
Car 0.00 0 -0.83 -1 -1 -1 -1 2.06 2.55 5.03 -3.90 2.28 4.54 -1.54
Car 0.00 0 -0.49 -1 -1 -1 -1 2.11 2.52 5.05 3.19 2.22 -1.59 -1.60
Car 0.00 0 -2.15 -1 -1 -1 -1 2.00 2.54 4.93 -4.23 2.25 -5.69 -1.51
Car 0.00 0 -2.52 -1 -1 -1 -1 2.05 2.43 4.35 3.27 2.21 3.17 -1.72
Car 0.00 0 -1.14 -1 -1 -1 -1 2.23 2.49 4.50 -3.98 2.32 9.33 -1.55
Car 0.00 0 -1.94 -1 -1 -1 -1 2.02 2.56 5.60 3.14 2.25 8.51 -1.59
Car 0.00 0 -1.07 -1 -1 -1 -1 2.16 2.46 5.23 -1.24 2.24 17.91 -1.14
Car 0.00 0 -1.39 -1 -1 -1 -1 2.33 2.62 5.58 -3.52 2.47 20.96 -1.56
Car 0.00 0 1.36 -1 -1 -1 -1 2.50 2.65 5.07 3.53 2.29 16.06 1.57
Car 0.00 0 -3.66 -1 -1 -1 -1 2.27 2.35 4.84 -10.40 2.66 -16.79 -3.10
Car 0.00 0 -4.59 -1 -1 -1 -1 2.00 2.36 4.40 -9.54 2.29 -0.27 -3.05
Car 0.00 0 3.66 -1 -1 -1 -1 2.20 2.35 5.51 -8.80 2.44 13.93 3.10
Car 0.00 0 -1.70 -1 -1 -1 -1 2.08 2.51 4.72 3.62 2.24 29.48 -1.58
Car 0.00 0 -2.78 -1 -1 -1 -1 2.41 2.47 4.83 -8.95 2.37 26.41 -3.11
Car 0.00 0 -3.34 -1 -1 -1 -1 2.19 2.43 4.62 6.63 2.23 22.47 -3.05
