Car 0.00 0 -1.49 -1 -1 -1 -1 2.17 2.56 4.80 -1.38 2.22 12.50 -1.60
Car 0.00 0 -1.59 -1 -1 -1 -1 3.06 3.16 7.00 -0.24 2.06 -8.33 -1.56
Car 0.00 0 0.20 -1 -1 -1 -1 1.98 2.36 4.92 4.45 2.05 -16.32 -0.07
Car 0.00 0 0.26 -1 -1 -1 -1 1.98 2.38 4.83 4.52 1.98 -13.98 -0.05
Car 0.00 0 0.47 -1 -1 -1 -1 2.26 2.53 4.79 4.27 2.11 -9.12 0.03
Car 0.00 0 -2.58 -1 -1 -1 -1 2.41 2.45 4.94 -3.99 2.19 -2.49 -1.57
Car 0.00 0 1.58 -1 -1 -1 -1 2.15 2.41 4.73 4.45 2.11 -0.03 0.02
Car 0.00 0 0.58 -1 -1 -1 -1 2.32 2.44 4.93 4.76 2.04 -6.70 -0.04
Car 0.00 0 -2.30 -1 -1 -1 -1 2.13 2.36 4.60 4.58 2.10 -4.38 -3.11
Car 0.00 0 1.16 -1 -1 -1 -1 1.97 2.22 3.91 5.23 2.16 -2.28 0.00
Car 0.00 0 -1.10 -1 -1 -1 -1 2.24 2.26 4.27 5.23 2.18 2.40 0.04
Car 0.00 0 -0.88 -1 -1 -1 -1 2.21 2.41 4.76 5.55 2.24 4.89 -0.03
Car 0.00 0 -0.72 -1 -1 -1 -1 2.00 2.36 4.28 5.47 2.21 7.48 -0.09
Car 0.00 0 2.56 -1 -1 -1 -1 2.00 2.59 5.17 5.16 2.27 9.99 3.04
Car 0.00 0 -0.56 -1 -1 -1 -1 2.01 2.20 4.23 5.34 2.31 12.06 -0.14
Car 0.00 0 2.65 -1 -1 -1 -1 2.14 2.49 4.90 4.63 2.26 14.30 2.96
Car 0.00 0 0.21 -1 -1 -1 -1 2.05 2.31 4.30 4.42 2.01 -21.06 0.00
Car 0.00 0 0.41 -1 -1 -1 -1 2.13 2.37 4.55 4.79 2.13 -11.50 0.02
Car 0.00 0 0.26 -1 -1 -1 -1 2.31 2.42 4.95 14.34 2.82 2.40 1.67
Car 0.00 0 2.76 -1 -1 -1 -1 2.01 2.46 5.23 4.84 2.21 16.75 3.04
Car 0.00 0 2.74 -1 -1 -1 -1 2.05 2.34 4.93 5.35 2.24 19.43 3.01
Car 0.00 0 2.87 -1 -1 -1 -1 2.11 2.69 5.28 5.64 2.22 25.23 3.09
Car 0.00 0 -0.25 -1 -1 -1 -1 2.10 2.64 5.17 5.67 2.25 27.74 -0.05
Car 0.00 0 -0.28 -1 -1 -1 -1 1.93 2.31 5.31 6.13 2.22 22.10 -0.01
