Car 0.00 0 1.43 -1 -1 -1 -1 1.94 2.50 4.66 -4.50 2.21 -24.39 1.61
Car 0.00 0 -1.89 -1 -1 -1 -1 2.25 2.55 5.42 -4.26 2.20 -11.70 -1.54
Car 0.00 0 -1.13 -1 -1 -1 -1 2.01 2.54 5.31 3.10 2.20 -6.90 -1.55
Car 0.00 0 -0.77 -1 -1 -1 -1 2.06 2.55 5.03 -3.88 2.29 4.04 -1.53
Car 0.00 0 -0.61 -1 -1 -1 -1 2.11 2.52 5.05 3.19 2.22 -2.12 -1.59
Car 0.00 0 -2.11 -1 -1 -1 -1 2.00 2.54 4.93 -4.24 2.25 -6.19 -1.51
Car 0.00 0 -2.61 -1 -1 -1 -1 2.05 2.43 4.35 3.28 2.23 2.65 -1.72
Car 0.00 0 -1.12 -1 -1 -1 -1 2.23 2.49 4.50 -3.94 2.34 8.81 -1.54
Car 0.00 0 -1.96 -1 -1 -1 -1 2.02 2.56 5.60 3.17 2.26 7.96 -1.58
Car 0.00 0 -1.02 -1 -1 -1 -1 2.16 2.46 5.23 -1.20 2.26 17.18 -1.09
Car 0.00 0 -1.39 -1 -1 -1 -1 2.33 2.62 5.58 -3.45 2.52 20.47 -1.55
Car 0.00 0 1.35 -1 -1 -1 -1 2.50 2.65 5.07 3.59 2.30 15.52 1.58
Car 0.00 0 -3.64 -1 -1 -1 -1 2.27 2.35 4.84 -10.45 2.63 -17.28 -3.10
Car 0.00 0 -4.53 -1 -1 -1 -1 2.00 2.36 4.40 -9.54 2.28 -0.79 -3.04
Car 0.00 0 3.68 -1 -1 -1 -1 2.20 2.35 5.51 -8.76 2.45 13.41 3.10
Car 0.00 0 3.65 -1 -1 -1 -1 2.09 2.29 4.32 -9.23 2.34 15.65 3.12
Car 0.00 0 -1.70 -1 -1 -1 -1 2.08 2.51 4.72 3.72 2.29 28.92 -1.57
Car 0.00 0 -2.78 -1 -1 -1 -1 2.41 2.47 4.83 -8.86 2.40 25.89 -3.10
Car 0.00 0 -3.35 -1 -1 -1 -1 2.19 2.43 4.62 6.70 2.27 21.90 -3.05
