Car 0.00 0 1.95 -1 -1 -1 -1 1.97 2.39 5.05 6.45 2.19 -14.05 1.52
Car 0.00 0 2.07 -1 -1 -1 -1 2.14 2.32 4.84 5.79 2.25 -8.38 1.46
Car 0.00 0 2.64 -1 -1 -1 -1 1.99 2.53 5.02 5.40 2.29 -2.80 1.55
Car 0.00 0 2.68 -1 -1 -1 -1 2.05 2.29 4.66 -5.78 1.98 -14.89 3.05
Car 0.00 0 0.42 -1 -1 -1 -1 2.44 2.66 5.25 4.80 2.31 2.70 1.48
Car 0.00 0 1.28 -1 -1 -1 -1 2.29 2.63 5.19 3.09 2.43 16.72 1.47
Car 0.00 0 -1.36 -1 -1 -1 -1 2.33 2.51 5.04 -3.68 2.28 12.58 -1.64
Car 0.00 0 -1.93 -1 -1 -1 -1 2.31 2.63 5.24 1.71 2.46 22.00 -1.85
Car 0.00 0 -0.29 -1 -1 -1 -1 2.22 2.43 4.83 -5.27 2.13 -19.95 -0.04
Car 0.00 0 2.81 -1 -1 -1 -1 1.93 2.46 3.81 -5.97 2.09 -17.72 3.14
