Car 0.00 0 -1.73 -1 -1 -1 -1 2.04 2.37 5.06 -3.01 2.07 -25.20 -1.61
Car 0.00 0 -1.74 -1 -1 -1 -1 3.18 2.60 5.58 -3.08 2.09 -16.90 -1.56
Car 0.00 0 -1.83 -1 -1 -1 -1 2.17 2.47 5.09 -3.17 2.17 -11.40 -1.56
Car 0.00 0 0.86 -1 -1 -1 -1 2.41 2.46 4.62 16.75 2.27 -15.09 0.02
Car 0.00 0 1.10 -1 -1 -1 -1 2.03 2.44 4.76 17.10 2.24 -8.62 -0.01
Car 0.00 0 -1.66 -1 -1 -1 -1 1.98 2.29 4.33 -9.07 2.19 0.93 -3.13
Car 0.00 0 -1.45 -1 -1 -1 -1 2.31 2.62 5.24 -9.87 2.25 -1.53 -0.04
Car 0.00 0 1.99 -1 -1 -1 -1 2.27 2.40 5.01 -3.15 2.23 6.35 1.53
Car 0.00 0 1.84 -1 -1 -1 -1 2.12 2.40 4.84 -3.22 2.32 11.54 1.57
Car 0.00 0 -1.94 -1 -1 -1 -1 1.95 2.42 5.02 4.03 2.38 11.16 -1.60
Car 0.00 0 -1.47 -1 -1 -1 -1 2.07 2.54 5.00 -3.12 2.42 22.35 -1.61
Car 0.00 0 1.09 -1 -1 -1 -1 2.08 2.47 4.75 -3.16 2.21 -6.22 1.56
Car 0.00 0 -1.85 -1 -1 -1 -1 2.13 2.39 4.72 4.06 2.38 16.39 -1.61
Car 0.00 0 -1.89 -1 -1 -1 -1 1.96 2.38 4.36 4.00 2.45 21.33 -1.70
Car 0.00 0 -1.44 -1 -1 -1 -1 2.32 2.52 4.74 -3.15 2.47 27.33 -1.56
Car 0.00 0 -2.57 -1 -1 -1 -1 2.00 2.26 4.21 -8.64 2.34 17.51 -3.03
