Car 0.00 0 -1.46 -1 -1 -1 -1 2.12 2.46 4.70 -1.03 1.78 -18.33 -1.41
Car 0.00 0 0.08 -1 -1 -1 -1 2.62 2.87 6.02 21.01 2.26 -5.13 -1.25
Car 0.00 0 0.03 -1 -1 -1 -1 2.55 2.59 5.80 -22.09 2.06 6.42 -1.26
Car 0.00 0 0.08 -1 -1 -1 -1 2.09 2.19 4.37 17.64 2.37 -4.44 -1.25
Car 0.00 0 1.87 -1 -1 -1 -1 2.09 2.52 5.10 -14.65 2.20 0.40 0.32
Car 0.00 0 0.85 -1 -1 -1 -1 1.97 2.48 4.99 -15.90 2.71 25.82 0.30
Car 0.00 0 1.53 -1 -1 -1 -1 2.20 2.56 5.07 14.03 3.66 29.16 1.97
Car 0.00 0 -1.52 -1 -1 -1 -1 2.62 3.03 5.71 -2.49 1.36 -27.61 -1.43
Car 0.00 0 1.40 -1 -1 -1 -1 2.17 2.55 4.65 17.86 3.57 28.02 1.97
Car 0.00 0 -1.86 -1 -1 -1 -1 2.08 2.51 4.54 22.26 3.55 26.59 -1.16
