Car 0.00 0 -1.78 -1 -1 -1 -1 2.42 2.83 5.58 3.79 2.30 17.65 -1.56
Car 0.00 0 0.96 -1 -1 -1 -1 2.30 2.89 6.16 8.25 2.36 12.03 1.56
Car 0.00 0 -1.61 -1 -1 -1 -1 2.56 2.91 5.85 -0.79 2.05 -11.58 -1.54
Car 0.00 0 2.42 -1 -1 -1 -1 2.14 2.59 5.39 13.98 2.69 -11.73 1.55
Car 0.00 0 2.60 -1 -1 -1 -1 2.15 2.62 5.37 13.38 2.67 -6.63 1.49
Car 0.00 0 2.95 -1 -1 -1 -1 2.52 2.62 5.17 13.41 2.71 -2.11 1.53
Car 0.00 0 0.26 -1 -1 -1 -1 3.22 2.93 6.83 13.07 2.66 4.86 1.48
Car 0.00 0 -2.44 -1 -1 -1 -1 3.01 2.83 5.95 12.36 2.70 12.25 -1.65
Car 0.00 0 1.01 -1 -1 -1 -1 1.98 2.18 4.21 27.44 3.20 -17.37 0.01
Car 0.00 0 1.97 -1 -1 -1 -1 1.94 2.33 4.61 13.27 2.65 -27.04 1.51
Car 0.00 0 1.28 -1 -1 -1 -1 2.41 2.68 5.95 7.60 2.44 26.91 1.56
Car 0.00 0 1.13 -1 -1 -1 -1 2.64 2.93 5.94 10.98 2.75 27.34 1.51
Car 0.00 0 -1.59 -1 -1 -1 -1 3.37 3.50 8.83 -2.67 1.84 -21.20 -1.47
