Car 0.00 0 -1.49 -1 -1 -1 -1 2.17 2.56 4.80 -1.54 2.21 13.94 -1.60
Car 0.00 0 -1.61 -1 -1 -1 -1 3.06 3.16 7.00 -0.20 2.08 -8.38 -1.58
Car 0.00 0 0.21 -1 -1 -1 -1 2.05 2.43 5.29 4.56 2.09 -16.18 -0.06
Car 0.00 0 0.31 -1 -1 -1 -1 2.05 2.31 4.30 4.70 2.14 -13.74 -0.02
Car 0.00 0 0.34 -1 -1 -1 -1 1.96 2.34 4.94 4.81 2.12 -11.45 -0.06
Car 0.00 0 0.41 -1 -1 -1 -1 1.98 2.36 4.92 4.68 2.15 -9.06 -0.07
Car 0.00 0 0.55 -1 -1 -1 -1 1.98 2.38 4.83 4.65 2.13 -6.69 -0.05
Car 0.00 0 0.87 -1 -1 -1 -1 2.13 2.37 4.55 4.90 2.15 -4.13 -0.00
Car 0.00 0 1.15 -1 -1 -1 -1 2.26 2.53 4.79 4.27 2.18 -1.88 -0.00
Car 0.00 0 -0.93 -1 -1 -1 -1 2.41 2.45 4.94 -4.03 2.21 4.84 -1.62
Car 0.00 0 -0.53 -1 -1 -1 -1 2.15 2.41 4.73 4.31 2.22 7.14 0.02
Car 0.00 0 -1.52 -1 -1 -1 -1 2.32 2.44 4.93 4.75 2.24 0.45 -0.04
Car 0.00 0 2.08 -1 -1 -1 -1 2.13 2.36 4.60 4.53 2.13 2.86 3.09
Car 0.00 0 -0.80 -1 -1 -1 -1 1.97 2.22 3.91 5.14 2.20 4.98 0.00
Car 0.00 0 -0.45 -1 -1 -1 -1 2.24 2.26 4.27 4.96 2.27 9.78 0.02
Car 0.00 0 -0.46 -1 -1 -1 -1 2.21 2.41 4.76 5.34 2.34 12.21 -0.04
Car 0.00 0 -0.44 -1 -1 -1 -1 2.00 2.36 4.28 5.19 2.26 14.75 -0.10
Car 0.00 0 2.73 -1 -1 -1 -1 2.00 2.59 5.17 4.81 2.27 17.30 3.00
Car 0.00 0 -0.42 -1 -1 -1 -1 2.01 2.20 4.23 5.08 2.31 19.32 -0.16
Car 0.00 0 2.74 -1 -1 -1 -1 2.14 2.49 4.90 4.34 2.24 21.54 2.94
Car 0.00 0 0.79 -1 -1 -1 -1 2.31 2.42 4.95 14.41 2.99 12.32 1.65
