Car 0.00 0 -1.83 -1 -1 -1 -1 2.16 2.39 4.54 -3.26 2.24 -11.03 -1.54
Car 0.00 0 -2.03 -1 -1 -1 -1 2.41 2.40 4.80 -3.29 2.23 -6.35 -1.55
Car 0.00 0 -3.01 -1 -1 -1 -1 2.02 2.40 4.86 -3.16 2.18 -0.42 -1.57
Car 0.00 0 -1.03 -1 -1 -1 -1 1.99 2.38 4.38 -3.37 2.08 6.15 -1.53
Car 0.00 0 1.89 -1 -1 -1 -1 2.18 2.53 5.23 -3.22 2.14 10.88 1.61
Car 0.00 0 -1.38 -1 -1 -1 -1 2.33 2.34 4.81 -2.99 2.14 16.93 -1.56
Car 0.00 0 -2.45 -1 -1 -1 -1 2.18 2.58 5.16 3.84 2.25 3.24 -1.58
Car 0.00 0 1.23 -1 -1 -1 -1 2.25 2.64 5.36 4.04 2.30 10.78 1.58
Car 0.00 0 -1.81 -1 -1 -1 -1 2.11 2.49 4.87 3.99 2.26 18.76 -1.60
Car 0.00 0 -1.72 -1 -1 -1 -1 2.67 2.58 5.45 4.13 2.26 24.75 -1.56
Car 0.00 0 1.33 -1 -1 -1 -1 2.20 2.50 4.79 -2.71 2.24 -22.93 1.45
Car 0.00 0 -1.77 -1 -1 -1 -1 2.28 2.48 4.67 -3.12 2.30 -17.11 -1.59
