Car 0.00 0 -0.93 -1 -1 -1 -1 2.17 2.56 4.80 5.59 2.36 6.41 -0.22
Car 0.00 0 -1.45 -1 -1 -1 -1 3.06 3.16 7.00 2.08 2.11 -6.23 -1.78
Car 0.00 0 3.81 -1 -1 -1 -1 2.11 2.69 5.28 7.70 2.18 -7.48 3.01
Car 0.00 0 0.78 -1 -1 -1 -1 2.10 2.64 5.17 7.28 2.21 -4.96 -0.19
Car 0.00 0 0.52 -1 -1 -1 -1 1.93 2.31 5.31 8.71 2.17 -10.42 -0.18
Car 0.00 0 1.05 -1 -1 -1 -1 2.08 2.43 5.13 6.94 2.27 -2.26 -0.21
Car 0.00 0 0.15 -1 -1 -1 -1 2.16 2.44 4.69 -8.10 2.74 22.43 -0.19
Car 0.00 0 3.51 -1 -1 -1 -1 2.05 2.34 4.93 8.48 2.13 -12.97 2.93
Car 0.00 0 3.38 -1 -1 -1 -1 2.14 2.49 4.90 8.90 2.14 -18.35 2.93
Car 0.00 0 0.24 -1 -1 -1 -1 2.28 2.36 4.75 -7.63 2.42 25.45 -0.05
Car 0.00 0 0.92 -1 -1 -1 -1 2.02 2.25 4.71 13.41 3.66 24.74 1.42
