Car 0.00 0 -1.92 -1 -1 -1 -1 2.12 2.77 5.28 0.01 1.85 -13.06 -1.92
Car 0.00 0 -1.64 -1 -1 -1 -1 2.48 2.48 4.91 -2.25 2.22 24.08 -1.73
Car 0.00 0 1.09 -1 -1 -1 -1 2.16 2.58 5.17 14.79 1.91 -16.81 0.36
Car 0.00 0 1.08 -1 -1 -1 -1 2.26 2.51 4.98 -7.43 2.38 6.38 0.22
Car 0.00 0 1.99 -1 -1 -1 -1 2.02 2.48 4.65 4.72 2.14 -5.96 1.32
Car 0.00 0 -1.76 -1 -1 -1 -1 2.01 2.39 4.85 -8.17 2.33 3.94 -2.88
Car 0.00 0 1.81 -1 -1 -1 -1 2.54 2.69 5.27 -9.10 2.24 1.49 0.41
Car 0.00 0 -2.50 -1 -1 -1 -1 2.11 2.53 5.09 7.27 1.72 -20.71 -2.84
Car 0.00 0 0.92 -1 -1 -1 -1 2.02 2.56 5.31 2.84 2.21 4.40 1.50
Car 0.00 0 1.34 -1 -1 -1 -1 2.09 2.52 4.96 1.15 2.43 21.86 1.39
Car 0.00 0 0.61 -1 -1 -1 -1 2.14 2.52 5.02 -7.40 2.48 9.34 -0.06
Car 0.00 0 -0.65 -1 -1 -1 -1 2.01 2.39 4.85 -11.39 2.11 -3.44 0.63
Car 0.00 0 -0.47 -1 -1 -1 -1 1.85 2.39 4.82 -13.14 2.08 -5.24 0.72
Car 0.00 0 3.65 -1 -1 -1 -1 2.69 2.87 5.23 -7.78 2.52 11.94 3.07
