Car 0.00 0 -0.60 -1 -1 -1 -1 2.55 2.59 5.80 -12.96 2.14 -18.46 0.01
Car 0.00 0 0.97 -1 -1 -1 -1 2.11 2.30 4.72 21.26 2.99 -11.89 -0.09
Car 0.00 0 -1.44 -1 -1 -1 -1 2.34 2.49 4.70 21.82 3.08 2.93 -0.00
Car 0.00 0 1.05 -1 -1 -1 -1 2.01 2.20 4.31 -13.17 2.40 7.94 0.02
Car 0.00 0 4.31 -1 -1 -1 -1 2.13 2.67 4.98 22.23 3.16 -9.00 3.12
Car 0.00 0 1.95 -1 -1 -1 -1 2.04 2.40 4.88 22.29 3.36 10.39 3.08
Car 0.00 0 2.08 -1 -1 -1 -1 1.98 2.43 4.96 22.19 3.33 13.09 3.11
Car 0.00 0 -4.03 -1 -1 -1 -1 1.97 2.31 4.47 22.65 3.35 17.21 -3.11
Car 0.00 0 -4.42 -1 -1 -1 -1 2.34 2.52 4.93 -13.02 2.20 -3.11 -3.08
Car 0.00 0 0.82 -1 -1 -1 -1 2.20 2.56 5.02 20.89 2.94 -27.44 0.17
Car 0.00 0 -2.81 -1 -1 -1 -1 2.17 2.41 5.25 -16.39 2.22 -6.18 -1.60
