Car 0.00 0 1.76 -1 -1 -1 -1 2.50 2.65 5.07 3.56 2.04 -21.14 1.59
Car 0.00 0 -1.77 -1 -1 -1 -1 2.33 2.62 5.58 -3.69 2.09 -16.48 -1.55
Car 0.00 0 -1.15 -1 -1 -1 -1 2.08 2.51 4.72 3.55 2.14 -7.71 -1.58
Car 0.00 0 -2.47 -1 -1 -1 -1 2.54 2.83 5.61 -3.54 2.15 -2.81 -1.57
Car 0.00 0 -0.61 -1 -1 -1 -1 2.03 2.51 5.10 3.53 2.22 -2.52 -1.56
Car 0.00 0 -2.50 -1 -1 -1 -1 2.20 2.51 5.04 3.49 2.26 2.89 -1.62
Car 0.00 0 1.08 -1 -1 -1 -1 2.03 2.39 4.90 3.56 2.29 7.92 1.50
Car 0.00 0 -1.82 -1 -1 -1 -1 1.99 2.33 4.53 3.82 2.29 15.17 -1.57
Car 0.00 0 1.76 -1 -1 -1 -1 2.14 2.59 5.12 -3.40 2.33 14.26 1.52
Car 0.00 0 -2.16 -1 -1 -1 -1 1.92 2.43 4.84 -13.03 2.26 9.15 -3.12
Car 0.00 0 4.25 -1 -1 -1 -1 2.39 2.61 5.11 -12.51 2.28 6.27 3.14
Car 0.00 0 -1.65 -1 -1 -1 -1 2.16 2.46 5.23 -3.75 2.16 -23.31 -1.49
Car 0.00 0 2.71 -1 -1 -1 -1 2.09 2.29 4.32 -9.30 2.28 -21.53 3.12
Car 0.00 0 -2.67 -1 -1 -1 -1 2.19 2.43 4.62 6.55 2.19 -14.87 -3.08
Car 0.00 0 -3.44 -1 -1 -1 -1 2.20 2.35 5.51 -8.68 2.45 -23.64 -3.09
Car 0.00 0 2.08 -1 -1 -1 -1 2.00 2.43 4.80 -15.16 2.32 15.14 1.29
Car 0.00 0 -0.53 -1 -1 -1 -1 2.06 2.47 4.42 -3.43 2.17 2.15 -1.54
