Car 0.00 0 -1.45 -1 -1 -1 -1 1.97 2.50 4.65 2.41 2.11 -21.80 -1.56
Car 0.00 0 -1.42 -1 -1 -1 -1 2.00 2.43 4.96 2.38 2.11 -14.23 -1.59
Car 0.00 0 -0.11 -1 -1 -1 -1 2.36 2.62 5.46 2.41 2.23 -0.25 -1.58
Car 0.00 0 -1.29 -1 -1 -1 -1 2.12 2.41 4.70 -2.37 2.23 9.53 -1.53
Car 0.00 0 -1.57 -1 -1 -1 -1 2.16 2.47 4.85 -0.26 2.03 -19.57 -1.55
Car 0.00 0 -2.04 -1 -1 -1 -1 2.10 2.25 4.18 2.51 2.31 5.05 -1.58
Car 0.00 0 -1.73 -1 -1 -1 -1 1.99 2.26 4.46 2.46 2.44 14.89 -1.57
Car 0.00 0 -1.45 -1 -1 -1 -1 1.90 2.35 4.94 -2.42 2.37 19.92 -1.57
Car 0.00 0 -2.38 -1 -1 -1 -1 1.90 2.43 4.69 -2.46 2.17 -2.38 -1.58
Car 0.00 0 -1.45 -1 -1 -1 -1 2.02 2.25 4.14 -2.52 2.50 29.29 -1.53
