Car 0.00 0 -1.30 -1 -1 -1 -1 2.33 2.56 5.14 4.15 2.14 -16.11 -1.55
Car 0.00 0 -0.99 -1 -1 -1 -1 2.62 2.74 5.80 3.77 2.21 -5.52 -1.59
Car 0.00 0 -1.85 -1 -1 -1 -1 2.01 2.47 5.22 -3.29 2.12 -10.83 -1.55
Car 0.00 0 -2.13 -1 -1 -1 -1 2.05 2.44 5.08 -3.26 2.16 -5.23 -1.57
Car 0.00 0 -1.20 -1 -1 -1 -1 1.98 2.44 4.97 -3.39 2.31 8.88 -1.56
Car 0.00 0 1.80 -1 -1 -1 -1 1.94 2.50 4.66 -3.35 2.34 14.09 1.57
Car 0.00 0 -1.41 -1 -1 -1 -1 2.25 2.55 5.42 -3.61 2.55 27.06 -1.54
Car 0.00 0 -0.95 -1 -1 -1 -1 2.00 2.52 4.76 16.78 2.44 11.68 0.01
Car 0.00 0 -1.27 -1 -1 -1 -1 2.41 2.52 5.13 16.77 2.38 5.19 -0.00
Car 0.00 0 -2.71 -1 -1 -1 -1 2.27 2.35 4.84 -9.60 2.63 21.29 -3.13
Car 0.00 0 1.46 -1 -1 -1 -1 2.29 2.56 5.41 -3.08 1.98 -27.10 1.58
Car 0.00 0 -1.43 -1 -1 -1 -1 2.05 2.38 4.67 4.00 2.13 -22.20 -1.61
Car 0.00 0 -1.75 -1 -1 -1 -1 2.26 2.41 4.90 -3.19 2.14 -16.38 -1.56
Car 0.00 0 -1.05 -1 -1 -1 -1 2.04 2.34 4.78 22.05 2.49 11.57 0.04
Car 0.00 0 -1.14 -1 -1 -1 -1 1.95 2.34 4.55 27.37 2.44 11.28 0.04
Car 0.00 0 0.48 -1 -1 -1 -1 2.01 2.29 4.51 -9.75 2.05 18.73 -0.00
