Car 0.00 0 1.82 -1 -1 -1 -1 2.08 2.61 4.73 4.54 2.21 -18.51 1.58
Car 0.00 0 1.96 -1 -1 -1 -1 2.02 2.30 5.02 4.53 2.30 -12.61 1.62
Car 0.00 0 1.39 -1 -1 -1 -1 2.16 2.53 5.34 -3.60 1.87 -22.68 1.55
Car 0.00 0 2.28 -1 -1 -1 -1 2.03 2.64 5.38 4.74 2.30 -5.63 1.58
Car 0.00 0 -3.10 -1 -1 -1 -1 2.36 2.56 5.14 4.61 2.36 0.33 -1.60
Car 0.00 0 -2.22 -1 -1 -1 -1 1.89 2.56 5.17 4.38 2.41 6.21 -1.60
Car 0.00 0 1.26 -1 -1 -1 -1 2.16 2.72 5.07 4.53 2.45 12.20 1.62
Car 0.00 0 1.37 -1 -1 -1 -1 2.26 2.65 5.26 4.86 2.58 18.45 1.63
Car 0.00 0 2.22 -1 -1 -1 -1 2.18 2.43 5.22 -3.44 2.25 4.34 1.55
Car 0.00 0 1.91 -1 -1 -1 -1 2.11 2.45 4.72 -3.54 2.18 9.25 1.54
Car 0.00 0 -1.34 -1 -1 -1 -1 2.29 2.41 4.98 -3.57 2.28 14.60 -1.58
Car 0.00 0 1.44 -1 -1 -1 -1 2.18 2.49 4.80 -3.59 2.19 -28.54 1.57
Car 0.00 0 1.81 -1 -1 -1 -1 2.02 2.48 5.04 4.52 2.33 -23.94 1.62
Car 0.00 0 1.75 -1 -1 -1 -1 1.97 2.57 5.08 -3.71 2.33 21.98 1.58
Car 0.00 0 1.64 -1 -1 -1 -1 2.37 2.59 4.65 -3.54 2.38 27.84 1.51
Car 0.00 0 0.33 -1 -1 -1 -1 2.04 2.61 5.13 -3.65 2.14 -1.14 1.60
