Car 0.00 0 1.37 -1 -1 -1 -1 2.18 2.49 4.80 -3.68 1.94 -18.37 1.57
Car 0.00 0 1.73 -1 -1 -1 -1 2.07 2.50 4.61 4.41 1.84 -26.14 1.57
Car 0.00 0 1.81 -1 -1 -1 -1 2.25 2.58 5.27 4.41 2.03 -19.56 1.59
Car 0.00 0 1.94 -1 -1 -1 -1 2.02 2.48 5.04 4.47 2.21 -13.74 1.62
Car 0.00 0 2.05 -1 -1 -1 -1 2.08 2.61 4.73 4.42 2.24 -8.49 1.57
Car 0.00 0 2.67 -1 -1 -1 -1 2.02 2.30 5.02 4.44 2.31 -2.54 1.62
Car 0.00 0 1.27 -1 -1 -1 -1 2.16 2.53 5.34 -3.61 2.00 -12.65 1.55
Car 0.00 0 0.74 -1 -1 -1 -1 2.03 2.64 5.38 4.62 2.44 4.16 1.57
Car 0.00 0 -2.02 -1 -1 -1 -1 2.36 2.56 5.14 4.52 2.56 10.44 -1.61
Car 0.00 0 1.38 -1 -1 -1 -1 2.12 2.40 4.88 -3.52 1.81 -24.04 1.53
Car 0.00 0 -0.76 -1 -1 -1 -1 2.04 2.61 5.13 -3.72 2.37 9.05 -1.15
Car 0.00 0 -1.87 -1 -1 -1 -1 1.89 2.56 5.17 4.36 2.59 16.21 -1.60
Car 0.00 0 1.42 -1 -1 -1 -1 2.16 2.72 5.07 4.49 2.66 22.21 1.62
Car 0.00 0 1.79 -1 -1 -1 -1 2.18 2.43 5.22 -3.47 2.40 14.30 1.55
Car 0.00 0 1.73 -1 -1 -1 -1 2.11 2.45 4.72 -3.56 2.56 19.29 1.54
Car 0.00 0 -1.44 -1 -1 -1 -1 2.29 2.41 4.98 -3.59 2.63 24.71 -1.58
